0 314 11 13621 26573 866 0.18520164489746094
0 312 13 16792 26573 866 0.24410176277160645
0 314 11 18895 26573 866 0.14530491828918457
0 316 9 14261 26573 866 0.13296818733215332
0 318 7 16527 26573 866 0.13747882843017578
0 316 9 17291 26573 866 0.1330423355102539
0 318 7 14215 26573 866 0.13625359535217285
0 317 8 20284 26573 866 0.12200474739074707
0 315 10 16613 26573 866 0.1404731273651123
0 316 9 16039 26573 866 0.12320375442504883
0 320 5 13115 18638 866 0.17499017715454102
0 318 7 13581 18638 866 0.14580154418945312
0 320 5 13229 18638 866 0.15214204788208008
0 319 6 15283 18638 866 0.1459348201751709
0 315 10 13815 18638 866 0.1231081485748291
0 320 5 14667 18638 866 0.14246129989624023
0 318 7 11320 18638 866 0.1932673454284668
0 317 8 12506 18638 866 0.13309884071350098
0 319 6 13416 18638 866 0.1431279182434082
0 316 9 14783 18638 866 0.15647315979003906
0 318 7 16897 24430 866 0.24138498306274414
0 318 7 19740 24430 866 0.23454737663269043
0 314 11 16584 24430 866 0.13067150115966797
0 317 8 17188 24430 866 0.1302943229675293
0 314 11 16213 24430 866 0.12537360191345215
0 318 7 18737 24430 866 0.12773656845092773
0 316 9 16362 24430 866 0.1326615810394287
0 314 11 12676 24430 866 0.12967896461486816
0 315 10 9710 24430 866 0.12911128997802734
0 317 8 18706 24430 866 0.1362311840057373
0 316 9 18967 26137 866 0.1308293342590332
0 314 11 15050 26137 866 0.12984085083007812
0 316 9 10334 26137 866 0.11980223655700684
0 314 11 15606 26137 866 0.12236166000366211
0 317 8 17735 26137 866 0.13705110549926758
0 315 10 13930 26137 866 0.1455087661743164
0 321 4 19070 26137 866 0.14126849174499512
0 316 9 12684 26137 866 0.12571096420288086
0 318 7 13027 26137 866 0.12910938262939453
0 314 11 11908 26137 866 0.12584662437438965
0 318 7 17707 24689 866 0.22492218017578125
0 312 13 15139 24689 866 0.13541889190673828
0 316 9 18701 24689 866 0.12692809104919434
0 313 12 18396 24689 866 0.1233370304107666
0 315 10 16288 24689 866 0.15701699256896973
0 316 9 15438 24689 866 0.12638211250305176
0 316 9 18143 24689 866 0.12279582023620605
0 318 7 14759 24689 866 0.15547990798950195
0 317 8 17364 24689 866 0.12379026412963867
0 320 5 18952 24689 866 0.12937402725219727
0 319 6 17135 24016 866 0.1281883716583252
0 314 11 13373 24016 866 0.12413191795349121
0 315 10 13493 24016 866 0.12564563751220703
0 314 11 10971 24016 866 0.12528061866760254
0 320 5 17288 24016 866 0.12458276748657227
0 318 7 14862 24016 866 0.12289571762084961
0 318 7 16518 24016 866 0.13043928146362305
0 314 11 12408 24016 866 0.12078332901000977
0 319 6 12150 24016 866 0.1243124008178711
0 316 9 10385 24016 866 0.12072539329528809
0 315 10 18528 26123 866 0.12415742874145508
0 315 10 14906 26123 866 0.12834644317626953
0 318 7 14645 26123 866 0.12825965881347656
0 316 9 13349 26123 866 0.12371540069580078
0 315 10 14668 26123 866 0.12866854667663574
0 313 12 15069 26123 866 0.12801122665405273
0 322 3 22112 26123 866 0.12479138374328613
0 316 9 14471 26123 866 0.12149930000305176
0 315 10 17859 26123 866 0.1313924789428711
0 318 7 16783 26123 866 0.11975979804992676
0 317 8 14098 25071 866 0.12990808486938477
0 316 9 10968 25071 866 0.12264060974121094
0 318 7 19524 25071 866 0.12893438339233398
0 318 7 14396 25071 866 0.12530040740966797
0 314 11 14972 25071 866 0.12240433692932129
0 314 11 13869 25071 866 0.12445759773254395
0 318 7 15069 25071 866 0.12835311889648438
0 316 9 8820 25071 866 0.1232609748840332
0 319 6 19194 25071 866 0.12696075439453125
0 320 5 18181 25071 866 0.12684321403503418
0 318 7 11692 21278 866 0.12543177604675293
0 320 5 17242 21278 866 0.1262359619140625
0 322 3 17626 21278 866 0.12334012985229492
0 314 11 10236 21278 866 0.12814092636108398
0 315 10 12080 21278 866 0.15993237495422363
0 314 11 9744 21278 866 0.14691448211669922
0 319 6 13147 21278 866 0.13936805725097656
0 316 9 16409 21278 866 0.1453416347503662
0 315 10 12003 21278 866 0.25283336639404297
0 318 7 13138 21278 866 0.13788557052612305
0 315 10 14682 22180 866 0.1911303997039795
0 320 5 17167 22180 866 0.1886591911315918
0 317 8 11180 22180 866 0.13824820518493652
0 318 7 12756 22180 866 0.21029114723205566
0 314 11 12097 22180 866 0.14145946502685547
0 315 10 14432 22180 866 0.22143888473510742
0 318 7 14973 22180 866 0.1584935188293457
0 319 6 16225 22180 866 0.13284754753112793
0 321 4 12333 22180 866 0.1255478858947754
0 320 5 14946 22180 866 0.12369155883789062
0 313 12 14937 25800 866 0.16943621635437012
0 310 15 14822 25800 866 0.1300673484802246
0 313 12 14265 25800 866 0.14117765426635742
0 317 8 17282 25800 866 0.12259721755981445
0 317 8 15943 25800 866 0.15631389617919922
0 318 7 16614 25800 866 0.1340484619140625
0 313 12 11240 25800 866 0.12556171417236328
0 314 11 17734 25800 866 0.13257050514221191
0 313 12 14709 25800 866 0.12953972816467285
0 316 9 15269 25800 866 0.21459054946899414
0 318 7 12551 20466 866 0.12810420989990234
0 316 9 11448 20466 866 0.12480664253234863
0 315 10 12235 20466 866 0.12537837028503418
0 315 10 15085 20466 866 0.14740467071533203
0 318 7 12369 20466 866 0.12433290481567383
0 317 8 10754 20466 866 0.12634778022766113
0 316 9 13086 20466 866 0.1429595947265625
0 320 5 16317 20466 866 0.12551546096801758
0 315 10 15636 20466 866 0.1297924518585205
0 315 10 12288 20466 866 0.13180780410766602
0 321 4 21039 31523 866 0.1222541332244873
0 315 10 24181 31523 866 0.16695380210876465
0 318 7 18347 31523 866 0.12724018096923828
0 313 12 15037 31523 866 0.13895964622497559
0 313 12 18016 31523 866 0.12613463401794434
0 313 12 18632 31523 866 0.12277889251708984
0 314 11 16893 31523 866 0.12176990509033203
0 320 5 23564 31523 866 0.13170337677001953
0 320 5 22052 31523 866 0.12351846694946289
0 321 4 19358 31523 866 0.12569379806518555
0 315 10 19653 28700 866 0.12420082092285156
0 317 8 20453 28700 866 0.12531709671020508
0 316 9 17668 28700 866 0.12610793113708496
0 315 10 20547 28700 866 0.12505483627319336
0 319 6 22727 28700 866 0.12752604484558105
0 314 11 15723 28700 866 0.1289196014404297
0 314 11 16151 28700 866 0.12740111351013184
0 312 13 17605 28700 866 0.12647128105163574
0 317 8 17530 28700 866 0.1255505084991455
0 313 12 16648 28700 866 0.12893056869506836
0 316 9 17297 24729 866 0.12562012672424316
0 314 11 13890 24729 866 0.1277163028717041
0 314 11 17373 24729 866 0.14880681037902832
0 312 13 15129 24729 866 0.1699681282043457
0 315 10 15539 24729 866 0.12355732917785645
0 316 9 14908 24729 866 0.1410505771636963
0 316 9 18526 24729 866 0.12771940231323242
0 319 6 21181 24729 866 0.12622499465942383
0 315 10 17306 24729 866 0.12754225730895996
0 315 10 19527 24729 866 0.12266659736633301
0 315 10 17544 22975 866 0.1329517364501953
0 315 10 16782 22975 866 0.13204240798950195
0 315 10 15015 22975 866 0.12262701988220215
0 314 11 15413 22975 866 0.1271512508392334
0 317 8 16243 22975 866 0.1252453327178955
0 316 9 16794 22975 866 0.13314247131347656
0 319 6 16614 22975 866 0.14348673820495605
0 318 7 17481 22975 866 0.14053726196289062
0 314 11 10959 22975 866 0.1271073818206787
0 320 5 19551 22975 866 0.1302034854888916
0 316 9 6886 20396 866 0.1269679069519043
0 314 11 15509 20396 866 0.14135122299194336
0 315 10 12970 20396 866 0.14360690116882324
0 317 8 11558 20396 866 0.14221549034118652
0 314 11 11245 20396 866 0.14969253540039062
0 315 10 14907 20396 866 0.1308743953704834
0 316 9 11647 20396 866 0.13334178924560547
0 321 4 13279 20396 866 0.13556814193725586
0 321 4 13549 20396 866 0.13629150390625
0 313 12 13252 20396 866 0.124267578125
0 322 3 22454 28737 866 0.12584471702575684
0 310 15 16269 28737 866 0.12824487686157227
0 319 6 15836 28737 866 0.12430572509765625
0 316 9 16314 28737 866 0.12230229377746582
0 312 13 19115 28737 866 0.1346604824066162
0 318 7 20563 28737 866 0.12054252624511719
0 320 5 21712 28737 866 0.12105250358581543
0 320 5 17536 28737 866 0.12433028221130371
0 318 7 21209 28737 866 0.11952042579650879
0 318 7 18422 28737 866 0.1211550235748291
0 319 6 11832 19184 866 0.12868666648864746
0 315 10 10151 19184 866 0.1190500259399414
0 312 13 13784 19184 866 0.12705779075622559
0 316 9 11889 19184 866 0.12697243690490723
0 316 9 8635 19184 866 0.12578344345092773
0 316 9 12843 19184 866 0.2001650333404541
0 319 6 14977 19184 866 0.13614106178283691
0 313 12 14897 19184 866 0.13646721839904785
0 321 4 13718 19184 866 0.12752151489257812
0 319 6 10063 19184 866 0.1495039463043213
0 316 9 15200 20380 866 0.12635540962219238
0 319 6 14803 20380 866 0.1427323818206787
0 316 9 9554 20380 866 0.13469290733337402
0 311 14 13081 20380 866 0.2833371162414551
0 319 6 12785 20380 866 0.22746562957763672
0 317 8 13208 20380 866 0.23705744743347168
0 317 8 11902 20380 866 0.12201714515686035
0 318 7 13390 20380 866 0.12956714630126953
0 318 7 13460 20380 866 0.12452268600463867
0 322 3 15674 20380 866 0.12115812301635742
0 315 10 16368 25348 866 0.12803912162780762
0 316 9 15968 25348 866 0.13785648345947266
0 319 6 13998 25348 866 0.12269902229309082
0 320 5 15998 25348 866 0.12900090217590332
0 320 5 18323 25348 866 0.12567877769470215
0 317 8 16412 25348 866 0.12283730506896973
0 319 6 15990 25348 866 0.12281513214111328
0 318 7 17795 25348 866 0.130601167678833
0 312 13 14184 25348 866 0.12145161628723145
0 318 7 16587 25348 866 0.12123417854309082
0 320 5 12300 16731 866 0.131117582321167
0 315 10 11479 16731 866 0.1256260871887207
0 316 9 9726 16731 866 0.12524056434631348
0 320 5 13814 16731 866 0.13050580024719238
0 318 7 8695 16731 866 0.12285447120666504
0 311 14 9707 16731 866 0.11994504928588867
0 322 3 13258 16731 866 0.12475085258483887
0 320 5 12229 16731 866 0.12407207489013672
0 319 6 12636 16731 866 0.12386083602905273
0 318 7 10986 16731 866 0.1639096736907959
0 320 5 20651 26931 866 0.13469457626342773
0 316 9 14457 26931 866 0.12535548210144043
0 317 8 19046 26931 866 0.17945170402526855
0 317 8 16821 26931 866 0.1360013484954834
0 317 8 18583 26931 866 0.12772035598754883
0 319 6 14560 26931 866 0.13110733032226562
0 317 8 19830 26931 866 0.21116304397583008
0 318 7 17501 26931 866 0.1338634490966797
0 320 5 14322 26931 866 0.1342778205871582
0 317 8 14412 26931 866 0.1391921043395996
0 314 11 13875 22741 866 0.14785265922546387
0 317 8 14009 22741 866 0.12661457061767578
0 320 5 12530 22741 866 0.13187384605407715
0 317 8 14073 22741 866 0.12927460670471191
0 316 9 17301 22741 866 0.26372361183166504
0 319 6 12325 22741 866 0.14351606369018555
0 317 8 11455 22741 866 0.1874556541442871
0 318 7 12796 22741 866 0.13190150260925293
0 318 7 13208 22741 866 0.19654369354248047
0 314 11 10507 22741 866 0.1606743335723877
0 320 5 15073 26208 866 0.22197389602661133
0 321 4 10023 26208 866 0.13887691497802734
0 316 9 16102 26208 866 0.13684558868408203
0 318 7 12835 26208 866 0.12281394004821777
0 316 9 16979 26208 866 0.15200495719909668
0 310 15 10730 26208 866 0.1297130584716797
0 314 11 10516 26208 866 0.12125110626220703
0 316 9 15210 26208 866 0.1264960765838623
0 315 10 14927 26208 866 0.13008904457092285
0 319 6 16224 26208 866 0.12404227256774902
0 319 6 15362 25279 866 0.12589597702026367
0 316 9 13607 25279 866 0.12697815895080566
0 316 9 16715 25279 866 0.12441158294677734
0 317 8 12287 25279 866 0.12453079223632812
0 319 6 16033 25279 866 0.13051295280456543
0 314 11 17761 25279 866 0.13481593132019043
0 316 9 11572 25279 866 0.12759685516357422
0 316 9 17392 25279 866 0.13790154457092285
0 316 9 14838 25279 866 0.12414669990539551
0 320 5 22576 25279 866 0.1270897388458252
0 322 3 14811 20455 866 0.1258847713470459
0 322 3 17427 20455 866 0.11952376365661621
0 319 6 13524 20455 866 0.12412214279174805
0 319 6 15702 20455 866 0.13958024978637695
0 317 8 12203 20455 866 0.12226653099060059
0 315 10 12456 20455 866 0.23612499237060547
0 317 8 15040 20455 866 0.2623629570007324
0 316 9 11902 20455 866 0.21445512771606445
0 317 8 15002 20455 866 0.11940264701843262
0 320 5 13906 20455 866 0.1241145133972168
0 318 7 11263 20186 866 0.1407623291015625
0 316 9 13259 20186 866 0.13015365600585938
0 316 9 11025 20186 866 0.12453269958496094
0 318 7 11882 20186 866 0.12990570068359375
0 317 8 13602 20186 866 0.12178754806518555
0 317 8 10153 20186 866 0.12228012084960938
0 317 8 15559 20186 866 0.13112235069274902
0 317 8 12713 20186 866 0.1226494312286377
0 315 10 16005 20186 866 0.12562131881713867
0 318 7 16122 20186 866 0.12516546249389648
0 318 7 11548 27711 866 0.14677953720092773
0 315 10 14096 27711 866 0.12602686882019043
0 320 5 14980 27711 866 0.13155603408813477
0 317 8 15521 27711 866 0.16463255882263184
0 317 8 18397 27711 866 0.13321948051452637
0 314 11 15262 27711 866 0.13920807838439941
0 317 8 21356 27711 866 0.12026619911193848
0 317 8 19318 27711 866 0.12716245651245117
0 312 13 15241 27711 866 0.14070582389831543
0 316 9 20865 27711 866 0.12051510810852051
0 319 6 17621 27933 866 0.12961530685424805
0 320 5 17289 27933 866 0.13851380348205566
0 312 13 15275 27933 866 0.12128734588623047
0 312 13 17171 27933 866 0.1320040225982666
0 316 9 17621 27933 866 0.12564992904663086
0 318 7 19863 27933 866 0.12587285041809082
0 320 5 19192 27933 866 0.13741040229797363
0 320 5 14826 27933 866 0.1337137222290039
0 312 13 16499 27933 866 0.12221884727478027
0 318 7 17623 27933 866 0.12362289428710938
0 319 6 13814 27370 866 0.14746642112731934
0 317 8 17620 27370 866 0.12229299545288086
0 317 8 18664 27370 866 0.12422418594360352
0 319 6 18147 27370 866 0.1291191577911377
0 315 10 14932 27370 866 0.1214911937713623
0 314 11 12691 27370 866 0.1265866756439209
0 317 8 17136 27370 866 0.13837981224060059
0 314 11 13926 27370 866 0.12164115905761719
0 315 10 20765 27370 866 0.12750506401062012
0 316 9 19414 27370 866 0.13127803802490234
0 311 14 15103 25801 866 0.12404417991638184
0 315 10 16666 25801 866 0.12091469764709473
0 314 11 14367 25801 866 0.1302499771118164
0 313 12 15271 25801 866 0.12131977081298828
0 313 12 14603 25801 866 0.1234900951385498
0 316 9 9380 25801 866 0.13431835174560547
0 313 12 10566 25801 866 0.12188315391540527
0 316 9 18132 25801 866 0.12427711486816406
0 311 14 18582 25801 866 0.12489032745361328
0 317 8 12692 25801 866 0.1260535717010498
0 319 6 22240 25506 866 0.12534189224243164
0 318 7 17409 25506 866 0.126755952835083
0 314 11 16067 25506 866 0.166029691696167
0 318 7 15566 25506 866 0.1300053596496582
0 314 11 14053 25506 866 0.21877455711364746
0 314 11 12680 25506 866 0.12582802772521973
0 317 8 11814 25506 866 0.13506245613098145
0 316 9 14699 25506 866 0.2155756950378418
0 319 6 19766 25506 866 0.22449779510498047
0 315 10 17487 25506 866 0.2048630714416504
0 314 11 8992 24453 866 0.22218656539916992
0 310 15 11911 24453 866 0.12745380401611328
0 313 12 14373 24453 866 0.1271352767944336
0 318 7 11455 24453 866 0.1277790069580078
0 318 7 14143 24453 866 0.12189030647277832
0 314 11 16174 24453 866 0.13527679443359375
0 314 11 14600 24453 866 0.12801909446716309
0 310 15 14379 24453 866 0.11964869499206543
0 317 8 15263 24453 866 0.12270259857177734
0 315 10 11683 24453 866 0.12894034385681152
0 317 8 13723 24296 866 0.12256574630737305
0 318 7 12191 24296 866 0.13803720474243164
0 318 7 19320 24296 866 0.14395475387573242
0 311 14 13547 24296 866 0.14579534530639648
0 313 12 10898 24296 866 0.20610380172729492
0 315 10 13926 24296 866 0.16023826599121094
0 314 11 10112 24296 866 0.178757905960083
0 315 10 12873 24296 866 0.14189815521240234
0 316 9 13470 24296 866 0.13732314109802246
0 318 7 12130 24296 866 0.1889646053314209
0 317 8 15491 25576 866 0.15573978424072266
0 318 7 16278 25576 866 0.13319087028503418
0 316 9 16163 25576 866 0.1408390998840332
0 316 9 13479 25576 866 0.1441025733947754
0 315 10 18524 25576 866 0.15238451957702637
0 315 10 14824 25576 866 0.15610671043395996
0 318 7 12808 25576 866 0.12622833251953125
0 314 11 11901 25576 866 0.15565061569213867
0 320 5 17293 25576 866 0.1316213607788086
0 315 10 13137 25576 866 0.21161770820617676
0 316 9 12880 24792 866 0.13321328163146973
0 315 10 14213 24792 866 0.1376185417175293
0 318 7 13304 24792 866 0.17155075073242188
0 312 13 15293 24792 866 0.13680696487426758
0 319 6 13423 24792 866 0.14192533493041992
0 316 9 17841 24792 866 0.1418323516845703
0 321 4 20085 24792 866 0.1669139862060547
0 319 6 14987 24792 866 0.22448062896728516
0 318 7 16853 24792 866 0.14493131637573242
0 317 8 14892 24792 866 0.17186403274536133
0 317 8 17625 24777 866 0.16376972198486328
0 319 6 18906 24777 866 0.13765454292297363
0 314 11 17190 24777 866 0.1323990821838379
0 317 8 19822 24777 866 0.13062095642089844
0 316 9 15023 24777 866 0.14711785316467285
0 319 6 19773 24777 866 0.14251041412353516
0 319 6 22012 24777 866 0.13497090339660645
0 318 7 17564 24777 866 0.14260363578796387
0 313 12 18437 24777 866 0.18418526649475098
0 317 8 21864 24777 866 0.288754940032959
0 312 13 16668 23558 866 0.33481907844543457
0 317 8 11626 23558 866 0.2569146156311035
0 316 9 15325 23558 866 0.25218987464904785
0 316 9 15324 23558 866 0.15161609649658203
0 315 10 17007 23558 866 0.12900424003601074
0 310 15 11962 23558 866 0.14805006980895996
0 315 10 15667 23558 866 0.13051939010620117
0 313 12 17006 23558 866 0.14138054847717285
0 318 7 7924 23558 866 0.22263789176940918
0 314 11 12133 23558 866 0.2130277156829834
0 314 11 14712 24209 866 0.12908077239990234
0 318 7 17430 24209 866 0.13133502006530762
0 317 8 15290 24209 866 0.1222372055053711
0 320 5 14097 24209 866 0.12931394577026367
0 317 8 19061 24209 866 0.13011980056762695
0 316 9 15881 24209 866 0.12500286102294922
0 312 13 11850 24209 866 0.12823081016540527
0 317 8 16933 24209 866 0.20039939880371094
0 319 6 11777 24209 866 0.13282489776611328
0 312 13 11690 24209 866 0.12701153755187988
0 317 8 18184 25239 866 0.13410067558288574
0 315 10 12807 25239 866 0.12822771072387695
0 315 10 13480 25239 866 0.13271284103393555
0 314 11 17851 25239 866 0.13432908058166504
0 318 7 18857 25239 866 0.13188505172729492
0 315 10 13471 25239 866 0.12472772598266602
0 317 8 15493 25239 866 0.13325738906860352
0 317 8 12134 25239 866 0.13157057762145996
0 318 7 15149 25239 866 0.12308621406555176
0 313 12 14494 25239 866 0.1279139518737793
0 319 6 16554 20031 866 0.13798832893371582
0 319 6 12949 20031 866 0.12103033065795898
0 317 8 13091 20031 866 0.13401222229003906
0 314 11 8551 20031 866 0.12744832038879395
0 318 7 12262 20031 866 0.1235964298248291
0 315 10 13796 20031 866 0.12874150276184082
0 318 7 16336 20031 866 0.12938332557678223
0 316 9 11157 20031 866 0.12929582595825195
0 317 8 14001 20031 866 0.12677741050720215
0 317 8 15049 20031 866 0.12909531593322754
0 315 10 15559 23576 866 0.12673473358154297
0 316 9 15391 23576 866 0.12564635276794434
0 314 11 11886 23576 866 0.12771248817443848
0 317 8 12286 23576 866 0.13457059860229492
0 315 10 15557 23576 866 0.1338672637939453
0 318 7 12456 23576 866 0.13016533851623535
0 315 10 13866 23576 866 0.12438130378723145
0 317 8 13795 23576 866 0.12908554077148438
0 318 7 16707 23576 866 0.1273491382598877
0 319 6 14905 23576 866 0.12170696258544922
0 316 9 12026 22467 866 0.12729215621948242
0 321 4 18632 22467 866 0.1259000301361084
0 319 6 13183 22467 866 0.13645267486572266
0 318 7 17095 22467 866 0.12688970565795898
0 315 10 10569 22467 866 0.13026165962219238
0 314 11 15077 22467 866 0.12784075736999512
0 315 10 14521 22467 866 0.1313183307647705
0 314 11 12944 22467 866 0.13491177558898926
0 315 10 12399 22467 866 0.12612152099609375
0 318 7 15916 22467 866 0.12723803520202637
0 312 13 12803 27932 866 0.12682890892028809
0 313 12 14371 27932 866 0.13135194778442383
0 314 11 18856 27932 866 0.1256716251373291
0 319 6 16509 27932 866 0.1258702278137207
0 313 12 19864 27932 866 0.13602948188781738
0 314 11 16840 27932 866 0.1255970001220703
0 321 4 14150 27932 866 0.13120126724243164
0 315 10 15388 27932 866 0.1359405517578125
0 318 7 19418 27932 866 0.12524700164794922
0 317 8 15494 27932 866 0.13175368309020996
0 318 7 16863 24488 866 0.13293242454528809
0 317 8 15443 24488 866 0.13008332252502441
0 322 3 20786 24488 866 0.12782788276672363
0 315 10 17182 24488 866 0.13483333587646484
0 317 8 17445 24488 866 0.12496185302734375
0 316 9 16777 24488 866 0.12509751319885254
0 315 10 16470 24488 866 0.12527823448181152
0 313 12 12142 24488 866 0.1297297477722168
0 320 5 17298 24488 866 0.126389741897583
0 318 7 16738 24488 866 0.12659430503845215
0 316 9 20206 26586 866 0.12693119049072266
0 322 3 23564 26586 866 0.12391424179077148
0 315 10 18969 26586 866 0.13320016860961914
0 320 5 15498 26586 866 0.12475109100341797
0 316 9 13475 26586 866 0.12848997116088867
0 316 9 15840 26586 866 0.12437105178833008
0 317 8 15050 26586 866 0.12398815155029297
0 316 9 17515 26586 866 0.12755370140075684
0 315 10 16173 26586 866 0.12547039985656738
0 316 9 15492 26586 866 0.129075288772583
0 319 6 15716 22234 866 0.1342935562133789
0 313 12 14097 22234 866 0.12983965873718262
0 318 7 17917 22234 866 0.1237177848815918
0 316 9 11642 22234 866 0.12926578521728516
0 316 9 12143 22234 866 0.12552261352539062
0 317 8 10793 22234 866 0.13399791717529297
0 320 5 10860 22234 866 0.1258559226989746
0 319 6 16821 22234 866 0.1648108959197998
0 318 7 11729 22234 866 0.13120675086975098
0 318 7 11844 22234 866 0.2206261157989502
0 318 7 18889 25119 866 0.21135711669921875
0 318 7 16760 25119 866 0.1279444694519043
0 318 7 18019 25119 866 0.19975686073303223
0 319 6 17767 25119 866 0.13523197174072266
0 318 7 15771 25119 866 0.14432430267333984
0 317 8 18969 25119 866 0.22793221473693848
0 312 13 14269 25119 866 0.2020127773284912
0 314 11 14770 25119 866 0.12856817245483398
0 316 9 10553 25119 866 0.12423324584960938
0 317 8 18933 25119 866 0.13068246841430664
0 316 9 13080 21131 866 0.12873530387878418
0 313 12 16059 21131 866 0.12266921997070312
0 315 10 11659 21131 866 0.1315760612487793
0 315 10 11802 21131 866 0.1638631820678711
0 320 5 14701 21131 866 0.12363982200622559
0 316 9 11624 21131 866 0.13319778442382812
0 322 3 12008 21131 866 0.15494894981384277
0 316 9 19071 21131 866 0.13008809089660645
0 315 10 14275 21131 866 0.13168764114379883
0 315 10 14140 21131 866 0.15736794471740723
0 317 8 9888 25800 866 0.13016676902770996
0 320 5 15607 25800 866 0.1227264404296875
0 318 7 13023 25800 866 0.12362122535705566
0 312 13 15945 25800 866 0.13184881210327148
0 318 7 10560 25800 866 0.16788125038146973
0 317 8 15610 25800 866 0.12282896041870117
0 313 12 10899 25800 866 0.12968087196350098
0 319 6 16279 25800 866 0.12741470336914062
0 320 5 14933 25800 866 0.12146806716918945
0 314 11 13922 25800 866 0.12707948684692383
0 313 12 12032 22534 866 0.14247822761535645
0 315 10 16599 22534 866 0.12900805473327637
0 317 8 15991 22534 866 0.1336369514465332
0 317 8 16607 22534 866 0.12949776649475098
0 315 10 14787 22534 866 0.12351655960083008
0 317 8 9815 22534 866 0.1272127628326416
0 315 10 10318 22534 866 0.12120532989501953
0 315 10 14137 22534 866 0.13428544998168945
0 318 7 13469 22534 866 0.12397241592407227
0 316 9 13248 22534 866 0.13367676734924316
0 315 10 17405 22436 866 0.1364593505859375
0 317 8 17403 22436 866 0.12714242935180664
0 315 10 14035 22436 866 0.13096952438354492
0 317 8 16392 22436 866 0.12900805473327637
0 315 10 14824 22436 866 0.13260555267333984
0 313 12 12354 22436 866 0.12801337242126465
0 316 9 13142 22436 866 0.12697458267211914
0 315 10 11789 22436 866 0.12235736846923828
0 317 8 15718 22436 866 0.12645840644836426
0 319 6 17516 22436 866 0.13118410110473633
0 320 5 20623 28282 866 0.15387487411499023
0 317 8 17934 28282 866 0.12221431732177734
0 318 7 18534 28282 866 0.134246826171875
0 319 6 21034 28282 866 0.1278841495513916
0 317 8 16210 28282 866 0.12503647804260254
0 316 9 13089 28282 866 0.13513684272766113
0 316 9 13586 28282 866 0.14125442504882812
0 319 6 14697 28282 866 0.13393712043762207
0 316 9 16489 28282 866 0.12495732307434082
0 319 6 17002 28282 866 0.12772130966186523
0 319 6 19524 29228 866 0.12494349479675293
0 321 4 21136 29228 866 0.1797482967376709
0 317 8 14603 29228 866 0.12919950485229492
0 318 7 21219 29228 866 0.1286449432373047
0 320 5 19661 29228 866 0.12353920936584473
0 317 8 18014 29228 866 0.13044285774230957
0 318 7 21037 29228 866 0.13453412055969238
0 321 4 16567 29228 866 0.12254762649536133
0 321 4 18921 29228 866 0.13215351104736328
0 317 8 14170 29228 866 0.13410425186157227
0 316 9 19300 26883 866 0.12773871421813965
0 316 9 15831 26883 866 0.1261579990386963
0 317 8 16763 26883 866 0.12924599647521973
0 320 5 22338 26883 866 0.1235666275024414
0 318 7 15042 26883 866 0.12788033485412598
0 318 7 17771 26883 866 0.13309025764465332
0 315 10 14330 26883 866 0.12864208221435547
0 314 11 11790 26883 866 0.12705588340759277
0 316 9 16686 26883 866 0.136216402053833
0 317 8 14628 26883 866 0.1254892349243164
0 315 10 11608 24256 866 0.125777006149292
0 318 7 9495 24256 866 0.13508105278015137
0 317 8 15712 24256 866 0.12424945831298828
0 323 2 14857 24256 866 0.1279737949371338
0 316 9 17852 24256 866 0.13007473945617676
0 318 7 14849 24256 866 0.12101054191589355
0 317 8 12702 24256 866 0.12948966026306152
0 317 8 11987 24256 866 0.1262350082397461
0 312 13 16843 24256 866 0.12565016746520996
0 317 8 16709 24256 866 0.12175798416137695
0 317 8 14344 23820 866 0.13732171058654785
0 319 6 11891 23820 866 0.12793660163879395
0 317 8 14852 23820 866 0.12570524215698242
0 316 9 18125 23820 866 0.13136506080627441
0 317 8 14230 23820 866 0.14922451972961426
0 317 8 16918 23820 866 0.1989591121673584
0 315 10 13497 23820 866 0.21116209030151367
0 315 10 16558 23820 866 0.2111377716064453
0 312 13 14464 23820 866 0.20695090293884277
0 317 8 9997 23820 866 0.1390368938446045
0 313 12 8362 25574 866 0.22201800346374512
0 316 9 13144 25574 866 0.12551283836364746
0 317 8 19595 25574 866 0.19504570960998535
0 317 8 18580 25574 866 0.13316583633422852
0 317 8 14283 25574 866 0.1879565715789795
0 315 10 12473 25574 866 0.12379693984985352
0 316 9 15699 25574 866 0.12734222412109375
0 313 12 14420 25574 866 0.13148188591003418
0 319 6 17176 25574 866 0.12244081497192383
0 318 7 12871 25574 866 0.13218402862548828
0 317 8 19319 24654 866 0.12903904914855957
0 318 7 20111 24654 866 0.130645751953125
0 314 11 15344 24654 866 0.12923645973205566
0 320 5 17226 24654 866 0.1321394443511963
0 319 6 18320 24654 866 0.13183975219726562
0 318 7 17378 24654 866 0.14699506759643555
0 320 5 16074 24654 866 0.12554287910461426
0 321 4 17609 24654 866 0.13971686363220215
0 318 7 18452 24654 866 0.17325067520141602
0 316 9 14934 24654 866 0.2683446407318115
0 319 6 14817 19979 866 0.2958180904388428
0 320 5 13766 19979 866 0.12943267822265625
0 312 13 10740 19979 866 0.13084936141967773
0 316 9 15223 19979 866 0.13068485260009766
0 316 9 10568 19979 866 0.1282353401184082
0 318 7 14985 19979 866 0.12846636772155762
0 317 8 8644 19979 866 0.12990355491638184
0 316 9 13207 19979 866 0.13293123245239258
0 317 8 13826 19979 866 0.1192469596862793
0 316 9 13060 19979 866 0.1272134780883789
0 317 8 11061 21340 866 0.13040614128112793
0 315 10 12314 21340 866 0.12809419631958008
0 318 7 10948 21340 866 0.12463164329528809
0 318 7 13150 21340 866 0.13129067420959473
0 316 9 12823 21340 866 0.12628674507141113
0 319 6 12950 21340 866 0.13279223442077637
0 316 9 14836 21340 866 0.13263702392578125
0 319 6 12658 21340 866 0.13302135467529297
0 316 9 14755 21340 866 0.12540745735168457
0 313 12 12985 21340 866 0.12864398956298828
0 320 5 18425 25075 866 0.1310431957244873
0 320 5 14693 25075 866 0.12598252296447754
0 320 5 12592 25075 866 0.12882280349731445
0 317 8 19392 25075 866 0.12221813201904297
0 321 4 15112 25075 866 0.13147759437561035
0 317 8 20509 25075 866 0.12807941436767578
0 317 8 13633 25075 866 0.129197359085083
0 316 9 15031 25075 866 0.12671184539794922
0 318 7 16791 25075 866 0.12787175178527832
0 317 8 15168 25075 866 0.12172126770019531
0 313 12 12919 22213 866 0.13447809219360352
0 316 9 17399 22213 866 0.12882113456726074
0 316 9 13248 22213 866 0.12179827690124512
0 320 5 15155 22213 866 0.13324332237243652
0 320 5 20317 22213 866 0.12905240058898926
0 316 9 13808 22213 866 0.12937450408935547
0 319 6 11120 22213 866 0.13458728790283203
0 316 9 12131 22213 866 0.12986421585083008
0 318 7 11122 22213 866 0.12548518180847168
0 316 9 15267 22213 866 0.1343550682067871
0 318 7 17191 26054 866 0.12697243690490723
0 318 7 17474 26054 866 0.12360620498657227
0 315 10 17619 26054 866 0.12914538383483887
0 318 7 14940 26054 866 0.12524890899658203
0 318 7 18183 26054 866 0.1212456226348877
0 318 7 17089 26054 866 0.12993097305297852
0 318 7 16507 26054 866 0.13278555870056152
0 317 8 14443 26054 866 0.12664127349853516
0 318 7 19350 26054 866 0.13097643852233887
0 315 10 15504 26054 866 0.12276625633239746
0 315 10 10835 18635 866 0.13152265548706055
0 315 10 13353 18635 866 0.12902235984802246
0 315 10 12730 18635 866 0.12323117256164551
0 317 8 13195 18635 866 0.12267398834228516
0 316 9 12206 18635 866 0.12969040870666504
0 318 7 10261 18635 866 0.12810564041137695
0 317 8 15195 18635 866 0.12288117408752441
0 314 11 13341 18635 866 0.13953351974487305
0 315 10 13773 18635 866 0.12954401969909668
0 319 6 14995 18635 866 0.12361001968383789
0 316 9 18173 20922 866 0.13199567794799805
0 317 8 17071 20922 866 0.13264822959899902
0 318 7 15663 20922 866 0.12973618507385254
0 315 10 17623 20922 866 0.13033604621887207
0 318 7 11632 20922 866 0.12781429290771484
0 318 7 14134 20922 866 0.13015389442443848
0 316 9 17350 20922 866 0.12493276596069336
0 320 5 15267 20922 866 0.1919865608215332
0 318 7 17380 20922 866 0.12414360046386719
0 314 11 14134 20922 866 0.12852191925048828
0 317 8 18606 27023 866 0.1676802635192871
0 320 5 17201 27023 866 0.19042038917541504
0 319 6 16924 27023 866 0.1489098072052002
0 316 9 17130 27023 866 0.22117185592651367
0 318 7 16165 27023 866 0.12617778778076172
0 313 12 19867 27023 866 0.2227334976196289
0 319 6 16070 27023 866 0.1336991786956787
0 316 9 13026 27023 866 0.20137882232666016
0 321 4 21675 27023 866 0.20179343223571777
0 317 8 23869 27023 866 0.2171802520751953
0 315 10 14735 23695 866 0.13193202018737793
0 316 9 10214 23695 866 0.12843108177185059
0 319 6 15952 23695 866 0.1358475685119629
0 319 6 16891 23695 866 0.12294411659240723
0 319 6 14999 23695 866 0.13610243797302246
0 320 5 17701 23695 866 0.12811803817749023
0 316 9 13120 23695 866 0.12728023529052734
0 319 6 13481 23695 866 0.13177990913391113
0 313 12 15068 23695 866 0.123046875
0 317 8 13360 23695 866 0.12214779853820801
0 317 8 11741 18100 866 0.17241430282592773
0 320 5 11407 18100 866 0.18370437622070312
0 316 9 9712 18100 866 0.15369653701782227
0 314 11 7741 18100 866 0.12573647499084473
0 317 8 8409 18100 866 0.13080215454101562
0 316 9 10729 18100 866 0.1263411045074463
0 317 8 16535 18100 866 0.12798523902893066
0 318 7 14734 18100 866 0.13261795043945312
0 320 5 12181 18100 866 0.12240481376647949
0 319 6 11430 18100 866 0.13154888153076172
0 318 7 12778 18370 866 0.13530826568603516
0 319 6 14600 18370 866 0.12651538848876953
0 319 6 14541 18370 866 0.1234138011932373
0 320 5 14353 18370 866 0.18495631217956543
0 315 10 13586 18370 866 0.12421345710754395
0 314 11 10412 18370 866 0.1280992031097412
0 317 8 13367 18370 866 0.12607789039611816
0 318 7 11467 18370 866 0.13491392135620117
0 318 7 12267 18370 866 0.13103556632995605
0 316 9 11125 18370 866 0.12888240814208984
0 315 10 9409 18796 866 0.1301717758178711
0 318 7 11656 18796 866 0.1313331127166748
0 315 10 10784 18796 866 0.12154078483581543
0 314 11 10542 18796 866 0.13530683517456055
0 318 7 10875 18796 866 0.13490796089172363
0 315 10 10319 18796 866 0.1200401782989502
0 316 9 10948 18796 866 0.12947535514831543
0 317 8 11976 18796 866 0.14548683166503906
0 315 10 11023 18796 866 0.1243903636932373
0 317 8 10595 18796 866 0.1238250732421875
0 312 13 13624 25980 866 0.139634370803833
0 315 10 16353 25980 866 0.12602567672729492
0 318 7 14398 25980 866 0.12220287322998047
0 314 11 14728 25980 866 0.13095927238464355
0 316 9 17721 25980 866 0.1252293586730957
0 314 11 15669 25980 866 0.13808202743530273
0 317 8 15039 25980 866 0.19748520851135254
0 319 6 18117 25980 866 0.12805390357971191
0 316 9 13768 25980 866 0.14603567123413086
0 319 6 19943 25980 866 0.12622332572937012
0 318 7 14527 21436 866 0.1288609504699707
0 317 8 15232 21436 866 0.13022732734680176
0 318 7 12197 21436 866 0.12697386741638184
0 312 13 11720 21436 866 0.13139081001281738
0 318 7 9850 21436 866 0.12907719612121582
0 314 11 11297 21436 866 0.12848734855651855
0 319 6 12367 21436 866 0.12635326385498047
0 317 8 12619 21436 866 0.24463653564453125
0 317 8 15287 21436 866 0.24405956268310547
0 318 7 13362 21436 866 0.24168896675109863
0 319 6 19775 26749 866 0.1362779140472412
0 318 7 17214 26749 866 0.12669086456298828
0 317 8 17102 26749 866 0.13259363174438477
0 319 6 20860 26749 866 0.1338346004486084
0 321 4 20491 26749 866 0.13141655921936035
0 320 5 22221 26749 866 0.12309789657592773
0 320 5 21544 26749 866 0.12935256958007812
0 317 8 20832 26749 866 0.13007831573486328
0 315 10 20215 26749 866 0.1223440170288086
0 321 4 21821 26749 866 0.1336658000946045
0 316 9 17239 25743 866 0.13252615928649902
0 317 8 17988 25743 866 0.12534141540527344
0 318 7 17426 25743 866 0.13055920600891113
0 320 5 23578 25743 866 0.13387775421142578
0 313 12 14418 25743 866 0.12070894241333008
0 317 8 21579 25743 866 0.12718915939331055
0 315 10 17746 25743 866 0.13163280487060547
0 318 7 17562 25743 866 0.1264340877532959
0 312 13 13158 25743 866 0.1310288906097412
0 313 12 13877 25743 866 0.12524151802062988
0 314 11 14444 21714 866 0.12875699996948242
0 316 9 10285 21714 866 0.12639665603637695
0 313 12 11282 21714 866 0.13922572135925293
0 315 10 13214 21714 866 0.12778067588806152
0 316 9 11307 21714 866 0.12760448455810547
0 319 6 13964 21714 866 0.13187813758850098
0 318 7 13850 21714 866 0.1215367317199707
0 315 10 10412 21714 866 0.12869000434875488
0 315 10 12226 21714 866 0.12697196006774902
0 316 9 12426 21714 866 0.12468385696411133
0 320 5 17654 23053 866 0.12639284133911133
0 319 6 11152 23053 866 0.1288459300994873
0 316 9 14567 23053 866 0.1214454174041748
0 318 7 13246 23053 866 0.12552666664123535
0 315 10 13599 23053 866 0.1287703514099121
0 318 7 15311 23053 866 0.128556489944458
0 314 11 15415 23053 866 0.12740635871887207
0 317 8 13493 23053 866 0.13132834434509277
0 318 7 10582 23053 866 0.12592768669128418
0 318 7 12179 23053 866 0.12545108795166016
0 315 10 15796 23544 866 0.13226985931396484
0 317 8 15268 23544 866 0.125258207321167
0 319 6 16055 23544 866 0.14537787437438965
0 318 7 15788 23544 866 0.13025617599487305
0 317 8 15983 23544 866 0.13053512573242188
0 315 10 16720 23544 866 0.12281942367553711
0 321 4 15157 23544 866 0.12865018844604492
0 316 9 15802 23544 866 0.13205909729003906
0 317 8 15801 23544 866 0.22050189971923828
0 320 5 17341 23544 866 0.12461996078491211
0 315 10 10943 21536 866 0.1275920867919922
0 318 7 11391 21536 866 0.12484478950500488
0 317 8 13208 21536 866 0.12747430801391602
0 311 14 8016 21536 866 0.12410092353820801
0 317 8 11411 21536 866 0.1263883113861084
0 315 10 9775 21536 866 0.13651132583618164
0 317 8 10486 21536 866 0.12228608131408691
0 316 9 12045 21536 866 0.12363886833190918
0 314 11 10674 21536 866 0.12611174583435059
0 313 12 10780 21536 866 0.12575268745422363
0 313 12 16401 22393 866 0.12627005577087402
0 318 7 13338 22393 866 0.12220287322998047
0 320 5 16028 22393 866 0.12185978889465332
0 313 12 14585 22393 866 0.11656379699707031
0 312 13 15997 22393 866 0.12903332710266113
0 317 8 17083 22393 866 0.12490701675415039
0 315 10 15851 22393 866 0.12608623504638672
0 318 7 13348 22393 866 0.1240243911743164
0 319 6 21617 22393 866 0.12681221961975098
0 313 12 14311 22393 866 0.12944865226745605
0 319 6 13364 23566 866 0.1285252571105957
0 316 9 12156 23566 866 0.12535643577575684
0 318 7 16558 23566 866 0.12651467323303223
0 318 7 11251 23566 866 0.12446427345275879
0 318 7 14555 23566 866 0.12760138511657715
0 320 5 16238 23566 866 0.13058924674987793
0 315 10 14627 23566 866 0.12777185440063477
0 321 4 15073 23566 866 0.12134957313537598
0 321 4 17516 23566 866 0.12576627731323242
0 321 4 19052 23566 866 0.12737774848937988
0 313 12 11742 26957 866 0.12378168106079102
0 315 10 18566 26957 866 0.1254105567932129
0 316 9 12142 26957 866 0.12546157836914062
0 317 8 19463 26957 866 0.12518739700317383
0 314 11 14334 26957 866 0.12976622581481934
0 315 10 11927 26957 866 0.13326287269592285
0 313 12 16250 26957 866 0.1275043487548828
0 314 11 14461 26957 866 0.12013912200927734
0 314 11 15775 26957 866 0.12470054626464844
0 317 8 11502 26957 866 0.1255931854248047
0 316 9 12844 21480 866 0.2095496654510498
0 314 11 10035 21480 866 0.12701106071472168
0 317 8 14433 21480 866 0.12697744369506836
0 315 10 10238 21480 866 0.12892842292785645
0 317 8 15720 21480 866 0.1232752799987793
0 314 11 13151 21480 866 0.13551735877990723
0 314 11 10845 21480 866 0.12119293212890625
0 321 4 16935 21480 866 0.13170957565307617
0 320 5 14300 21480 866 0.13102960586547852
0 317 8 12312 21480 866 0.12682437896728516
0 320 5 24068 27949 866 0.12668800354003906
0 320 5 14020 27949 866 0.12389683723449707
0 316 9 20645 27949 866 0.12803268432617188
0 312 13 12709 27949 866 0.12365174293518066
0 314 11 16881 27949 866 0.12301802635192871
0 316 9 19103 27949 866 0.1289994716644287
0 313 12 14810 27949 866 0.12848901748657227
0 316 9 15533 27949 866 0.12227344512939453
0 315 10 17445 27949 866 0.13171982765197754
0 317 8 15006 27949 866 0.12641310691833496
0 321 4 21535 26644 866 0.1315627098083496
0 319 6 18964 26644 866 0.12033915519714355
0 319 6 18565 26644 866 0.12275886535644531
0 317 8 19458 26644 866 0.12450313568115234
0 319 6 17466 26644 866 0.11794877052307129
0 316 9 19528 26644 866 0.12568402290344238
0 318 7 18023 26644 866 0.12134599685668945
0 318 7 21329 26644 866 0.12319636344909668
0 319 6 20875 26644 866 0.13524341583251953
0 316 9 16624 26644 866 0.12326931953430176
0 318 7 19807 22468 866 0.12228608131408691
0 315 10 17050 22468 866 0.13706517219543457
0 316 9 18075 22468 866 0.12314319610595703
0 316 9 17069 22468 866 0.12082886695861816
0 316 9 18464 22468 866 0.13599443435668945
0 315 10 15090 22468 866 0.12227344512939453
0 319 6 18652 22468 866 0.12493896484375
0 315 10 17782 22468 866 0.12177300453186035
0 316 9 20015 22468 866 0.12389659881591797
0 317 8 15275 22468 866 0.12278914451599121
0 319 6 12899 19881 866 0.1346876621246338
0 319 6 8612 19881 866 0.1224660873413086
0 320 5 14199 19881 866 0.11948657035827637
0 317 8 10736 19881 866 0.12513422966003418
0 315 10 12115 19881 866 0.12560391426086426
0 317 8 13555 19881 866 0.12137508392333984
0 320 5 6719 19881 866 0.12462544441223145
0 320 5 9119 19881 866 0.12232661247253418
0 319 6 10708 19881 866 0.12450528144836426
0 318 7 10109 19881 866 0.12411022186279297
0 314 11 14164 23468 866 0.1310255527496338
0 317 8 12009 23468 866 0.12286520004272461
0 318 7 14275 23468 866 0.12659072875976562
0 315 10 10500 23468 866 0.12704133987426758
0 315 10 16270 23468 866 0.12359046936035156
0 315 10 13936 23468 866 0.1222691535949707
0 316 9 16097 23468 866 0.12276101112365723
0 312 13 11138 23468 866 0.12218832969665527
0 318 7 11499 23468 866 0.1259620189666748
0 317 8 16981 23468 866 0.12206053733825684
0 316 9 12801 18847 866 0.12102985382080078
0 319 6 14830 18847 866 0.12043213844299316
0 318 7 10116 18847 866 0.12332296371459961
0 317 8 14258 18847 866 0.1888289451599121
0 320 5 10558 18847 866 0.12414956092834473
0 313 12 10451 18847 866 0.12390971183776855
0 318 7 12133 18847 866 0.12178993225097656
0 314 11 10230 18847 866 0.12229418754577637
0 319 6 11237 18847 866 0.12161469459533691
0 319 6 9102 18847 866 0.20139861106872559
0 320 5 16173 25239 866 0.12997031211853027
0 317 8 14484 25239 866 0.12220311164855957
0 317 8 15830 25239 866 0.12085437774658203
0 316 9 12802 25239 866 0.12305903434753418
0 317 8 19864 25239 866 0.1227254867553711
0 319 6 13139 25239 866 0.1234889030456543
0 317 8 15158 25239 866 0.12554597854614258
0 319 6 13474 25239 866 0.12397003173828125
0 316 9 15831 25239 866 0.1214597225189209
0 315 10 12132 25239 866 0.12195658683776855
0 319 6 13771 26636 866 0.12357926368713379
0 314 11 13513 26636 866 0.12409043312072754
0 317 8 15870 26636 866 0.2471468448638916
0 315 10 15968 26636 866 0.2443380355834961
0 318 7 17424 26636 866 0.2342057228088379
0 315 10 15840 26636 866 0.17666053771972656
0 316 9 16081 26636 866 0.12766742706298828
0 318 7 19921 26636 866 0.12002849578857422
0 315 10 13108 26636 866 0.13385438919067383
0 314 11 15846 26636 866 0.12539005279541016
0 321 4 14910 21982 866 0.12372183799743652
0 315 10 13114 21982 866 0.1221930980682373
0 317 8 13291 21982 866 0.1292119026184082
0 316 9 15555 21982 866 0.12127923965454102
0 320 5 12462 21982 866 0.12446737289428711
0 315 10 15512 21982 866 0.12706899642944336
0 315 10 12408 21982 866 0.12505650520324707
0 321 4 14238 21982 866 0.15238046646118164
0 321 4 14700 21982 866 0.2353360652923584
0 321 4 16285 21982 866 0.2312161922454834
0 315 10 16022 21274 866 0.16911697387695312
0 319 6 13495 21274 866 0.1275010108947754
0 314 11 13414 21274 866 0.13065767288208008
0 322 3 17270 21274 866 0.1305088996887207
0 318 7 14773 21274 866 0.1263430118560791
0 313 12 14939 21274 866 0.1329495906829834
0 317 8 13476 21274 866 0.1757032871246338
0 316 9 16614 21274 866 0.130934476852417
0 316 9 15002 21274 866 0.12353897094726562
0 318 7 12969 21274 866 0.12501978874206543
0 315 10 9890 25036 866 0.16384267807006836
0 316 9 13130 25036 866 0.2541682720184326
0 314 11 13140 25036 866 0.2394249439239502
0 317 8 15480 25036 866 0.19420099258422852
0 321 4 13334 25036 866 0.13428092002868652
0 317 8 15895 25036 866 0.13190579414367676
0 314 11 13094 25036 866 0.125931978225708
0 317 8 11428 25036 866 0.12887310981750488
0 319 6 17117 25036 866 0.13380670547485352
0 316 9 12385 25036 866 0.12538862228393555
0 315 10 19260 29209 866 0.13009095191955566
0 315 10 16855 29209 866 0.12526941299438477
0 315 10 17576 29209 866 0.12563633918762207
0 317 8 22133 29209 866 0.12791824340820312
0 315 10 18270 29209 866 0.13287734985351562
0 316 9 16113 29209 866 0.12973666191101074
0 315 10 16411 29209 866 0.12947392463684082
0 317 8 13456 29209 866 0.129258394241333
0 315 10 18232 29209 866 0.13024377822875977
0 321 4 20012 29209 866 0.12809419631958008
0 313 12 14753 29616 866 0.12778997421264648
0 316 9 18589 29616 866 0.1337451934814453
0 321 4 16429 29616 866 0.1263566017150879
0 318 7 15796 29616 866 0.12991046905517578
0 317 8 20302 29616 866 0.12599587440490723
0 318 7 14142 29616 866 0.12420320510864258
0 317 8 13478 29616 866 0.1287977695465088
0 316 9 19191 29616 866 0.18073296546936035
0 315 10 13676 29616 866 0.2376255989074707
0 315 10 20301 29616 866 0.24347925186157227
0 318 7 11349 23116 866 0.24551725387573242
0 315 10 10390 23116 866 0.14145278930664062
0 318 7 14018 23116 866 0.13318419456481934
0 313 12 14473 23116 866 0.130964994430542
0 318 7 15333 23116 866 0.12409687042236328
0 321 4 18304 23116 866 0.12409567832946777
0 319 6 15643 23116 866 0.12254619598388672
0 315 10 12778 23116 866 0.12642502784729004
0 319 6 16688 23116 866 0.12706542015075684
0 316 9 11715 23116 866 0.12823891639709473
0 315 10 9524 21962 866 0.1295928955078125
0 317 8 13257 21962 866 0.1388075351715088
0 319 6 17566 21962 866 0.13039422035217285
0 318 7 12984 21962 866 0.12881016731262207
0 316 9 10238 21962 866 0.14475011825561523
0 316 9 16874 21962 866 0.1266467571258545
0 319 6 14521 21962 866 0.12531304359436035
0 317 8 13766 21962 866 0.12634682655334473
0 316 9 14310 21962 866 0.12774252891540527
0 316 9 15214 21962 866 0.12405180931091309
0 318 7 18033 22554 866 0.13301658630371094
0 316 9 17940 22554 866 0.12572193145751953
0 317 8 17753 22554 866 0.12475109100341797
0 318 7 18687 22554 866 0.12795662879943848
0 321 4 19268 22554 866 0.13032865524291992
0 313 12 13776 22554 866 0.12420439720153809
0 315 10 14574 22554 866 0.1305558681488037
0 320 5 17760 22554 866 0.1369154453277588
0 317 8 17964 22554 866 0.12404680252075195
0 318 7 14277 22554 866 0.13431215286254883
