1 91 0 2293 1793 0.13590550422668457
1 91 0 1984 1793 0.1473827362060547
1 91 0 1984 1793 0.09441280364990234
0 90 1 1555 1793 0.08774566650390625
1 91 0 2293 1793 0.0808572769165039
1 91 0 2293 1793 0.08131122589111328
1 91 0 2293 1793 0.0821533203125
1 91 0 1827 1793 0.08278346061706543
1 91 0 2137 1793 0.08240675926208496
1 91 0 2177 1793 0.0867469310760498
1 91 0 2177 1793 0.08519482612609863
0 90 1 1555 1793 0.08108115196228027
1 91 0 2060 1793 0.07917547225952148
0 90 1 1751 1793 0.08183836936950684
1 91 0 2137 1793 0.08694720268249512
1 91 0 2293 1793 0.09446310997009277
0 90 1 1985 1793 0.08405065536499023
1 91 0 2137 1793 0.09426450729370117
0 90 1 1985 1793 0.08634781837463379
1 91 0 2293 1793 0.08329057693481445
1 91 0 2293 1793 0.13446831703186035
1 91 0 2137 1793 0.1356351375579834
1 91 0 2293 1793 0.1332862377166748
0 90 1 1791 1793 0.1320812702178955
1 91 0 2293 1793 0.13129329681396484
1 91 0 2293 1793 0.13547229766845703
0 90 1 1633 1793 0.1332404613494873
1 91 0 2293 1793 0.1365799903869629
1 91 0 2177 1793 0.13368535041809082
1 91 0 2293 1793 0.13624119758605957
