1 400 0 87 4 2061
2 398.0 0 86 5 1906
3 396.01 0 84 7 1945
4 394.02995 0 80 11 1634
5 392.05980024999997 0 81 10 1595
6 390.09950124874996 0 81 10 1673
7 388.1490037425062 0 77 14 1712
8 386.2082587237937 0 79 12 1400
9 384.2772174301747 0 82 9 1438
10 382.3558313430238 0 88 3 1632
11 380.4440521863087 0 87 4 1749
12 378.54183192537715 0 87 4 1477
13 376.6491227657503 0 80 11 2022
14 374.76587715192153 0 81 10 1556
15 372.8920477661619 0 84 7 1595
16 371.0275875273311 0 81 10 1556
17 369.17244958969445 0 78 13 1245
18 367.326587341746 0 79 12 1206
19 365.4899544050373 0 79 12 895
20 363.6625046330121 0 82 9 856
21 361.84419210984703 0 81 10 895
22 360.0349711492978 0 83 8 817
23 358.2347962935513 0 82 9 778
24 356.44362231208356 0 80 11 779
25 354.6614042005231 0 80 11 973
26 352.8880971795205 0 79 12 662
27 351.12365669362293 0 78 13 895
28 349.36803841015484 0 75 16 973
29 347.62119821810404 0 78 13 1052
30 345.8830922270135 0 80 11 974
31 344.1536767658784 0 72 19 662
32 342.432908382049 0 71 20 973
33 340.72074384013877 0 73 18 1596
34 339.01714012093805 0 74 17 1635
35 337.32205442033336 0 70 21 1286
36 335.63544414823167 0 78 13 585
37 333.95726692749054 0 79 12 896
38 332.28748059285306 0 79 12 1013
39 330.6260431898888 0 80 11 1169
40 328.97291297393934 0 75 16 1830
41 327.32804840906965 0 71 20 1869
42 325.6914081670243 0 74 17 1285
43 324.06295112618915 0 76 15 1246
44 322.4426363705582 0 77 14 1207
45 320.8304231887054 0 80 11 702
46 319.2262710727619 0 82 9 663
47 317.6301397173981 0 85 6 935
48 316.0419890188111 0 81 10 1169
49 314.461779073717 0 75 16 1245
50 312.88947017834846 0 75 16 934
51 311.32502282745673 0 75 16 857
52 309.7683977133195 0 82 9 818
53 308.21955572475287 0 83 8 779
54 306.6784579461291 0 84 7 740
55 305.1450656563984 0 81 10 779
56 303.6193403281164 0 85 6 1128
57 302.1012436264758 0 83 8 1322
58 300.59073740834344 0 87 4 1167
59 299.0877837213017 0 83 8 1479
60 297.5923448026952 0 82 9 1712
61 296.10438307868174 0 83 8 1673
62 294.6238611632883 0 80 11 1712
63 293.15074185747187 0 80 11 1790
64 291.6849881481845 0 78 13 1439
65 290.2265632074436 0 78 13 1011
66 288.77543039140636 0 78 13 701
67 287.3315532394493 0 81 10 1012
68 285.89489547325206 0 79 12 1129
69 284.4654209958858 0 78 13 818
70 283.04309389090633 0 78 13 313
71 281.6278784214518 0 77 14 314
72 280.2197390293445 0 75 16 275
73 278.81864033419777 0 71 20 702
74 277.42454713252675 0 71 20 236
75 276.03742439686414 0 72 19 547
76 274.65723727487983 0 74 17 546
77 273.28395108850543 0 78 13 468
78 271.9175313330629 0 73 18 819
79 270.5579436763976 0 76 15 858
80 269.2051539580156 0 79 12 1090
81 267.85912818822555 0 80 11 896
82 266.5198325472844 0 81 10 739
83 265.187233384548 0 83 8 1128
84 263.86129721762524 0 79 12 1246
85 262.5419907315371 0 81 10 1245
86 261.2292807778794 0 83 8 1439
87 259.92313437399 0 83 8 1478
88 258.62351870212007 0 78 13 1167
89 257.33040110860946 0 79 12 1517
90 256.04374910306643 0 80 11 1478
91 254.7635303575511 0 84 7 1867
92 253.48971270576334 0 77 14 1675
93 252.2222641422345 0 81 10 1442
94 250.96115282152334 0 85 6 1324
95 249.7063470574157 0 82 9 1635
96 248.45781532212862 0 80 11 1829
97 247.215526245518 0 81 10 1518
98 245.9794486142904 0 77 14 1557
99 244.74955137121893 0 80 11 1558
100 243.52580361436284 0 80 11 1169
101 242.30817459629102 0 81 10 975
102 241.09663372330957 0 83 8 975
103 239.891150554693 0 84 7 1131
104 238.69169480191954 0 83 8 820
105 237.49823632790995 0 83 8 859
106 236.3107451462704 0 83 8 1247
107 235.12919142053903 0 84 7 1519
108 233.95354546343634 0 87 4 1518
109 232.78377773611916 0 86 5 1829
110 231.61985884743856 0 86 5 1518
111 230.46175955320138 0 88 3 1479
112 229.30945075543536 0 82 9 896
113 228.16290350165818 0 80 11 935
114 227.0220889841499 0 84 7 624
115 225.88697853922915 0 80 11 935
116 224.757543646533 0 78 13 1246
117 223.63375592830033 0 76 15 1052
118 222.51558714865882 0 80 11 1363
119 221.40300921291552 0 83 8 742
120 220.29599416685093 0 81 10 1326
121 219.19451419601668 0 75 16 1325
122 218.0985416250366 0 76 15 1208
123 217.0080489169114 0 75 16 1247
124 215.92300867232686 0 74 17 936
125 214.84339362896523 0 74 17 742
126 213.7691766608204 0 69 22 898
127 212.70033077751629 0 72 19 1130
128 211.6368291236287 0 71 20 1324
129 210.57864497801054 0 69 22 1363
130 209.5257517531205 0 69 22 1362
131 208.4781229943549 0 82 9 1673
132 207.43573237938313 0 85 6 895
133 206.3985537174862 0 82 9 1362
134 205.36656094889878 0 80 11 1323
135 204.3397281441543 0 82 9 1324
136 203.3180295034335 0 83 8 1129
137 202.30143935591633 0 82 9 1207
138 201.28993215913675 0 76 15 1481
139 200.28348249834107 0 70 21 1480
140 199.28206508584935 0 75 16 1479
141 198.2856547604201 0 79 12 1480
142 197.294226486618 0 79 12 1169
143 196.3077553541849 0 78 13 1325
144 195.326216577414 0 78 13 1519
145 194.3495854945269 0 78 13 1675
146 193.37783756705426 0 80 11 1674
147 192.41094837921898 0 83 8 1673
148 191.4488936373229 0 82 9 1479
149 190.49164916913628 0 75 16 1363
150 189.5391909232906 0 84 7 1361
151 188.59149496867414 0 84 7 1555
152 187.64853749383076 0 82 9 1284
153 186.71029480636162 0 73 18 858
154 185.7767433323298 0 73 18 859
155 184.84785961566814 0 73 18 1169
156 183.9236203175898 0 76 15 1130
157 183.00400221600185 0 76 15 1130
158 182.08898220492185 0 80 11 1130
159 181.17853729389725 0 80 11 1751
160 180.27264460742776 0 79 12 1906
161 179.3712813843906 0 78 13 1673
162 178.47442497746866 0 78 13 1712
163 177.5820528525813 0 80 11 1518
164 176.6941425883184 0 80 11 1324
165 175.8106718753768 0 77 14 1402
166 174.93161851599993 0 77 14 1363
167 174.05696042341992 0 79 12 1052
168 173.1866756213028 0 77 14 1246
169 172.3207422431963 0 80 11 1247
170 171.4591385319803 0 78 13 1286
171 170.6018428393204 0 74 17 974
172 169.7488336251238 0 78 13 935
173 168.9000894569982 0 77 14 1285
174 168.0555890097132 0 81 10 1284
175 167.21531106466463 0 82 9 1595
176 166.3792345093413 0 78 13 1284
177 165.54733833679458 0 75 16 2024
178 164.7196016451106 0 78 13 2218
179 163.89600363688504 0 77 14 1985
180 163.0765236187006 0 73 18 1440
181 162.2611410006071 0 71 20 1479
182 161.44983529560406 0 75 16 1790
183 160.64258611912604 0 81 10 1401
184 159.8393731885304 0 83 8 1595
185 159.04017632258774 0 84 7 1284
186 158.2449754409748 0 82 9 1245
187 157.45375056376992 0 81 10 934
188 156.66648181095107 0 80 11 1129
189 155.8831494018963 0 80 11 1480
190 155.1037336548868 0 85 6 1402
191 154.32821498661238 0 84 7 1363
192 153.55657391167932 0 82 9 1324
193 152.78879104212092 0 86 5 1285
194 152.0248470869103 0 86 5 1207
195 151.26472285147577 0 85 6 1051
196 150.50839923721838 0 84 7 1012
197 149.7558572410323 0 85 6 1051
198 149.00707795482714 0 86 5 1325
199 148.262042565053 0 82 9 976
200 147.52073235222775 0 84 7 1249
201 146.7831286904666 0 84 7 1403
202 146.0492130470143 0 83 8 1870
203 145.31896698177923 0 82 9 1676
204 144.59237214687033 0 79 12 1518
205 143.86941028613597 0 77 14 1596
206 143.1500632347053 0 83 8 1440
207 142.43431291853176 0 84 7 1365
208 141.7221413539391 0 84 7 1054
209 141.0135306471694 0 79 12 1559
210 140.30846299393355 0 80 11 1558
211 139.6069206789639 0 81 10 1519
212 138.90888607556906 0 83 8 1480
213 138.2143416451912 0 84 7 1441
214 137.52326993696525 0 87 4 1480
215 136.83565358728043 0 88 3 1286
217 135.4707179427473 0 87 4 1480
218 134.79336435303358 0 87 4 1169
219 134.11939753126842 0 87 4 1480
220 133.44880054361207 0 85 6 1091
221 132.781556540894 0 82 9 1791
222 132.11764875818952 0 81 10 1790
223 131.45706051439856 0 78 13 974
224 130.79977521182656 0 78 13 1013
225 130.14577633576744 0 83 8 1246
226 129.4950474540886 0 81 10 1285
227 128.84757221681815 0 82 9 1441
228 128.20333435573406 0 86 5 1442
229 127.56231768395538 0 81 10 1207
230 126.9245060955356 0 83 8 624
231 126.28988356505792 0 83 8 430
232 125.65843414723263 0 82 9 313
233 125.03014197649647 0 81 10 857
234 124.40499126661399 0 83 8 858
235 123.78296631028093 0 84 7 935
236 123.16405147872952 0 80 11 1247
237 122.54823122133587 0 80 11 1480
238 121.93549006522919 0 80 11 1441
239 121.32581261490304 0 82 9 1480
240 120.71918355182852 0 83 8 1169
241 120.11558763406939 0 82 9 1480
242 119.51500969589904 0 81 10 1479
243 118.91743464741954 0 82 9 1246
244 118.32284747418244 0 81 10 1246
245 117.73123323681152 0 81 10 1829
246 117.14257707062747 0 86 5 1518
247 116.55686418527434 0 85 6 1479
248 115.97407986434796 0 85 6 1246
249 115.39420946502622 0 83 8 1130
250 114.81723841770109 0 71 20 1129
251 114.24315222561259 0 70 21 1246
252 113.67193646448453 0 78 13 1636
253 113.10357678216211 0 78 13 1597
254 112.5380588982513 0 79 12 1558
255 111.97536860376003 0 79 12 1519
256 111.41549176074123 0 75 16 1598
257 110.85841430193753 0 75 16 1637
258 110.30412223042784 0 76 15 1559
259 109.7526016192757 0 74 17 1520
260 109.20383861117932 0 82 9 859
261 108.65781941812342 0 82 9 860
262 108.1145303210328 0 86 5 936
263 107.57395766942764 0 82 9 859
264 107.0360878810805 0 81 10 1169
265 106.5009074416751 0 78 13 1130
266 105.96840290446671 0 80 11 1208
267 105.43856088994438 0 78 13 1091
268 104.91136808549466 0 74 17 1402
269 104.38681124506718 0 71 20 1790
270 103.86487718884185 0 82 9 1556
271 103.34555280289763 0 80 11 1634
272 102.82882503888314 0 79 12 2372
273 102.31468091368872 0 83 8 1789
274 101.80310750912028 0 84 7 1206
275 101.29409197157467 0 77 14 935
276 100.7876215117168 0 78 13 934
277 100.28368340415821 0 78 13 1245
278 99.78226498713742 0 86 5 2101
279 99.28335366220173 0 80 11 2102
280 98.78693689389073 0 78 13 1714
281 98.29300220942127 0 81 10 2023
282 97.80153719837416 0 79 12 2062
283 97.3125295123823 0 81 10 1751
284 96.82596686482039 0 80 11 1440
285 96.34183703049628 0 74 17 1751
286 95.8601278453438 0 77 14 1635
287 95.38082720611708 0 78 13 973
288 94.90392307008649 0 80 11 1129
289 94.42940345473606 0 80 11 1130
290 93.95725643746238 0 81 10 1169
291 93.48747015527506 0 75 16 1480
292 93.02003280449868 0 80 11 1829
293 92.5549326404762 0 82 9 1830
294 92.09215797727381 0 80 11 1517
295 91.63169718738745 0 77 14 1206
296 91.17353870145051 0 80 11 896
297 90.71767100794325 0 81 10 1014
298 90.26408265290354 0 81 10 1635
299 89.81276223963903 0 82 9 1520
300 89.36369842844083 0 82 9 1792
301 88.91687993629863 0 82 9 1791
302 88.47229553661714 0 83 8 1790
303 88.02993405893405 0 82 9 1791
304 87.58978438863937 0 83 8 1285
305 87.15183546669617 0 86 5 1168
306 86.71607628936269 0 87 4 1129
307 86.28249590791587 0 89 2 1323
308 85.8510834283763 0 89 2 1012
309 85.42182801123441 0 78 13 1052
310 84.99471887117824 0 77 14 858
311 84.56974527682235 0 78 13 897
312 84.14689655043823 0 79 12 896
313 83.72616206768603 0 78 13 897
314 83.3075312573476 0 84 7 1441
315 82.89099360106087 0 84 7 896
316 82.47653863305557 0 83 8 935
317 82.06415593989028 0 83 8 779
318 81.65383516019084 0 86 5 780
319 81.24556598438988 0 85 6 781
320 80.83933815446794 0 83 8 782
321 80.4351414636956 0 81 10 1093
322 80.03296575637712 0 83 8 1287
323 79.63280092759524 0 82 9 1326
324 79.23463692295726 0 80 11 1286
325 78.83846373834248 0 81 10 1442
326 78.44427141965078 0 78 13 1170
327 78.05205006255252 0 77 14 1169
328 77.66178981223976 0 75 16 975
329 77.27348086317856 0 80 11 1363
330 76.88711345886267 0 73 18 1791
331 76.50267789156835 0 77 14 1674
332 76.12016450211051 0 76 15 1946
333 75.73956367959995 0 77 14 1713
334 75.36086586120196 0 78 13 1519
335 74.98406153189595 0 82 9 1986
336 74.60914122423647 0 75 16 1637
337 74.23609551811528 0 76 15 2453
338 73.8649150405247 0 75 16 2064
339 73.49559046532208 0 76 15 1363
340 73.12811251299547 0 81 10 1557
341 72.7624719504305 0 81 10 1518
342 72.39865959067834 0 81 10 2101
343 72.03666629272495 0 80 11 1635
344 71.67648296126131 0 79 12 1829
345 71.31810054645501 0 79 12 2101
346 70.96151004372274 0 78 13 2607
347 70.60670249350413 0 75 16 2298
348 70.25366898103661 0 76 15 1987
349 69.90240063613143 0 77 14 1676
350 69.55288863295077 0 73 18 1637
351 69.20512418978602 0 75 16 1753
352 68.85909856883708 0 82 9 2257
353 68.5148030759929 0 78 13 1945
354 68.17222906061293 0 79 12 1984
355 67.83136791530987 0 81 10 1945
356 67.49221107573332 0 84 7 1634
357 67.15475002035465 0 84 7 1595
358 66.81897627025288 0 73 18 1166
359 66.48488138890161 0 78 13 779
360 66.1524569819571 0 77 14 1090
361 65.82169469704732 0 81 10 1596
362 65.49258622356209 0 82 9 1440
363 65.16512329244428 0 77 14 1246
364 64.83929767598205 0 75 16 974
365 64.51510118760214 0 81 10 1247
366 64.19252568166414 0 80 11 1248
368 63.55220523798953 0 81 10 1170
370 62.918271990740585 0 80 11 1442
371 62.60368063078688 0 81 10 1248
372 62.29066222763295 0 80 11 1362
373 61.979208916494784 0 81 10 662
374 61.66931287191231 0 82 9 973
375 61.36096630755275 0 83 8 1284
376 61.05416147601499 0 84 7 1517
377 60.748890668634914 0 80 11 1362
378 60.445146215291736 0 83 8 1789
379 60.142920484215274 0 81 10 1557
380 59.8422058817942 0 83 8 1090
381 59.54299485238523 0 81 10 703
382 59.2452798781233 0 81 10 1286
383 58.94905347873268 0 76 15 1403
384 58.654308211339014 0 74 17 1209
385 58.36103667028232 0 78 13 1246
386 58.0692314869309 0 80 11 586
387 57.77888532949625 0 80 11 780
388 57.48999090284877 0 79 12 779
389 57.20254094833452 0 79 12 1090
390 56.91652824359285 0 82 9 1634
391 56.631945602374884 0 85 6 1673
392 56.34878587436301 0 84 7 1674
393 56.067041944991196 0 85 6 1830
395 55.50777320158991 0 83 8 2024
396 55.23023433558196 0 83 8 2177
397 54.95408316390405 0 85 6 1944
398 54.679312748084534 0 82 9 1829
399 54.405916184344115 0 80 11 1595
400 54.1338866034224 0 80 11 1596
401 53.863217170405285 0 79 12 1829
402 53.59390108455326 0 84 7 1478
403 53.32593157913049 0 82 9 1477
404 53.059301921234834 0 84 7 1477
405 52.79400541162866 0 82 9 1594
406 52.53003538457052 0 81 10 1400
407 52.26738520764766 0 80 11 1206
408 52.006048281609424 0 82 9 1128
409 51.74601804020138 0 82 9 856
410 51.48728795000037 0 79 12 1012
411 51.22985151025037 0 78 13 895
412 50.97370225269912 0 79 12 856
413 50.718833741435624 0 77 14 1050
414 50.46523957272844 0 78 13 1167
415 50.2129133748648 0 78 13 1128
416 49.96184880799047 0 81 10 817
417 49.71203956395052 0 81 10 661
418 49.46347936613077 0 79 12 662
419 49.21616196930012 0 77 14 895
420 48.97008115945361 0 74 17 896
421 48.72523075365635 0 77 14 1207
422 48.481604599888065 0 81 10 820
423 48.239196576888624 0 81 10 819
424 47.99800059400418 0 76 15 935
425 47.758010591034164 0 75 16 936
426 47.51922053807899 0 77 14 1130
427 47.28162443538859 0 79 12 1091
429 46.80999023164559 0 78 13 1402
430 46.575940280487366 0 81 10 1247
431 46.34306057908493 0 80 11 1247
432 46.1113452761895 0 78 13 1286
433 45.88078854980856 0 81 10 1208
434 45.65138460705951 0 78 13 1325
435 45.423127684024216 0 79 12 1324
436 45.19601204560409 0 79 12 1323
437 44.970031985376075 0 78 13 1051
438 44.745181825449194 0 72 19 1207
439 44.52145591632195 0 75 16 1518
440 44.29884863674034 0 83 8 2140
441 44.07735439355664 0 83 8 1948
442 43.85696762158886 0 83 8 1909
443 43.63768278348091 0 82 9 1870
444 43.41949436956351 0 78 13 1636
445 43.202396897715694 0 78 13 1637
446 42.98638491322711 0 80 11 1404
447 42.771452988660975 0 81 10 1404
448 42.55759572371767 0 81 10 1403
449 42.34480774509908 0 84 7 857
450 42.13308370637359 0 81 10 741
451 41.92241828784172 0 81 10 1169
452 41.71280619640251 0 81 10 1130
453 41.5042421654205 0 82 9 1287
454 41.2967209545934 0 80 11 1248
455 41.09023734982043 0 83 8 1675
456 40.884786163071325 0 83 8 1908
457 40.680362232255966 0 80 11 1947
458 40.47696042109469 0 73 18 1791
459 40.27457561898922 0 73 18 1637
460 40.073202740894274 0 73 18 1831
461 39.8728367271898 0 75 16 1792
462 39.67347254355385 0 78 13 2062
463 39.47510518083608 0 78 13 1597
464 39.2777296549319 0 80 11 1482
465 39.08134100665724 0 73 18 1481
466 38.885934301623955 0 71 20 1675
467 38.69150463011584 0 71 20 1013
468 38.49804710696526 0 74 17 935
469 38.30555687143043 0 74 17 1246
470 38.114029087073284 0 77 14 1247
472 37.733841646929726 0 79 12 1947
473 37.545172438695076 0 81 10 1946
474 37.3574465765016 0 79 12 1947
475 37.17065934361909 0 81 10 1791
476 36.984806046901 0 80 11 1790
477 36.799882016666494 0 80 11 2178
478 36.61588260658316 0 78 13 1246
479 36.43280319355025 0 78 13 1052
480 36.2506391775825 0 80 11 1364
481 36.06938598169459 0 81 10 1440
482 35.88903905178611 0 82 9 1712
483 35.709593856527185 0 81 10 1713
484 35.53104588724455 0 82 9 1712
485 35.353390657808326 0 82 9 1090
486 35.17662370451929 0 80 11 779
487 35.00074058599669 0 77 14 818
488 34.8257368830667 0 78 13 857
489 34.65160819865137 0 78 13 546
490 34.47835015765811 0 76 15 1284
491 34.30595840686982 0 81 10 1633
492 34.13442861483547 0 81 10 1361
493 33.96375647176129 0 81 10 1362
495 33.62496800095547 0 81 10 1557
496 33.45684316095069 0 80 11 1790
497 33.289558945145934 0 80 11 1751
498 33.12311115042021 0 82 9 1712
499 32.9574955946681 0 77 14 1168
500 32.79270811669476 0 77 14 1362
501 32.62874457611129 0 77 14 1363
502 32.46560085323073 0 79 12 1362
503 32.30327284896458 0 78 13 1129
504 32.14175648471976 0 77 14 975
505 31.98104770229616 0 78 13 897
506 31.82114246378468 0 78 13 1014
507 31.662036751465756 0 79 12 781
508 31.503726567708426 0 79 12 470
509 31.346207934869884 0 79 12 781
510 31.189476895195536 0 85 6 741
511 31.033529510719557 0 85 6 1013
512 30.87836186316596 0 85 6 1130
513 30.72397005385013 0 86 5 1131
514 30.57035020358088 0 85 6 1714
515 30.417498452562974 0 86 5 1131
516 30.26541096030016 0 86 5 1442
517 30.114083905498656 0 84 7 1247
518 29.963513485971163 0 84 7 1014
519 29.813695918541306 0 84 7 1247
520 29.6646274389486 0 82 9 1246
521 29.516304301753856 0 82 9 1790
522 29.368722780245086 0 80 11 2101
523 29.22187916634386 0 79 12 2140
524 29.075769770512142 0 77 14 1324
525 28.93039092165958 0 84 7 1908
526 28.78573896705128 0 84 7 1247
527 28.641810272216023 0 84 7 1091
528 28.498601220854944 0 86 5 1090
529 28.35610821475067 0 82 9 1401
530 28.214327673676916 0 81 10 2141
531 28.073256035308532 0 83 8 2140
532 27.93288975513199 0 82 9 2373
533 27.793225306356327 0 84 7 2372
534 27.654259179824546 0 81 10 2411
535 27.515987883925423 0 73 18 1906
536 27.378407944505796 0 75 16 2178
537 27.241515904783267 0 79 12 1517
538 27.10530832525935 0 86 5 1750
539 26.969781783633053 0 81 10 1012
540 26.834932874714887 0 80 11 1440
541 26.700758210341313 0 79 12 1129
542 26.567254419289608 0 79 12 1285
543 26.43441814719316 0 78 13 1324
544 26.302246056457193 0 81 10 1130
545 26.170734826174908 0 80 11 703
546 26.039881152044032 0 81 10 1442
547 25.909681746283812 0 80 11 1364
548 25.780133337552392 0 83 8 1675
549 25.65123267086463 0 81 10 1674
550 25.522976507510307 0 80 11 1556
551 25.395361624972757 0 78 13 1400
552 25.26838481684789 0 80 11 1750
553 25.14204289276365 0 85 6 1983
554 25.016332678299833 0 86 5 2139
555 24.891251014908335 0 84 7 1828
556 24.766794759833793 0 84 7 1827
557 24.642960786034624 0 83 8 1866
558 24.51974598210445 0 81 10 1827
559 24.39714725219393 0 79 12 1984
560 24.275161515932957 0 80 11 2022
561 24.153785708353293 0 83 8 1906
562 24.033016779811526 0 81 10 1945
563 23.91285169591247 0 84 7 1905
564 23.793287437432905 0 77 14 1752
565 23.67432100024574 0 79 12 2063
566 23.55594939524451 0 79 12 2102
567 23.43816964826829 0 82 9 2101
568 23.320978800026946 0 83 8 2102
569 23.204373906026813 0 80 11 2064
570 23.08835203649668 0 76 15 1948
571 22.972910276314195 0 78 13 1480
572 22.858045724932623 0 78 13 1635
573 22.74375549630796 0 76 15 1285
574 22.630036718826418 0 75 16 1091
575 22.516886535232285 0 79 12 1634
576 22.404302102556123 0 80 11 1635
577 22.292280592043344 0 78 13 1597
578 22.180819189083127 0 80 11 1674
579 22.069915093137713 0 80 11 1635
580 21.959565517672026 0 78 13 1636
581 21.849767690083667 0 81 10 1792
583 21.631816257375082 0 80 11 1364
584 21.523657176088207 0 82 9 1325
585 21.416038890207766 0 80 11 1443
586 21.308958695756726 0 76 15 1170
587 21.202413902277943 0 75 16 1442
588 21.096401832766553 0 79 12 936
589 20.99091982360272 0 80 11 975
590 20.885965224484707 0 81 10 897
591 20.781535398362283 0 83 8 1054
592 20.67762772137047 0 82 9 782
593 20.574239582763617 0 81 10 781
594 20.4713683848498 0 83 8 898
595 20.369011542925552 0 81 10 1479
596 20.267166485210925 0 82 9 1557
597 20.16583065278487 0 81 10 1868
598 20.065001499520946 0 80 11 2062
599 19.96467649202334 0 83 8 2139
600 19.864853109563224 0 80 11 1714
602 19.66670119979533 0 78 13 1753
603 19.568367693796354 0 78 13 1675
604 19.470525855327374 0 79 12 1676
606 19.27630735992048 0 85 6 1248
607 19.17992582312088 0 84 7 1015
608 19.084026194005276 0 84 7 1287
609 18.98860606303525 0 77 14 1441
610 18.893663032720074 0 81 10 1402
611 18.799194717556475 0 81 10 1518
612 18.70519874396869 0 79 12 1557
613 18.611672750248847 0 86 5 1633
614 18.518614386497603 0 78 13 1713
615 18.426021314565116 0 78 13 2024
616 18.33389120799229 0 76 15 1285
617 18.24222175195233 0 82 9 1440
618 18.151010643192567 0 82 9 1439
619 18.060255589976602 0 83 8 1672
620 17.96995431202672 0 77 14 974
621 17.880104540466586 0 80 11 1323
622 17.790704017764252 0 76 15 1206
623 17.70175049767543 0 81 10 1285
624 17.613241745187054 0 84 7 1596
625 17.52517553646112 0 85 6 1674
626 17.437549658778813 0 84 7 1635
627 17.35036191048492 0 82 9 1325
628 17.263610100932496 0 80 11 1131
629 17.177292050427834 0 82 9 1560
630 17.091405590175693 0 84 7 1831
631 17.005948562224816 0 84 7 1830
632 16.920918819413693 0 82 9 1402
633 16.836314225316624 0 80 11 1791
634 16.752132654190042 0 80 11 1791
635 16.66837199091909 0 80 11 1752
636 16.585030130964494 0 81 10 1481
637 16.50210498030967 0 82 9 1753
638 16.419594455408124 0 82 9 1714
639 16.337496483131083 0 83 8 1481
640 16.255809000715427 0 83 8 1675
641 16.17452995571185 0 79 12 2218
643 16.013189019403626 0 80 11 1946
644 15.933123074306607 0 82 9 1945
645 15.853457458935074 0 84 7 1284
646 15.774190171640399 0 81 10 1129
647 15.695319220782197 0 83 8 1323
648 15.616842624678286 0 82 9 1362
649 15.538758411554895 0 82 9 1013
650 15.46106461949712 0 83 8 1209
651 15.383759296399635 0 83 8 1170
652 15.306840499917637 0 80 11 1169
653 15.23030629741805 0 78 13 1052
654 15.15415476593096 0 77 14 1480
655 15.078383992101305 0 78 13 1324
656 15.002992072140799 0 80 11 1790
657 14.927977111780095 0 76 15 1985
658 14.853337226221194 0 80 11 1674
659 14.779070540090089 0 85 6 1792
660 14.705175187389639 0 85 6 1596
661 14.63164931145269 0 85 6 1402
662 14.558491064895428 0 85 6 1596
663 14.485698609570951 0 77 14 1869
664 14.413270116523096 0 78 13 1363
665 14.341203765940481 0 76 15 1286
666 14.269497747110778 0 74 17 1597
667 14.198150258375223 0 77 14 1598
668 14.127159507083347 0 80 11 1481
669 14.05652370954793 0 81 10 1170
670 13.98624109100019 0 83 8 1014
671 13.91630988554519 0 81 10 1170
672 13.846728336117463 0 83 8 1170
673 13.777494694436877 0 81 10 1171
674 13.708607220964693 0 77 14 899
675 13.640064184859868 0 78 13 1171
676 13.571863863935569 0 78 13 1132
678 13.43648452189281 0 81 10 976
679 13.369302099283345 0 87 4 975
680 13.302455588786929 0 86 5 936
681 13.235943310842995 0 78 13 819
682 13.16976359428878 0 80 11 1091
683 13.103914776317335 0 77 14 1325
684 13.03839520243575 0 80 11 1324
685 12.973203226423571 0 80 11 1168
686 12.908337210291453 0 86 5 1167
689 12.7156786638857 0 86 5 1400
690 12.652100270566272 0 85 6 1361
691 12.588839769213441 0 84 7 1672
693 12.463266092515537 0 83 8 1246
694 12.40094976205296 0 81 10 1285
695 12.338945013242695 0 79 12 1596
696 12.27725028817648 0 80 11 1907
697 12.215864036735598 0 80 11 1206
699 12.09401079296916 0 76 15 895
700 12.033540739004314 0 77 14 896
701 11.973373035309292 0 76 15 1752
702 11.913506170132745 0 76 15 1635
703 11.853938639282081 0 77 14 1402
704 11.79466894608567 0 80 11 1053
706 11.677017123348465 0 77 14 1052
707 11.618632037731723 0 80 11 1011
708 11.560538877543065 0 81 10 700
709 11.50273618315535 0 80 11 661
711 11.387996389728373 0 76 15 700
712 11.331056407779732 0 85 6 856
713 11.274401125740834 0 84 7 895
714 11.21802912011213 0 82 9 1012
715 11.16193897451157 0 83 8 1633
717 11.050598633240817 0 83 8 1594
718 10.995345640074612 0 82 9 1594
719 10.94036891187424 0 76 15 1595
720 10.885667067314868 0 83 8 1011
721 10.831238731978294 0 82 9 1322
722 10.777082538318403 0 78 13 1323
723 10.723197125626811 0 77 14 1206
724 10.669581139998677 0 80 11 1207
725 10.616233234298683 0 81 10 818
726 10.56315206812719 0 81 10 779
727 10.510336307786554 0 81 10 778
728 10.457784626247621 0 81 10 855
729 10.405495703116383 0 85 6 544
732 10.250192379060408 0 85 6 855
734 10.14794671007928 0 81 10 856
735 10.097206976528884 0 81 10 934
736 10.04672094164624 0 79 12 1089
737 9.99648733693801 0 80 11 778
738 9.94650490025332 0 78 13 817
739 9.896772375752054 0 81 10 856
741 9.798052071303927 0 82 9 662
742 9.749061810947406 0 84 7 780
743 9.700316501892669 0 81 10 741
744 9.651814919383206 0 82 9 1013
745 9.603555844786289 0 81 10 896
747 9.507760375234545 0 78 13 897
748 9.460221573358373 0 74 17 936
749 9.412920465491581 0 74 17 1130
750 9.365855863164123 0 76 15 1129
751 9.319026583848302 0 79 12 974
754 9.179938947206043 0 80 11 1168
755 9.134039252470012 0 81 10 1439
756 9.088369056207663 0 75 16 1713
757 9.042927210926624 0 74 17 1402
758 8.997712574871992 0 76 15 1285
759 8.952724011997631 0 78 13 1324
760 8.907960391937642 0 77 14 1635
761 8.863420589977954 0 78 13 1441
764 8.731132929744959 0 79 12 1245
765 8.687477265096234 0 81 10 1167
766 8.644039878770753 0 81 10 1168
767 8.6008196793769 0 81 10 1129
768 8.557815580980014 0 82 9 1673
769 8.515026503075115 0 78 13 1402
770 8.472451370559739 0 78 13 1558
771 8.43008911370694 0 81 10 1869
772 8.387938668138405 0 81 10 1558
773 8.345998974797713 0 81 10 1869
774 8.304268979923725 0 77 14 1131
775 8.262747635024105 0 82 9 1012
776 8.221433896848986 0 85 6 1556
777 8.18032672736474 0 88 3 1790
779 8.098727968259277 0 85 6 1402
780 8.058234328417981 0 85 6 1208
781 8.01794315677589 0 83 8 857
782 7.977853440992011 0 83 8 896
783 7.937964173787051 0 82 9 740
784 7.898274352918116 0 86 5 857
785 7.858782981153525 0 84 7 1597
787 7.780391620916519 0 84 7 1442
788 7.7414896628119365 0 84 7 1402
789 7.702782214497876 0 83 8 1829
790 7.664268303425387 0 83 8 1635
791 7.62594696190826 0 81 10 1403
792 7.587817227098718 0 79 12 1753
793 7.549878140963224 0 80 11 1210
794 7.512128750258408 0 72 19 1403
796 7.43719526597458 0 71 20 1286
797 7.400009289644707 0 72 19 1597
798 7.363009243196483 0 71 20 1286
800 7.289563225995598 0 77 14 1287
801 7.25311540986562 0 77 14 1286
802 7.216849832816291 0 84 7 1091
803 7.18076558365221 0 86 5 1052
804 7.144861755733949 0 79 12 1285
805 7.1091374469552795 0 80 11 1052
806 7.073591759720503 0 83 8 1363
807 7.038223800921901 0 81 10 935
808 7.003032681917291 0 83 8 857
809 6.968017518507704 0 82 9 1051
810 6.9331774309151655 0 81 10 1012
811 6.8985115437605895 0 84 7 895
814 6.79555039665602 0 84 7 934
816 6.727764781449376 0 84 7 740
817 6.694125957542129 0 85 6 701
818 6.6606553277544185 0 82 9 584
819 6.627352051115646 0 82 9 585
820 6.594215290860068 0 82 9 546
821 6.561244214405767 0 86 5 1245
822 6.528437993333738 0 86 5 1207
823 6.495795803367069 0 85 6 623
824 6.463316824350234 0 82 9 663
825 6.431000240228483 0 84 7 857
826 6.398845239027341 0 78 13 1168
827 6.366851012832204 0 79 12 1401
828 6.335016757768043 0 81 10 1712
829 6.303341673979203 0 82 9 1673
830 6.271824965609307 0 82 9 1361
831 6.24046584078126 0 79 12 1207
832 6.209263511577354 0 79 12 1168
833 6.178217194019467 0 77 14 1285
834 6.14732610804937 0 81 10 1285
835 6.116589477509123 0 80 11 1013
836 6.086006530121577 0 80 11 1013
837 6.05557649747097 0 82 9 1323
838 6.0252986149836145 0 80 11 1634
839 5.995172121908697 0 84 7 1985
840 5.965196261299153 0 86 5 1636
841 5.935370279992657 0 85 6 1753
842 5.905693428592694 0 83 8 1674
844 5.846784136642482 0 81 10 1635
846 5.788462464879473 0 83 8 1829
847 5.759520152555075 0 82 9 1868
850 5.673558594338172 0 83 8 1829
851 5.645190801366481 0 81 10 1324
852 5.6169648473596485 0 84 7 1323
853 5.58888002312285 0 87 4 1012
854 5.560935623007236 0 82 9 701
855 5.5331309448922 0 82 9 662
857 5.4779379637169 0 82 9 856
858 5.450548273898315 0 81 10 1167
859 5.423295532528823 0 83 8 856
860 5.396179054866179 0 82 9 1207
861 5.369198159591848 0 83 8 1208
862 5.342352168793889 0 82 9 1169
863 5.315640407949919 0 80 11 1401
864 5.289062205910169 0 83 8 1908
866 5.2363038104062145 0 83 8 1558
867 5.210122291354184 0 83 8 1519
868 5.1840716798974125 0 82 9 1675
869 5.158151321497925 0 83 8 1520
871 5.106698762065983 0 81 10 1519
872 5.081165268255654 0 80 11 1713
873 5.055759441914375 0 81 10 1869
874 5.030480644704803 0 82 9 1830
877 4.9554000922725026 0 84 7 1831
878 4.93062309181114 0 86 5 1287
880 4.8814401264703235 0 84 7 431
881 4.857032925837972 0 82 9 1052
882 4.832747761208782 0 82 9 1053
884 4.784541102290724 0 83 8 975
885 4.760618396779271 0 80 11 509
886 4.736815304795375 0 83 8 1012
887 4.713131228271398 0 83 8 1051
888 4.689565572130041 0 84 7 1245
889 4.666117744269391 0 84 7 934
892 4.596475353671453 0 86 5 935
896 4.505233022536194 0 84 7 934
898 4.460293323136395 0 84 7 973
899 4.437991856520713 0 84 7 740
902 4.37175427331316 0 79 12 1051
903 4.349895501946594 0 86 5 1402
904 4.328146024436861 0 86 5 1441
905 4.306505294314676 0 83 8 1519
906 4.284972767843103 0 84 7 1713
907 4.263547904003887 0 81 10 585
909 4.221019013661448 0 82 9 741
911 4.178914349000175 0 81 10 1013
913 4.137229678368898 0 83 8 859
915 4.095960812327169 0 83 8 1092
916 4.075481008265533 0 84 7 1596
917 4.055103603224206 0 84 7 935
918 4.034828085208084 0 83 8 934
919 4.014653944782044 0 84 7 1129
920 3.9945806750581334 0 84 7 1168
921 3.9746077716828427 0 83 8 1362
923 3.9349610591603064 0 83 8 1245
924 3.915286253864505 0 84 7 1207
925 3.8957098225951823 0 81 10 1594
926 3.8762312734822064 0 84 7 1440
927 3.8568501171147953 0 84 7 1479
928 3.8375658665292214 0 84 7 1480
930 3.7992861470105925 0 84 7 1441
931 3.7802897162755396 0 82 9 1519
932 3.7613882676941617 0 82 9 1518
933 3.742581326355691 0 85 6 1674
934 3.7238684197239125 0 86 5 1868
937 3.668289218075981 0 85 6 1674
938 3.649947771985601 0 86 5 1635
940 3.6135395429600448 0 84 7 1946
941 3.5954718452452443 0 83 8 2063
942 3.577494486019018 0 83 8 1830
943 3.559607013588923 0 83 8 1713
944 3.5418089785209785 0 83 8 1906
945 3.524099933628374 0 83 8 1905
946 3.506479433960232 0 83 8 1906
947 3.4889470367904307 0 84 7 1828
948 3.4715023016064785 0 81 10 1401
949 3.454144790098446 0 82 9 1479
950 3.4368740661479538 0 81 10 1440
951 3.419689695817214 0 82 9 1634
952 3.402591247338128 0 81 10 1401
953 3.3855782911014374 0 85 6 1402
954 3.3686503996459303 0 84 7 1091
955 3.3518071476477007 0 85 6 1090
956 3.335048111909462 0 86 5 1401
957 3.318372871349915 0 87 4 1322
958 3.3017810069931652 0 88 3 1439
959 3.285272101958199 0 85 6 1440
960 3.2688457414484082 0 86 5 1129
961 3.252501512741166 0 76 15 1284
962 3.23623900517746 0 77 14 1051
963 3.2200578101515727 0 78 13 857
964 3.203957521100815 0 81 10 1013
965 3.187937733495311 0 81 10 974
966 3.171998044827834 0 80 11 663
967 3.1561380546036952 0 81 10 1012
968 3.1403573643306766 0 82 9 1403
970 3.109032299621478 0 80 11 1636
973 3.06262960392059 0 82 9 1519
974 3.0473164559009867 0 83 8 1480
975 3.032079873621482 0 79 12 1479
977 3.0018348768821075 0 80 11 1324
978 2.986825702497697 0 85 6 896
979 2.9718915739852085 0 84 7 1090
980 2.9570321161152826 0 82 9 1129
981 2.9422469555347064 0 81 10 1362
982 2.927535720757033 0 80 11 1518
983 2.9128980421532478 0 81 10 1481
985 2.883841884182769 0 83 8 1637
986 2.8694226747618554 0 84 7 1520
987 2.855075561388046 0 85 6 976
988 2.8408001835811056 0 85 6 975
990 2.812463201749884 0 85 6 1402
991 2.7984008857411347 0 81 10 1634
992 2.784408881312429 0 81 10 1519
993 2.770486836905867 0 83 8 2141
994 2.7566344027213376 0 80 11 2142
996 2.7291369745541925 0 78 13 1441
997 2.7154912896814216 0 80 11 1480
998 2.7019138332330144 0 75 16 897
999 2.688404264066849 0 77 14 858
1001 2.6615874315327823 0 75 16 897
1002 2.6482794943751182 0 79 12 1169
1003 2.6350380969032425 0 78 13 1363
1004 2.6218629064187264 0 75 16 1246
1005 2.6087535918866327 0 77 14 1285
1006 2.5957098239271996 0 78 13 1441
1007 2.5827312748075637 0 79 12 1402
1008 2.5698176184335257 0 82 9 1401
1009 2.5569685303413583 0 80 11 1440
1010 2.5441836876896513 0 80 11 1246
1013 2.5062114281279224 0 79 12 1129
1014 2.4936803709872826 0 82 9 1285
1016 2.4688059092866843 0 83 8 1324
1017 2.456461879740251 0 84 7 1323
1018 2.4441795703415496 0 85 6 1129
1020 2.4197988791273928 0 85 6 1090
1029 2.3130605302791785 0 86 5 1401
1031 2.2899877514896434 0 81 10 1208
1033 2.2671451236685343 0 83 8 1169
1037 2.222141160808118 0 82 9 1170
1038 2.2110304550040776 0 87 4 1169
1039 2.199975302729057 0 87 4 1130
1040 2.188975426215412 0 87 4 1129
1041 2.178030549084335 0 85 6 1168
1043 2.156304694357219 0 84 7 1246
1044 2.1455231708854328 0 84 7 1363
1045 2.1347955550310056 0 84 7 1246
1046 2.1241215772558504 0 85 6 1402
1047 2.113500969369571 0 85 6 1519
1049 2.0924187972001094 0 83 8 1015
1050 2.0819567032141086 0 83 8 1248
1052 2.0611891850995483 0 84 7 937
1053 2.0508832391740506 0 82 9 1168
1054 2.04062882297818 0 85 6 1169
1056 2.0202735504689726 0 81 10 1480
1057 2.010172182716628 0 79 12 1751
1058 2.0001213218030447 0 79 12 1673
1060 1.9801701116180592 0 80 11 1479
1063 1.9506158251808958 0 81 10 1440
1064 1.9408627460549914 0 85 6 1439
1065 1.9311584323247164 0 86 5 1984
1069 1.8928239730708285 0 84 7 1906
1070 1.8833598532054743 0 84 7 1945
1071 1.8739430539394468 0 86 5 2023
1072 1.8645733386697496 0 83 8 1597
1073 1.855250471976401 0 83 8 1558
1074 1.845974219616519 0 80 11 1869
1075 1.8367443485184363 0 85 6 1827
1077 1.8184228236419648 0 82 9 2061
1082 1.773414591405185 0 82 9 2022
1083 1.7645475184481592 0 82 9 1711
1084 1.7557247808559184 0 84 7 1478
1085 1.746946156951639 0 84 7 1517
1086 1.7382114261668806 0 84 7 1712
1088 1.720872767190866 0 81 10 1713
1089 1.7122684033549116 0 81 10 1557
1093 1.6782790204842826 0 79 12 1518
1094 1.669887625381861 0 79 12 1479
1095 1.6615381872549517 0 79 12 1168
1096 1.653230496318677 0 77 14 1247
1097 1.6449643438370836 0 78 13 1246
1098 1.6367395221178982 0 80 11 1557
1099 1.6285558245073086 0 79 12 1246
1102 1.604249425257059 0 83 8 1363
1103 1.5962281781307737 0 83 8 1674
1105 1.5803058020539191 0 83 8 1713
1107 1.5645422516784313 0 84 7 1792
1108 1.5567195404200391 0 83 8 1986
1109 1.548935942717939 0 83 8 2297
1110 1.5411912630043494 0 83 8 2336
1111 1.5334853066893277 0 84 7 1753
1112 1.525817880155881 0 84 7 1754
1114 1.5105978468013261 0 85 6 1598
1115 1.5030448575673194 0 84 7 1676
1118 1.48061172518752 0 84 7 1482
1120 1.4658426232287742 0 84 7 1248
1121 1.4585134101126302 0 86 5 1365
1126 1.4224133846238765 0 84 7 1326
1127 1.415301317700757 0 84 7 1287
1134 1.3665026436967502 0 84 7 1286
1138 1.339376883822112 0 84 7 1247
1142 1.312789583826912 0 84 7 1208
1145 1.2931960351895972 0 84 7 1014
1147 1.2802964047385812 0 84 7 1208
1148 1.2738949227148884 0 84 7 1014
1150 1.2611878208608072 0 84 7 1208
1151 1.254881881756503 0 85 6 1401
1154 1.236152612811052 0 86 5 1400
1155 1.2299718497469967 0 85 6 1244
1159 1.2055562943123261 0 84 7 1089
1162 1.1875632159251777 0 85 6 1167
1163 1.1816253998455517 0 85 6 1439
1165 1.1698386864820922 0 86 5 1245
1166 1.1639894930496817 0 87 4 1556
1167 1.1581695455844332 0 88 3 1555
1172 1.129503405234947 0 86 5 1399
1173 1.1238558882087724 0 87 4 1400
1174 1.1182366087677285 0 89 2 1556
1176 1.1070821985952704 0 89 2 1557
1177 1.101546787602294 0 89 2 1556
1180 1.0851060641039814 0 89 2 1557
1183 1.0689107204589714 0 89 2 1596
1193 1.0166518147919945 0 88 3 1635
1200 0.9815983177980028 0 88 3 1324
1209 0.9382996021164227 0 88 3 1635
1217 0.9014179005428476 0 88 3 974
1221 0.883524305071508 0 88 3 935
1225 0.8659859064058887 0 88 3 1246
1229 0.8487956537120197 0 84 7 2140
1230 0.8445516754434595 0 86 5 2179
1231 0.8403289170662422 0 85 6 2218
1234 0.827786902937914 0 84 7 1635
1237 0.8154320799382028 0 85 6 1441
1238 0.8113549195385118 0 85 6 1442
1239 0.8072981449408192 0 85 6 1091
1241 0.7992453459450345 0 86 5 1208
1242 0.7952491192153093 0 87 4 1130
1247 0.7755657119359997 0 87 4 1169
1248 0.7716878833763197 0 89 2 858
1258 0.7339601634369068 0 87 4 859
1276 0.6706376666741722 0 88 3 860
1277 0.6672844783408014 0 88 3 821
1285 0.6410555564278722 0 89 2 1170
1294 0.6127783255376094 0 88 3 1481
1295 0.6097144339099213 0 88 3 1520
1302 0.5886918745977858 0 88 3 1714
1307 0.5741210166744697 0 89 2 1403
1317 0.5460523150723965 0 89 2 1209
1319 0.5406054432295494 0 87 4 1365
1320 0.5379024160134016 0 87 4 1598
1325 0.5245886605183141 0 87 4 1792
1326 0.5219657172157225 0 87 4 1753
1343 0.47932971403559543 0 87 4 1752
1345 0.4745484001380904 0 87 4 1946
1351 0.46048872185300005 0 87 4 2179
1353 0.45589534685251637 0 87 4 1946
1355 0.4513477907676625 0 86 5 1635
1356 0.4490910518138242 0 87 4 1596
1361 0.4379754883196234 0 87 4 1402
1362 0.4357856108780253 0 87 4 1402
1363 0.4336066828236352 0 88 3 1519
1368 0.42287437676906253 0 88 3 1208
1369 0.4207600048852172 0 88 3 1014
1378 0.402200103659455 0 88 3 1053
1385 0.3883325042321186 0 88 3 1092
1388 0.38253659306489124 0 87 4 975
1389 0.3806239100995668 0 87 4 974
1399 0.3620152567931912 0 87 4 1091
1408 0.34604661117504726 0 87 4 1130
1409 0.34431637811917204 0 87 4 663
1410 0.3425947962285762 0 87 4 664
1411 0.3408818222474333 0 87 4 975
1421 0.3242161544311664 0 87 4 1053
1430 0.3099148431559171 0 87 4 1014
1436 0.30073284403996076 0 87 4 1013
1437 0.29922917981976094 0 87 4 1052
1449 0.28176102021256977 0 87 4 1053
1450 0.28035221511150693 0 87 4 1092
1451 0.27895045403594937 0 87 4 1131
1452 0.2775557017657696 0 87 4 1053
1457 0.27068585206893375 0 87 4 1014
1464 0.26135277897177334 0 87 4 975
1467 0.2574520560765222 0 87 4 936
1475 0.24733239932690815 0 86 5 1285
1478 0.2436409323504041 0 87 4 1402
1479 0.24242272768865208 0 88 3 1634
1481 0.2400045609799578 0 88 3 1635
1482 0.238804538175058 0 88 3 2061
1484 0.2364224629067618 0 88 3 1867
1490 0.22941785859902306 0 88 3 1556
1559 0.1623378512292351 0 88 3 1867
1568 0.1551770601629858 0 88 3 2061
1574 0.1505795532648847 0 88 3 1867
1583 0.14393742567964032 0 89 2 1866
1585 0.1425016498584859 0 89 2 2060
1589 0.13967292094703354 0 89 2 1943
1596 0.1348570889745498 0 89 2 1710
1603 0.13020730377355147 0 89 2 1827
1607 0.12762262377137415 0 89 2 1788
1610 0.12571784015875842 0 89 2 2021
1622 0.11837878552950293 0 89 2 1788
1644 0.10601850029909869 0 89 2 2021
1654 0.10083526965126124 0 89 2 2060
1666 0.09494878964498858 0 89 2 2021
1672 0.09213569526814779 0 89 2 1904
1674 0.09121664170784802 0 89 2 2021
1677 0.08985522192827818 0 89 2 1904
1705 0.07808894978215429 0 89 2 1671
1707 0.0773100125080773 0 89 2 1710
1709 0.07653884513330923 0 89 2 1671
1710 0.07615615090764269 0 89 2 1710
1718 0.07316268440245352 0 89 2 1827
1719 0.07279687098044126 0 89 2 1633
1724 0.07099505765484936 0 89 2 1594
1730 0.06889165224842893 0 89 2 1595
1731 0.06854719398718678 0 89 2 1634
1732 0.06820445801725085 0 89 2 1517
1734 0.06752411854852877 0 89 2 1711
1737 0.06651631263867716 0 89 2 1517
1739 0.06585281242010636 0 89 2 1711
1744 0.06422287320227746 0 89 2 1750
1776 0.05470516282257723 0 89 2 1556
1778 0.05415947882342202 0 89 2 1517
1782 0.05308438612288736 0 89 2 1556
1784 0.052554869371311555 0 89 2 1517
