1 400 0 78 13 1674
2 398.0 0 78 13 1673
3 396.01 0 78 13 1867
4 394.02995 0 79 12 1906
5 392.05980024999997 0 77 14 1712
6 390.09950124874996 0 75 16 1713
7 388.1490037425062 0 76 15 1402
8 386.2082587237937 0 76 15 1246
9 384.2772174301747 0 79 12 1245
10 382.3558313430238 0 79 12 1206
11 380.4440521863087 0 78 13 1362
12 378.54183192537715 0 78 13 1595
13 376.6491227657503 0 78 13 1712
14 374.76587715192153 0 78 13 1401
15 372.8920477661619 0 76 15 1090
16 371.0275875273311 0 75 16 1091
17 369.17244958969445 0 75 16 974
18 367.326587341746 0 73 18 818
19 365.4899544050373 0 74 17 817
20 363.6625046330121 0 74 17 934
21 361.84419210984703 0 75 16 1128
22 360.0349711492978 0 76 15 1400
23 358.2347962935513 0 75 16 1478
24 356.44362231208356 0 75 16 1789
25 354.6614042005231 0 74 17 2100
26 352.8880971795205 0 73 18 2139
27 351.12365669362293 0 73 18 1828
28 349.36803841015484 0 72 19 1829
29 347.62119821810404 0 76 15 1830
30 345.8830922270135 0 76 15 1636
31 344.1536767658784 0 79 12 1558
32 342.432908382049 0 79 12 1869
33 340.72074384013877 0 80 11 1597
34 339.01714012093805 0 77 14 1675
35 337.32205442033336 0 79 12 1481
36 335.63544414823167 0 77 14 1675
37 333.95726692749054 0 76 15 1947
38 332.28748059285306 0 76 15 1946
39 330.6260431898888 0 75 16 1635
40 328.97291297393934 0 74 17 1674
41 327.32804840906965 0 76 15 1635
42 325.6914081670243 0 77 14 1402
43 324.06295112618915 0 81 10 1091
44 322.4426363705582 0 81 10 1247
45 320.8304231887054 0 82 9 1248
46 319.2262710727619 0 83 8 1442
47 317.6301397173981 0 84 7 1170
48 316.0419890188111 0 85 6 1209
49 314.461779073717 0 86 5 1520
50 312.88947017834846 0 84 7 1209
51 311.32502282745673 0 84 7 1520
52 309.7683977133195 0 85 6 1481
53 308.21955572475287 0 85 6 1170
54 306.6784579461291 0 83 8 1131
55 305.1450656563984 0 81 10 1170
56 303.6193403281164 0 81 10 1169
57 302.1012436264758 0 82 9 1052
58 300.59073740834344 0 81 10 858
59 299.0877837213017 0 80 11 819
60 297.5923448026952 0 78 13 1052
61 296.10438307868174 0 78 13 974
62 294.6238611632883 0 76 15 818
63 293.15074185747187 0 77 14 779
64 291.6849881481845 0 78 13 1090
65 290.2265632074436 0 79 12 857
66 288.77543039140636 0 84 7 1129
67 287.3315532394493 0 79 12 857
68 285.89489547325206 0 81 10 896
69 284.4654209958858 0 82 9 585
70 283.04309389090633 0 84 7 546
71 281.6278784214518 0 84 7 818
72 280.2197390293445 0 85 6 935
73 278.81864033419777 0 84 7 934
74 277.42454713252675 0 84 7 1090
75 276.03742439686414 0 83 8 1091
76 274.65723727487983 0 81 10 974
77 273.28395108850543 0 82 9 1207
78 271.9175313330629 0 80 11 1246
79 270.5579436763976 0 82 9 1207
80 269.2051539580156 0 80 11 1246
81 267.85912818822555 0 82 9 1557
82 266.5198325472844 0 83 8 1324
83 265.187233384548 0 84 7 1323
84 263.86129721762524 0 86 5 1401
85 262.5419907315371 0 86 5 1129
86 261.2292807778794 0 83 8 973
87 259.92313437399 0 84 7 1167
88 258.62351870212007 0 83 8 973
89 257.33040110860946 0 83 8 662
90 256.04374910306643 0 84 7 701
91 254.7635303575511 0 83 8 700
92 253.48971270576334 0 86 5 661
93 252.2222641422345 0 83 8 467
94 250.96115282152334 0 84 7 661
95 249.7063470574157 0 81 10 700
96 248.45781532212862 0 84 7 894
97 247.215526245518 0 83 8 855
98 245.9794486142904 0 83 8 777
99 244.74955137121893 0 81 10 466
100 243.52580361436284 0 81 10 272
101 242.30817459629102 0 81 10 273
102 241.09663372330957 0 83 8 274
103 239.891150554693 0 82 9 273
104 238.69169480191954 0 82 9 234
105 237.49823632790995 0 82 9 273
106 236.3107451462704 0 81 10 79
107 235.12919142053903 0 80 11 80
108 233.95354546343634 0 81 10 41
109 232.78377773611916 0 79 12 40
110 231.61985884743856 0 80 11 234
111 230.46175955320138 0 78 13 273
112 229.30945075543536 0 80 11 274
113 228.16290350165818 0 78 13 313
114 227.0220889841499 0 79 12 352
115 225.88697853922915 0 78 13 351
116 224.757543646533 0 79 12 662
117 223.63375592830033 0 78 13 351
118 222.51558714865882 0 79 12 350
119 221.40300921291552 0 79 12 583
120 220.29599416685093 0 83 8 894
121 219.19451419601668 0 83 8 895
122 218.0985416250366 0 84 7 856
123 217.0080489169114 0 84 7 857
124 215.92300867232686 0 84 7 1129
125 214.84339362896523 0 82 9 1090
126 213.7691766608204 0 83 8 1051
127 212.70033077751629 0 82 9 1129
128 211.6368291236287 0 81 10 1246
129 210.57864497801054 0 83 8 1013
130 209.5257517531205 0 84 7 1014
131 208.4781229943549 0 85 6 1013
132 207.43573237938313 0 84 7 741
133 206.3985537174862 0 84 7 430
134 205.36656094889878 0 84 7 352
135 204.3397281441543 0 83 8 585
136 203.3180295034335 0 82 9 586
137 202.30143935591633 0 82 9 469
138 201.28993215913675 0 83 8 236
139 200.28348249834107 0 81 10 235
140 199.28206508584935 0 81 10 391
141 198.2856547604201 0 82 9 392
142 197.294226486618 0 80 11 703
143 196.3077553541849 0 80 11 742
144 195.326216577414 0 80 11 741
145 194.3495854945269 0 80 11 742
146 193.37783756705426 0 78 13 743
147 192.41094837921898 0 78 13 704
148 191.4488936373229 0 76 15 510
149 190.49164916913628 0 76 15 549
150 189.5391909232906 0 78 13 548
151 188.59149496867414 0 73 18 547
152 187.64853749383076 0 72 19 586
153 186.71029480636162 0 75 16 897
154 185.7767433323298 0 75 16 1208
155 184.84785961566814 0 75 16 1519
156 183.9236203175898 0 75 16 1208
157 183.00400221600185 0 76 15 1441
158 182.08898220492185 0 77 14 1635
159 181.17853729389725 0 79 12 1907
160 180.27264460742776 0 82 9 1946
161 179.3712813843906 0 85 6 1945
162 178.47442497746866 0 81 10 1634
163 177.5820528525813 0 78 13 1635
164 176.6941425883184 0 77 14 1674
165 175.8106718753768 0 80 11 1673
166 174.93161851599993 0 81 10 1634
167 174.05696042341992 0 80 11 1751
168 173.1866756213028 0 80 11 1712
169 172.3207422431963 0 78 13 1713
170 171.4591385319803 0 77 14 1557
171 170.6018428393204 0 75 16 1363
172 169.7488336251238 0 73 18 1557
173 168.9000894569982 0 74 17 1596
174 168.0555890097132 0 77 14 1557
175 167.21531106466463 0 76 15 1518
176 166.3792345093413 0 76 15 1712
177 165.54733833679458 0 74 17 1401
178 164.7196016451106 0 74 17 1402
179 163.89600363688504 0 78 13 1403
180 163.0765236187006 0 78 13 1442
182 161.44983529560406 0 78 13 1403
183 160.64258611912604 0 74 17 1402
184 159.8393731885304 0 74 17 1558
185 159.04017632258774 0 74 17 1519
186 158.2449754409748 0 74 17 1558
187 157.45375056376992 0 73 18 1557
188 156.66648181095107 0 73 18 1556
189 155.8831494018963 0 72 19 1595
190 155.1037336548868 0 73 18 1596
191 154.32821498661238 0 72 19 1440
192 153.55657391167932 0 73 18 1751
193 152.78879104212092 0 76 15 1712
194 152.0248470869103 0 73 18 1751
195 151.26472285147577 0 78 13 1440
196 150.50839923721838 0 73 18 1751
197 149.7558572410323 0 76 15 1712
198 149.00707795482714 0 76 15 1713
199 148.262042565053 0 76 15 1674
200 147.52073235222775 0 79 12 1985
201 146.7831286904666 0 80 11 1791
202 146.0492130470143 0 77 14 1480
203 145.31896698177923 0 78 13 1208
204 144.59237214687033 0 79 12 1247
205 143.86941028613597 0 78 13 1246
206 143.1500632347053 0 79 12 1557
207 142.43431291853176 0 76 15 1558
208 141.7221413539391 0 78 13 1325
209 141.0135306471694 0 77 14 1364
210 140.30846299393355 0 75 16 1403
211 139.6069206789639 0 77 14 1209
212 138.90888607556906 0 75 16 898
213 138.2143416451912 0 75 16 937
214 137.52326993696525 0 75 16 898
215 136.83565358728043 0 74 17 1131
216 136.15147531934403 0 71 20 1014
217 135.4707179427473 0 76 15 975
218 134.79336435303358 0 75 16 664
219 134.11939753126842 0 72 19 742
220 133.44880054361207 0 70 21 703
221 132.781556540894 0 78 13 704
222 132.11764875818952 0 77 14 976
223 131.45706051439856 0 76 15 1015
224 130.79977521182656 0 79 12 1132
225 130.14577633576744 0 84 7 899
226 129.4950474540886 0 84 7 938
227 128.84757221681815 0 84 7 937
228 128.20333435573406 0 83 8 898
229 127.56231768395538 0 83 8 1209
230 126.9245060955356 0 83 8 1208
231 126.28988356505792 0 83 8 1169
232 125.65843414723263 0 85 6 1480
233 125.03014197649647 0 86 5 1441
234 124.40499126661399 0 85 6 1130
235 123.78296631028093 0 86 5 1441
236 123.16405147872952 0 87 4 1402
237 122.54823122133587 0 86 5 1596
238 121.93549006522919 0 86 5 1635
239 121.32581261490304 0 86 5 1596
240 120.71918355182852 0 84 7 1829
241 120.11558763406939 0 82 9 1828
242 119.51500969589904 0 85 6 1984
243 118.91743464741954 0 83 8 1751
244 118.32284747418244 0 80 11 1790
245 117.73123323681152 0 79 12 1829
246 117.14257707062747 0 82 9 1828
247 116.55686418527434 0 83 8 1867
248 115.97407986434796 0 85 6 1906
249 115.39420946502622 0 84 7 1907
250 114.81723841770109 0 83 8 1868
251 114.24315222561259 0 82 9 1829
252 113.67193646448453 0 83 8 1868
253 113.10357678216211 0 80 11 1557
254 112.5380588982513 0 82 9 1518
255 111.97536860376003 0 82 9 1517
256 111.41549176074123 0 81 10 1206
257 110.85841430193753 0 82 9 1517
258 110.30412223042784 0 80 11 1556
259 109.7526016192757 0 79 12 1245
260 109.20383861117932 0 78 13 1206
261 108.65781941812342 0 79 12 1128
262 108.1145303210328 0 81 10 1011
263 107.57395766942764 0 79 12 1012
264 107.0360878810805 0 76 15 701
265 106.5009074416751 0 79 12 662
266 105.96840290446671 0 82 9 856
267 105.43856088994438 0 82 9 1089
268 104.91136808549466 0 84 7 895
269 104.38681124506718 0 81 10 934
270 103.86487718884185 0 83 8 933
271 103.34555280289763 0 85 6 1244
272 102.82882503888314 0 81 10 1245
273 102.31468091368872 0 80 11 1556
274 101.80310750912028 0 77 14 1362
275 101.29409197157467 0 72 19 1363
276 100.7876215117168 0 72 19 1130
277 100.28368340415821 0 76 15 1441
278 99.78226498713742 0 76 15 1558
279 99.28335366220173 0 78 13 1869
280 98.78693689389073 0 76 15 1558
281 98.29300220942127 0 77 14 1791
282 97.80153719837416 0 79 12 1480
283 97.3125295123823 0 79 12 1519
284 96.82596686482039 0 79 12 1286
285 96.34183703049628 0 78 13 1169
286 95.8601278453438 0 81 10 1168
287 95.38082720611708 0 79 12 1246
288 94.90392307008649 0 80 11 1440
289 94.42940345473606 0 81 10 1557
290 93.95725643746238 0 80 11 1246
291 93.48747015527506 0 81 10 1557
292 93.02003280449868 0 81 10 1868
293 92.5549326404762 0 80 11 1557
294 92.09215797727381 0 78 13 1518
295 91.63169718738745 0 74 17 1751
296 91.17353870145051 0 75 16 1790
297 90.71767100794325 0 77 14 1791
298 90.26408265290354 0 80 11 1752
299 89.81276223963903 0 82 9 1441
300 89.36369842844083 0 83 8 1363
301 88.91687993629863 0 80 11 1402
302 88.47229553661714 0 81 10 1401
303 88.02993405893405 0 85 6 1712
304 87.58978438863937 0 85 6 1673
305 87.15183546669617 0 85 6 1867
306 86.71607628936269 0 85 6 1634
307 86.28249590791587 0 83 8 1635
308 85.8510834283763 0 84 7 1596
309 85.42182801123441 0 83 8 1479
310 84.99471887117824 0 81 10 1480
311 84.56974527682235 0 83 8 1169
313 83.72616206768603 0 82 9 1130
314 83.3075312573476 0 83 8 974
315 82.89099360106087 0 81 10 1285
316 82.47653863305557 0 82 9 1013
317 82.06415593989028 0 81 10 1285
318 81.65383516019084 0 80 11 1324
319 81.24556598438988 0 80 11 1363
320 80.83933815446794 0 77 14 1052
321 80.4351414636956 0 77 14 1285
322 80.03296575637712 0 78 13 1246
323 79.63280092759524 0 76 15 1285
324 79.23463692295726 0 79 12 1013
325 78.83846373834248 0 78 13 1091
326 78.44427141965078 0 79 12 1092
327 78.05205006255252 0 78 13 859
328 77.66178981223976 0 80 11 976
329 77.27348086317856 0 80 11 937
330 76.88711345886267 0 80 11 976
331 76.50267789156835 0 79 12 1209
332 76.12016450211051 0 82 9 898
333 75.73956367959995 0 83 8 665
334 75.36086586120196 0 81 10 664
335 74.98406153189595 0 82 9 547
336 74.60914122423647 0 83 8 858
337 74.23609551811528 0 79 12 1169
338 73.8649150405247 0 75 16 1168
339 73.49559046532208 0 75 16 1479
340 73.12811251299547 0 76 15 1440
341 72.7624719504305 0 76 15 1751
342 72.39865959067834 0 76 15 1440
343 72.03666629272495 0 79 12 1439
344 71.67648296126131 0 78 13 1556
345 71.31810054645501 0 78 13 1595
346 70.96151004372274 0 80 11 1634
347 70.60670249350413 0 78 13 1635
348 70.25366898103661 0 80 11 1674
349 69.90240063613143 0 85 6 1673
350 69.55288863295077 0 83 8 1634
351 69.20512418978602 0 83 8 1906
352 68.85909856883708 0 82 9 1712
353 68.5148030759929 0 81 10 1945
354 68.17222906061293 0 82 9 1712
355 67.83136791530987 0 83 8 1711
356 67.49221107573332 0 86 5 1633
357 67.15475002035465 0 85 6 1439
358 66.81897627025288 0 87 4 1478
359 66.48488138890161 0 85 6 1439
360 66.1524569819571 0 84 7 1440
361 65.82169469704732 0 84 7 1401
362 65.49258622356209 0 84 7 1362
363 65.16512329244428 0 84 7 1673
364 64.83929767598205 0 88 3 1634
365 64.51510118760214 0 87 4 1673
366 64.19252568166414 0 83 8 1712
367 63.87156305325581 0 87 4 1673
368 63.55220523798953 0 88 3 1672
369 63.234444211799584 0 87 4 1400
370 62.918271990740585 0 84 7 1401
371 62.60368063078688 0 82 9 1557
372 62.29066222763295 0 81 10 1596
373 61.979208916494784 0 82 9 1557
374 61.66931287191231 0 80 11 1246
375 61.36096630755275 0 79 12 1247
376 61.05416147601499 0 79 12 1248
377 60.748890668634914 0 79 12 1247
378 60.445146215291736 0 81 10 1091
379 60.142920484215274 0 78 13 974
380 59.8422058817942 0 78 13 1013
381 59.54299485238523 0 80 11 1014
382 59.2452798781233 0 78 13 1053
383 58.94905347873268 0 79 12 742
384 58.654308211339014 0 77 14 781
385 58.36103667028232 0 77 14 898
386 58.0692314869309 0 78 13 1209
387 57.77888532949625 0 77 14 1442
388 57.48999090284877 0 75 16 1598
389 57.20254094833452 0 75 16 1287
390 56.91652824359285 0 76 15 1131
391 56.631945602374884 0 77 14 1403
392 56.34878587436301 0 78 13 1286
393 56.067041944991196 0 78 13 1325
394 55.78670673526624 0 75 16 1403
395 55.50777320158991 0 74 17 1364
396 55.23023433558196 0 69 22 1053
397 54.95408316390405 0 70 21 1364
398 54.679312748084534 0 71 20 1520
399 54.405916184344115 0 75 16 1519
400 54.1338866034224 0 79 12 1713
401 53.863217170405285 0 78 13 1712
402 53.59390108455326 0 79 12 1829
403 53.32593157913049 0 78 13 1712
404 53.059301921234834 0 81 10 1673
405 52.79400541162866 0 79 12 1362
406 52.53003538457052 0 84 7 1361
407 52.26738520764766 0 82 9 1205
408 52.006048281609424 0 83 8 1516
409 51.74601804020138 0 85 6 1827
410 51.48728795000037 0 86 5 1749
411 51.22985151025037 0 83 8 1750
412 50.97370225269912 0 81 10 1439
413 50.718833741435624 0 80 11 1440
414 50.46523957272844 0 81 10 1439
416 49.96184880799047 0 79 12 1206
417 49.71203956395052 0 77 14 1245
418 49.46347936613077 0 78 13 1556
419 49.21616196930012 0 81 10 1867
420 48.97008115945361 0 83 8 1906
421 48.72523075365635 0 80 11 1595
422 48.481604599888065 0 81 10 1828
423 48.239196576888624 0 80 11 1789
424 47.99800059400418 0 82 9 1750
425 47.758010591034164 0 82 9 1828
426 47.51922053807899 0 80 11 1829
427 47.28162443538859 0 82 9 1830
428 47.045216313211654 0 85 6 1791
429 46.80999023164559 0 85 6 1558
430 46.575940280487366 0 84 7 1557
431 46.34306057908493 0 83 8 1751
432 46.1113452761895 0 83 8 1750
433 45.88078854980856 0 87 4 1439
434 45.65138460705951 0 87 4 1245
435 45.423127684024216 0 85 6 1246
436 45.19601204560409 0 83 8 974
437 44.970031985376075 0 83 8 663
438 44.745181825449194 0 78 13 974
439 44.52145591632195 0 83 8 663
440 44.29884863674034 0 84 7 664
441 44.07735439355664 0 83 8 781
442 43.85696762158886 0 84 7 703
443 43.63768278348091 0 83 8 781
444 43.41949436956351 0 82 9 1014
445 43.202396897715694 0 84 7 1013
446 42.98638491322711 0 82 9 819
447 42.771452988660975 0 80 11 780
448 42.55759572371767 0 82 9 819
449 42.34480774509908 0 82 9 702
450 42.13308370637359 0 85 6 896
451 41.92241828784172 0 85 6 935
452 41.71280619640251 0 84 7 896
453 41.5042421654205 0 84 7 857
455 41.09023734982043 0 85 6 1129
456 40.884786163071325 0 85 6 1090
457 40.680362232255966 0 82 9 779
459 40.27457561898922 0 82 9 1090
460 40.073202740894274 0 80 11 896
461 39.8728367271898 0 80 11 935
462 39.67347254355385 0 75 16 936
463 39.47510518083608 0 74 17 975
464 39.2777296549319 0 73 18 936
465 39.08134100665724 0 74 17 625
466 38.885934301623955 0 76 15 936
467 38.69150463011584 0 76 15 1247
468 38.49804710696526 0 77 14 1286
469 38.30555687143043 0 76 15 1403
470 38.114029087073284 0 76 15 1559
471 37.92345894163792 0 75 16 1520
472 37.733841646929726 0 77 14 1831
473 37.545172438695076 0 79 12 1753
474 37.3574465765016 0 77 14 2064
475 37.17065934361909 0 77 14 2103
476 36.984806046901 0 76 15 1831
477 36.799882016666494 0 73 18 1520
478 36.61588260658316 0 72 19 1559
479 36.43280319355025 0 75 16 1598
480 36.2506391775825 0 74 17 1792
481 36.06938598169459 0 73 18 2064
482 35.88903905178611 0 75 16 1831
483 35.709593856527185 0 75 16 1792
484 35.53104588724455 0 78 13 1793
485 35.353390657808326 0 77 14 1521
486 35.17662370451929 0 78 13 1365
487 35.00074058599669 0 76 15 1443
488 34.8257368830667 0 77 14 1326
489 34.65160819865137 0 75 16 1325
490 34.47835015765811 0 77 14 1326
491 34.30595840686982 0 77 14 1520
492 34.13442861483547 0 79 12 1481
493 33.96375647176129 0 79 12 1480
494 33.79393768940248 0 81 10 1636
495 33.62496800095547 0 80 11 1442
496 33.45684316095069 0 79 12 1481
497 33.289558945145934 0 81 10 1675
498 33.12311115042021 0 81 10 1674
499 32.9574955946681 0 81 10 1635
500 32.79270811669476 0 80 11 1557
501 32.62874457611129 0 80 11 1518
502 32.46560085323073 0 80 11 1635
504 32.14175648471976 0 80 11 1479
505 31.98104770229616 0 80 11 1557
506 31.82114246378468 0 82 9 1246
507 31.662036751465756 0 82 9 1168
508 31.503726567708426 0 82 9 1051
509 31.346207934869884 0 82 9 1050
510 31.189476895195536 0 83 8 1049
511 31.033529510719557 0 79 12 1088
512 30.87836186316596 0 80 11 1089
513 30.72397005385013 0 81 10 1361
514 30.57035020358088 0 82 9 1672
515 30.417498452562974 0 85 6 1983
516 30.26541096030016 0 84 7 2061
517 30.114083905498656 0 83 8 1867
518 29.963513485971163 0 84 7 1828
519 29.813695918541306 0 82 9 1517
520 29.6646274389486 0 82 9 1323
521 29.516304301753856 0 82 9 1517
522 29.368722780245086 0 83 8 1516
523 29.22187916634386 0 81 10 1517
524 29.075769770512142 0 80 11 1556
525 28.93039092165958 0 78 13 1284
526 28.78573896705128 0 78 13 1245
527 28.641810272216023 0 79 12 1246
528 28.498601220854944 0 80 11 935
529 28.35610821475067 0 74 17 936
530 28.214327673676916 0 73 18 1092
531 28.073256035308532 0 79 12 1091
532 27.93288975513199 0 79 12 780
533 27.793225306356327 0 81 10 897
534 27.654259179824546 0 79 12 703
535 27.515987883925423 0 81 10 664
536 27.378407944505796 0 81 10 703
537 27.241515904783267 0 81 10 392
538 27.10530832525935 0 76 15 393
539 26.969781783633053 0 74 17 392
540 26.834932874714887 0 75 16 431
541 26.700758210341313 0 78 13 353
542 26.567254419289608 0 78 13 392
543 26.43441814719316 0 78 13 353
544 26.302246056457193 0 78 13 664
545 26.170734826174908 0 79 12 665
546 26.039881152044032 0 79 12 626
547 25.909681746283812 0 79 12 665
548 25.780133337552392 0 76 15 704
549 25.65123267086463 0 76 15 703
550 25.522976507510307 0 79 12 742
551 25.395361624972757 0 76 15 703
552 25.26838481684789 0 78 13 702
554 25.016332678299833 0 78 13 1013
555 24.891251014908335 0 76 15 1207
556 24.766794759833793 0 74 17 1208
557 24.642960786034624 0 75 16 1209
558 24.51974598210445 0 75 16 1520
559 24.39714725219393 0 77 14 1519
560 24.275161515932957 0 79 12 1752
561 24.153785708353293 0 77 14 1519
562 24.033016779811526 0 76 15 1363
563 23.91285169591247 0 76 15 1246
564 23.793287437432905 0 75 16 1285
565 23.67432100024574 0 72 19 1363
566 23.55594939524451 0 72 19 1364
567 23.43816964826829 0 73 18 1325
568 23.320978800026946 0 78 13 1326
569 23.204373906026813 0 81 10 1325
570 23.08835203649668 0 81 10 1597
571 22.972910276314195 0 81 10 1325
572 22.858045724932623 0 78 13 1326
573 22.74375549630796 0 78 13 1325
574 22.630036718826418 0 77 14 1364
575 22.516886535232285 0 78 13 1520
576 22.404302102556123 0 83 8 1209
577 22.292280592043344 0 83 8 1015
578 22.180819189083127 0 82 9 976
579 22.069915093137713 0 79 12 1287
580 21.959565517672026 0 75 16 1248
581 21.849767690083667 0 73 18 1249
582 21.740518851633247 0 74 17 1171
584 21.523657176088207 0 74 17 1132
585 21.416038890207766 0 76 15 1326
586 21.308958695756726 0 76 15 1325
587 21.202413902277943 0 78 13 1519
588 21.096401832766553 0 78 13 1558
589 20.99091982360272 0 76 15 1364
590 20.885965224484707 0 78 13 1558
591 20.781535398362283 0 80 11 1557
592 20.67762772137047 0 80 11 1596
593 20.574239582763617 0 80 11 1440
594 20.4713683848498 0 79 12 1129
595 20.369011542925552 0 83 8 1440
596 20.267166485210925 0 84 7 1712
597 20.16583065278487 0 84 7 1673
598 20.065001499520946 0 87 4 1362
599 19.96467649202334 0 85 6 1479
600 19.864853109563224 0 85 6 1478
601 19.765528844015407 0 84 7 1634
602 19.66670119979533 0 84 7 1945
603 19.568367693796354 0 82 9 1673
604 19.470525855327374 0 84 7 1945
605 19.373173226050735 0 83 8 1634
606 19.27630735992048 0 81 10 1440
607 19.17992582312088 0 77 14 1518
608 19.084026194005276 0 80 11 1519
609 18.98860606303525 0 81 10 1363
610 18.893663032720074 0 82 9 1052
611 18.799194717556475 0 82 9 1051
612 18.70519874396869 0 84 7 1245
613 18.611672750248847 0 85 6 1244
614 18.518614386497603 0 83 8 1245
615 18.426021314565116 0 84 7 1284
616 18.33389120799229 0 84 7 1167
617 18.24222175195233 0 84 7 1323
618 18.151010643192567 0 83 8 1556
619 18.060255589976602 0 81 10 1517
620 17.96995431202672 0 81 10 1556
621 17.880104540466586 0 82 9 1478
622 17.790704017764252 0 80 11 1167
623 17.70175049767543 0 79 12 1478
624 17.613241745187054 0 82 9 1206
625 17.52517553646112 0 82 9 1323
626 17.437549658778813 0 83 8 1129
627 17.35036191048492 0 81 10 1090
628 17.263610100932496 0 84 7 1089
629 17.177292050427834 0 82 9 1090
630 17.091405590175693 0 82 9 896
631 17.005948562224816 0 83 8 897
632 16.920918819413693 0 80 11 898
633 16.836314225316624 0 78 13 976
634 16.752132654190042 0 80 11 1170
635 16.66837199091909 0 79 12 1131
636 16.585030130964494 0 77 14 820
637 16.50210498030967 0 75 16 1131
638 16.419594455408124 0 80 11 1170
639 16.337496483131083 0 82 9 1442
640 16.255809000715427 0 84 7 1753
641 16.17452995571185 0 82 9 1597
642 16.09365730593329 0 84 7 1598
643 16.013189019403626 0 82 9 1597
644 15.933123074306607 0 80 11 1596
645 15.853457458935074 0 80 11 1597
647 15.695319220782197 0 78 13 1791
648 15.616842624678286 0 79 12 1558
649 15.538758411554895 0 79 12 1597
650 15.46106461949712 0 78 13 1403
651 15.383759296399635 0 81 10 1092
652 15.306840499917637 0 84 7 1131
654 15.15415476593096 0 83 8 1287
656 15.002992072140799 0 86 5 1288
657 14.927977111780095 0 83 8 1249
659 14.779070540090089 0 81 10 1560
660 14.705175187389639 0 83 8 1599
662 14.558491064895428 0 78 13 1910
664 14.413270116523096 0 80 11 1716
665 14.341203765940481 0 77 14 1715
666 14.269497747110778 0 80 11 1909
667 14.198150258375223 0 79 12 1637
668 14.127159507083347 0 79 12 1948
669 14.05652370954793 0 77 14 2142
670 13.98624109100019 0 75 16 1831
671 13.91630988554519 0 76 15 1830
672 13.846728336117463 0 76 15 2063
673 13.777494694436877 0 79 12 2062
674 13.708607220964693 0 80 11 1945
675 13.640064184859868 0 80 11 1906
677 13.50400454461589 0 79 12 2178
678 13.43648452189281 0 76 15 2179
679 13.369302099283345 0 78 13 1868
680 13.302455588786929 0 75 16 1869
681 13.235943310842995 0 78 13 2180
682 13.16976359428878 0 79 12 2219
684 13.03839520243575 0 78 13 2180
685 12.973203226423571 0 79 12 2102
686 12.908337210291453 0 81 10 1830
687 12.843795524239995 0 83 8 1829
688 12.779576546618795 0 83 8 1635
689 12.7156786638857 0 82 9 1752
690 12.652100270566272 0 81 10 1753
691 12.588839769213441 0 82 9 1792
692 12.525895570367375 0 80 11 1753
693 12.463266092515537 0 79 12 1947
694 12.40094976205296 0 81 10 1986
695 12.338945013242695 0 80 11 1675
696 12.27725028817648 0 79 12 1636
697 12.215864036735598 0 80 11 1403
698 12.15478471655192 0 81 10 1442
699 12.09401079296916 0 81 10 1714
700 12.033540739004314 0 79 12 1675
701 11.973373035309292 0 80 11 1481
702 11.913506170132745 0 81 10 1480
703 11.853938639282081 0 79 12 1324
704 11.79466894608567 0 78 13 1557
705 11.735695601355241 0 77 14 1558
706 11.677017123348465 0 76 15 1636
707 11.618632037731723 0 75 16 1597
708 11.560538877543065 0 74 17 1558
709 11.50273618315535 0 79 12 1247
710 11.445222502239572 0 74 17 1558
711 11.387996389728373 0 75 16 1597
712 11.331056407779732 0 74 17 1325
713 11.274401125740834 0 71 20 1364
714 11.21802912011213 0 74 17 1325
715 11.16193897451157 0 75 16 1208
716 11.106129279639012 0 76 15 1130
717 11.050598633240817 0 76 15 1402
718 10.995345640074612 0 78 13 1401
719 10.94036891187424 0 77 14 1207
720 10.885667067314868 0 77 14 1206
721 10.831238731978294 0 78 13 1362
722 10.777082538318403 0 81 10 1361
723 10.723197125626811 0 83 8 1672
724 10.669581139998677 0 79 12 1673
725 10.616233234298683 0 76 15 1751
726 10.56315206812719 0 75 16 1712
727 10.510336307786554 0 76 15 1751
728 10.457784626247621 0 75 16 1440
729 10.405495703116383 0 79 12 1634
730 10.353468224600801 0 79 12 1673
731 10.301700883477798 0 80 11 1984
732 10.250192379060408 0 81 10 1945
733 10.198941417165106 0 82 9 1634
735 10.097206976528884 0 83 8 1945
736 10.04672094164624 0 82 9 1984
737 9.99648733693801 0 82 9 2023
738 9.94650490025332 0 86 5 2022
739 9.896772375752054 0 83 8 1711
740 9.847288513873293 0 84 7 1712
741 9.798052071303927 0 81 10 1906
742 9.749061810947406 0 80 11 1945
743 9.700316501892669 0 84 7 1634
744 9.651814919383206 0 80 11 1945
745 9.603555844786289 0 81 10 1906
746 9.555538065562358 0 84 7 1712
747 9.507760375234545 0 82 9 1713
748 9.460221573358373 0 82 9 1712
749 9.412920465491581 0 81 10 1673
750 9.365855863164123 0 81 10 1634
751 9.319026583848302 0 81 10 1556
752 9.27243145092906 0 83 8 1517
753 9.226069293674415 0 83 8 1323
755 9.134039252470012 0 85 6 1012
756 9.088369056207663 0 85 6 1323
757 9.042927210926624 0 85 6 1362
758 8.997712574871992 0 84 7 1363
759 8.952724011997631 0 85 6 1441
760 8.907960391937642 0 85 6 1402
762 8.819103487028064 0 85 6 1401
764 8.731132929744959 0 84 7 1440
767 8.6008196793769 0 84 7 1207
768 8.557815580980014 0 80 11 896
769 8.515026503075115 0 84 7 1207
770 8.472451370559739 0 84 7 1246
771 8.43008911370694 0 81 10 974
772 8.387938668138405 0 83 8 973
773 8.345998974797713 0 84 7 1090
774 8.304268979923725 0 86 5 1284
775 8.262747635024105 0 88 3 1245
776 8.221433896848986 0 88 3 934
777 8.18032672736474 0 86 5 935
778 8.139425093727917 0 88 3 934
779 8.098727968259277 0 86 5 895
780 8.058234328417981 0 86 5 934
781 8.01794315677589 0 83 8 778
783 7.937964173787051 0 83 8 700
784 7.898274352918116 0 84 7 661
785 7.858782981153525 0 82 9 662
786 7.819489066247757 0 81 10 895
787 7.780391620916519 0 81 10 1206
788 7.7414896628119365 0 82 9 1478
789 7.702782214497876 0 82 9 1789
790 7.664268303425387 0 84 7 1788
791 7.62594696190826 0 88 3 1749
792 7.587817227098718 0 87 4 1788
794 7.512128750258408 0 88 3 1749
795 7.474568106507116 0 86 5 1750
796 7.43719526597458 0 84 7 1478
797 7.400009289644707 0 82 9 1167
798 7.363009243196483 0 79 12 1206
799 7.3261941969805005 0 81 10 1362
800 7.289563225995598 0 82 9 1673
801 7.25311540986562 0 84 7 1945
802 7.216849832816291 0 82 9 1984
803 7.18076558365221 0 82 9 1712
805 7.1091374469552795 0 82 9 1751
806 7.073591759720503 0 84 7 1750
807 7.038223800921901 0 83 8 1751
808 7.003032681917291 0 85 6 1712
809 6.968017518507704 0 84 7 1673
810 6.9331774309151655 0 85 6 1440
812 6.864018986041787 0 87 4 1712
813 6.829698891111578 0 87 4 1906
814 6.79555039665602 0 85 6 1945
815 6.761572644672739 0 84 7 1946
816 6.727764781449376 0 85 6 2024
817 6.694125957542129 0 84 7 1985
818 6.6606553277544185 0 85 6 1791
819 6.627352051115646 0 84 7 1985
820 6.594215290860068 0 83 8 1984
821 6.561244214405767 0 82 9 2217
822 6.528437993333738 0 85 6 2216
823 6.495795803367069 0 83 8 1905
825 6.431000240228483 0 83 8 1944
826 6.398845239027341 0 84 7 1711
827 6.366851012832204 0 83 8 1944
828 6.335016757768043 0 84 7 1866
829 6.303341673979203 0 81 10 1867
830 6.271824965609307 0 80 11 1595
831 6.24046584078126 0 81 10 1867
832 6.209263511577354 0 83 8 1868
833 6.178217194019467 0 82 9 1907
834 6.14732610804937 0 82 9 1908
835 6.116589477509123 0 82 9 1907
836 6.086006530121577 0 82 9 1713
837 6.05557649747097 0 84 7 1752
838 6.0252986149836145 0 83 8 1753
839 5.995172121908697 0 83 8 1947
840 5.965196261299153 0 84 7 1948
841 5.935370279992657 0 84 7 1909
842 5.905693428592694 0 84 7 1715
843 5.876164961449731 0 83 8 1404
844 5.846784136642482 0 83 8 1715
845 5.817550215959269 0 83 8 1598
846 5.788462464879473 0 83 8 1637
847 5.759520152555075 0 83 8 1715
848 5.7307225517923 0 84 7 1714
849 5.702068939033339 0 83 8 1520
850 5.673558594338172 0 80 11 1364
852 5.6169648473596485 0 79 12 1325
853 5.58888002312285 0 79 12 1286
856 5.505465290167739 0 80 11 1480
857 5.4779379637169 0 83 8 1636
858 5.450548273898315 0 82 9 1325
859 5.423295532528823 0 82 9 1053
861 5.369198159591848 0 82 9 1054
862 5.342352168793889 0 79 12 1015
863 5.315640407949919 0 82 9 1014
864 5.289062205910169 0 81 10 703
865 5.262616894880618 0 82 9 1014
866 5.2363038104062145 0 79 12 1015
867 5.210122291354184 0 78 13 1054
868 5.1840716798974125 0 79 12 1015
869 5.158151321497925 0 79 12 704
870 5.132360564890436 0 78 13 821
871 5.106698762065983 0 80 11 820
872 5.081165268255654 0 78 13 821
873 5.055759441914375 0 80 11 820
874 5.030480644704803 0 80 11 626
875 5.005328241481279 0 80 11 820
876 4.980301600273872 0 83 8 781
877 4.9554000922725026 0 86 5 820
878 4.93062309181114 0 86 5 859
879 4.905969976352084 0 85 6 1131
880 4.8814401264703235 0 84 7 1170
882 4.832747761208782 0 84 7 1209
883 4.808584022402738 0 82 9 1248
884 4.784541102290724 0 80 11 1247
885 4.760618396779271 0 82 9 1248
886 4.736815304795375 0 82 9 1249
887 4.713131228271398 0 81 10 1560
888 4.689565572130041 0 81 10 1521
890 4.642787155548044 0 83 8 1520
891 4.619573219770304 0 83 8 1831
892 4.596475353671453 0 81 10 1792
893 4.573492976903095 0 81 10 1714
894 4.55062551201858 0 81 10 2025
895 4.527872384458487 0 83 8 2024
896 4.505233022536194 0 83 8 2102
897 4.482706857423513 0 83 8 1791
898 4.460293323136395 0 79 12 1635
899 4.437991856520713 0 78 13 1674
900 4.41580189723811 0 79 12 1635
901 4.393722887751919 0 80 11 1324
902 4.37175427331316 0 78 13 1325
903 4.349895501946594 0 80 11 1286
904 4.328146024436861 0 79 12 1247
905 4.306505294314676 0 80 11 1558
906 4.284972767843103 0 80 11 1869
907 4.263547904003887 0 82 9 1908
909 4.221019013661448 0 83 8 1947
910 4.199913918593141 0 80 11 2141
911 4.178914349000175 0 82 9 1908
913 4.137229678368898 0 84 7 1907
914 4.116543529977054 0 84 7 1868
915 4.095960812327169 0 85 6 1557
916 4.075481008265533 0 86 5 1558
919 4.014653944782044 0 83 8 1559
920 3.9945806750581334 0 85 6 1481
921 3.9746077716828427 0 85 6 1792
922 3.9547347328244284 0 85 6 1481
925 3.8957098225951823 0 85 6 1792
926 3.8762312734822064 0 85 6 1481
927 3.8568501171147953 0 84 7 1442
929 3.818378037196575 0 84 7 1248
931 3.7802897162755396 0 84 7 1442
932 3.7613882676941617 0 82 9 1131
933 3.742581326355691 0 83 8 1130
934 3.7238684197239125 0 83 8 1129
936 3.686722832237167 0 85 6 1440
937 3.668289218075981 0 85 6 1751
938 3.649947771985601 0 85 6 2062
939 3.631698033125673 0 84 7 2218
943 3.559607013588923 0 83 8 2257
944 3.5418089785209785 0 82 9 2256
945 3.524099933628374 0 82 9 1984
946 3.506479433960232 0 83 8 2023
947 3.4889470367904307 0 83 8 1829
948 3.4715023016064785 0 87 4 1828
949 3.454144790098446 0 87 4 2022
950 3.4368740661479538 0 87 4 1711
951 3.419689695817214 0 87 4 1400
952 3.402591247338128 0 87 4 1401
953 3.3855782911014374 0 87 4 1400
955 3.3518071476477007 0 83 8 1401
956 3.335048111909462 0 84 7 1440
957 3.318372871349915 0 83 8 1673
959 3.285272101958199 0 79 12 1362
960 3.2688457414484082 0 78 13 1363
961 3.252501512741166 0 78 13 1130
962 3.23623900517746 0 79 12 1169
963 3.2200578101515727 0 78 13 1480
964 3.203957521100815 0 78 13 1169
965 3.187937733495311 0 77 14 1170
966 3.171998044827834 0 78 13 1169
967 3.1561380546036952 0 78 13 858
969 3.124655577509023 0 78 13 859
970 3.109032299621478 0 79 12 858
971 3.0934871381233706 0 79 12 1130
972 3.0780197024327536 0 79 12 1131
973 3.06262960392059 0 82 9 1442
976 3.0169194742533745 0 82 9 1403
977 3.0018348768821075 0 82 9 1402
978 2.986825702497697 0 80 11 1635
979 2.9718915739852085 0 80 11 1634
982 2.927535720757033 0 80 11 1635
985 2.883841884182769 0 82 9 1402
986 2.8694226747618554 0 81 10 1713
987 2.855075561388046 0 82 9 1714
988 2.8408001835811056 0 81 10 1713
989 2.8265961826632 0 81 10 2024
990 2.812463201749884 0 82 9 1713
992 2.784408881312429 0 82 9 1402
993 2.770486836905867 0 81 10 1713
994 2.7566344027213376 0 80 11 1752
995 2.742851230707731 0 81 10 1753
996 2.7291369745541925 0 80 11 1714
997 2.7154912896814216 0 81 10 1558
998 2.7019138332330144 0 81 10 1636
999 2.688404264066849 0 82 9 1792
1000 2.6749622427465147 0 83 8 2103
1001 2.6615874315327823 0 84 7 1831
1005 2.6087535918866327 0 84 7 1792
1006 2.5957098239271996 0 83 8 1481
1007 2.5827312748075637 0 81 10 1403
1008 2.5698176184335257 0 81 10 1247
1010 2.5441836876896513 0 82 9 1053
1012 2.518805455404947 0 84 7 1364
1014 2.4936803709872826 0 83 8 1363
1015 2.481211969132346 0 82 9 1635
1016 2.4688059092866843 0 82 9 1441
1017 2.456461879740251 0 83 8 1402
1019 2.431958672489842 0 82 9 1635
1020 2.4197988791273928 0 81 10 1634
1021 2.407699884731756 0 81 10 1673
1022 2.395661385308097 0 81 10 1634
1023 2.3836830783815564 0 83 8 1633
1024 2.3717646629896487 0 85 6 1789
1026 2.348106310476327 0 86 5 1478
1028 2.3246839500293253 0 85 6 1361
1029 2.3130605302791785 0 86 5 1478
1030 2.3014952276277825 0 87 4 1439
1031 2.2899877514896434 0 87 4 1750
1032 2.2785378127321954 0 87 4 1478
1033 2.2671451236685343 0 86 5 1479
1035 2.244530351059941 0 85 6 1518
1037 2.222141160808118 0 86 5 1712
1038 2.2110304550040776 0 86 5 1711
1039 2.199975302729057 0 82 9 1400
1040 2.188975426215412 0 83 8 1089
1041 2.178030549084335 0 83 8 1167
1043 2.156304694357219 0 85 6 1439
1045 2.1347955550310056 0 87 4 1478
1046 2.1241215772558504 0 88 3 1439
1053 2.0508832391740506 0 86 5 1750
1058 2.0001213218030447 0 83 8 1556
1060 1.9801701116180592 0 80 11 1750
1062 1.9604179147546692 0 81 10 1633
1065 1.9311584323247164 0 84 7 1827
1066 1.9215026401630928 0 86 5 2138
1068 1.9023356513274658 0 83 8 1944
1070 1.8833598532054743 0 81 10 1711
1071 1.8739430539394468 0 83 8 2022
1072 1.8645733386697496 0 83 8 2139
1073 1.855250471976401 0 82 9 2178
1074 1.845974219616519 0 82 9 2411
1076 1.827560626775844 0 86 5 2100
1077 1.8184228236419648 0 85 6 2101
1078 1.809330709523755 0 85 6 1984
1079 1.8002840559761362 0 85 6 1673
1080 1.7912826356962555 0 85 6 1984
1081 1.782326222517774 0 83 8 1985
1083 1.7645475184481592 0 82 9 2024
1084 1.7557247808559184 0 83 8 2141
1085 1.746946156951639 0 85 6 2142
1086 1.7382114261668806 0 85 6 2141
1087 1.7295203690360461 0 86 5 1908
1088 1.720872767190866 0 87 4 1714
1089 1.7122684033549116 0 88 3 1597
1090 1.703707061338137 0 88 3 1791
1091 1.6951885260314463 0 88 3 1790
1092 1.686712583401289 0 87 4 1984
1093 1.6782790204842826 0 86 5 1945
1094 1.669887625381861 0 87 4 1906
1095 1.6615381872549517 0 88 3 1945
1096 1.653230496318677 0 87 4 1673
1097 1.6449643438370836 0 86 5 1634
1098 1.6367395221178982 0 87 4 1906
1100 1.620413045384772 0 86 5 1867
1101 1.6123109801578481 0 87 4 1906
1102 1.604249425257059 0 86 5 1907
1105 1.5803058020539191 0 86 5 1596
1106 1.5724042730436496 0 87 4 1713
1107 1.5645422516784313 0 86 5 1635
1108 1.5567195404200391 0 87 4 1634
1113 1.5181887907551017 0 87 4 1867
1114 1.5105978468013261 0 87 4 1828
1116 1.4955296332794827 0 88 3 1789
1117 1.4880519851130853 0 88 3 1595
1118 1.48061172518752 0 88 3 1401
1120 1.4658426232287742 0 85 6 1402
1121 1.4585134101126302 0 85 6 1091
1122 1.451220843062067 0 85 6 1402
1127 1.415301317700757 0 87 4 1403
1128 1.408224811112253 0 86 5 1442
1131 1.3872068797783013 0 85 6 1209
1133 1.3733694911525127 0 85 6 1208
1134 1.3665026436967502 0 86 5 1169
1135 1.3596701304782666 0 85 6 897
1138 1.339376883822112 0 85 6 896
1139 1.3326799994030014 0 85 6 935
1140 1.3260165994059865 0 84 7 624
1142 1.312789583826912 0 85 6 935
1143 1.3062256359077773 0 85 6 934
1145 1.2931960351895972 0 84 7 935
1146 1.2867300550136493 0 85 6 1207
1147 1.2802964047385812 0 85 6 1401
1148 1.2738949227148884 0 85 6 1712
1149 1.2675254481013138 0 86 5 1751
1150 1.2611878208608072 0 87 4 1712
1152 1.2486074723477205 0 88 3 1906
1153 1.242364434985982 0 88 3 1907
1154 1.236152612811052 0 88 3 1751
1157 1.2177028805457704 0 87 4 1790
1159 1.2055562943123261 0 86 5 2101
1160 1.1995285128407644 0 86 5 2062
1161 1.1935308702765606 0 86 5 2101
1163 1.1816253998455517 0 87 4 2062
1164 1.1757172728463239 0 88 3 2061
1165 1.1698386864820922 0 88 3 1867
1168 1.152378697856511 0 88 3 1673
1170 1.1408837203453923 0 86 5 1829
1171 1.1351793017436653 0 88 3 2023
1174 1.1182366087677285 0 89 2 2022
1176 1.1070821985952704 0 88 3 1711
1182 1.074282131114544 0 87 4 1400
1187 1.0476923088705696 0 88 3 1711
1189 1.0372415780895858 0 88 3 1750
1191 1.0268950933481422 0 88 3 1789
1196 1.0014781593747473 0 86 5 1595
1197 0.9964707685778735 0 86 5 1906
1198 0.9914884147349842 0 85 6 1907
1199 0.9865309726613093 0 86 5 2140
1200 0.9815983177980028 0 87 4 1984
1202 0.9718068745779677 0 88 3 1983
1203 0.9669478402050778 0 87 4 2177
1208 0.9430146754938922 0 88 3 1983
1211 0.9289400635853114 0 89 2 1866
1212 0.9242953632673849 0 88 3 1983
1213 0.919673886451048 0 88 3 1750
1215 0.9105001394336988 0 88 3 1711
1216 0.9059476387365303 0 88 3 1672
1219 0.8924262569849327 0 87 4 1711
1225 0.8659859064058887 0 87 4 1905
1227 0.8573476969894899 0 87 4 1983
1229 0.8487956537120197 0 88 3 2022
1231 0.8403289170662422 0 89 2 2178
1233 0.8319466361185065 0 89 2 2139
1235 0.8236479684232244 0 88 3 2140
1236 0.8195297285811083 0 87 4 1868
1237 0.8154320799382028 0 88 3 1867
1238 0.8113549195385118 0 88 3 1556
1239 0.8072981449408192 0 89 2 1828
1242 0.7952491192153093 0 88 3 1789
1243 0.7912728736192327 0 89 2 1750
1247 0.7755657119359997 0 87 4 1789
1248 0.7716878833763197 0 85 6 1790
1249 0.7678294439594381 0 85 6 1829
1256 0.7413551813710834 0 85 6 1868
1257 0.7376484054642279 0 85 6 1907
1258 0.7339601634369068 0 85 6 1635
1259 0.7302903626197224 0 85 6 1907
1261 0.7230057162525907 0 85 6 1596
1263 0.7157937342329711 0 87 4 1557
1269 0.6945865620691402 0 87 4 1518
1271 0.6876580611125005 0 87 4 1479
1272 0.684219770806938 0 87 4 1712
1273 0.6807986719529032 0 88 3 1595
1276 0.6706376666741722 0 88 3 1906
1277 0.6672844783408014 0 88 3 1828
1279 0.6606283156693519 0 88 3 1829
1283 0.64751451370205 0 88 3 1790
1286 0.6378502786457327 0 87 4 1829
1287 0.6346610272525041 0 87 4 1828
1289 0.6283302835056602 0 86 5 1867
1292 0.6189523754830528 0 87 4 1868
1293 0.6158576136056375 0 87 4 1867
1298 0.6006143697695115 0 86 5 1984
1299 0.597611297920664 0 87 4 1945
1302 0.5886918745977858 0 87 4 2256
1303 0.5857484152247969 0 86 5 2062
1307 0.5741210166744697 0 85 6 2063
1309 0.5683941595331419 0 85 6 2064
1310 0.5655521887354762 0 83 8 2063
1311 0.5627244277917988 0 84 7 2257
1312 0.5599108056528398 0 83 8 2063
1318 0.5433220534970346 0 83 8 1752
1321 0.5352129039333346 0 85 6 1441
1323 0.5298741552165996 0 85 6 1402
1326 0.5219657172157225 0 85 6 1441
1328 0.5167591091864957 0 85 6 1480
1330 0.5116044370723604 0 86 5 1169
1333 0.5039686768985007 0 86 5 1363
1337 0.4939646469927074 0 86 5 1674
1338 0.4914948237577439 0 87 4 1441
1340 0.4865921628907604 0 87 4 1285
1349 0.46512837741774204 0 87 4 1286
1350 0.4628027355306533 0 87 4 1597
1356 0.4490910518138242 0 87 4 1286
1363 0.4336066828236352 0 87 4 975
1364 0.431438649409517 0 87 4 1286
1366 0.42713504888165704 0 87 4 1597
1367 0.42499937363724877 0 87 4 1598
1368 0.42287437676906253 0 86 5 1909
1370 0.41865620486079114 0 87 4 1908
1371 0.4165629238364872 0 87 4 1597
1374 0.41034567012786216 0 87 4 1403
1377 0.404221209707995 0 87 4 1714
1378 0.402200103659455 0 87 4 1713
1379 0.40018910314115774 0 87 4 1674
1381 0.3961972168373247 0 87 4 1635
1383 0.39224514959937234 0 88 3 1829
1390 0.378720790549069 0 88 3 1828
1395 0.3693469787643103 1 91 0 1827
1407 0.34778553886939423 1 91 0 2060
1410 0.3425947962285762 1 91 0 1827
1415 0.3341151478479618 1 91 0 2060
1420 0.3258453813378557 1 91 0 1943
1424 0.31937718779926194 1 91 0 2060
1428 0.3130373911324634 1 91 0 1827
1466 0.2587457850015299 1 91 0 2060
1471 0.2523415041982827 1 91 0 1943
1474 0.24857527570543533 1 91 0 2060
1475 0.24733239932690815 1 91 0 1827
1477 0.2448652586436222 1 91 0 2060
1479 0.24242272768865208 1 91 0 1943
1481 0.2400045609799578 1 91 0 2137
1522 0.19541855858017734 1 91 0 1943
1523 0.19444146578727645 1 91 0 2137
1530 0.1877372498135154 1 91 0 1943
1535 0.18309051879516086 1 91 0 2060
1537 0.18126419087017914 1 91 0 1827
1547 0.17240220822730865 1 91 0 2060
1567 0.15595684438491034 1 91 0 1943
1571 0.1528610231429207 1 91 0 2137
1607 0.12762262377137415 1 91 0 2293
1610 0.12571784015875842 1 91 0 2099
1618 0.12077625449384789 1 91 0 2177
1637 0.10980448802356702 1 91 0 2099
1663 0.09638738339051495 1 91 0 2293
1673 0.09167501679180705 1 91 0 2099
1676 0.09030675570681224 1 91 0 2177
1686 0.08589167020224679 1 91 0 2099
1687 0.08546221185123556 1 91 0 2293
1698 0.08087755558640346 1 91 0 2137
1706 0.07769850503324352 1 91 0 1943
1708 0.07692346244553691 1 91 0 2060
1719 0.07279687098044126 1 91 0 1943
1729 0.06923784145570747 1 91 0 2137
1731 0.06854719398718678 1 91 0 2293
1738 0.06618373107548378 1 91 0 2099
1742 0.06486995096313472 1 91 0 2293
1744 0.06422287320227746 1 91 0 2137
1759 0.059571144270786726 1 91 0 2293
1780 0.053619238022158386 1 91 0 2099
