1 91 0 2293 1793 0.13173794746398926
1 91 0 2293 1793 0.1285099983215332
1 91 0 2293 1793 0.1317305564880371
1 91 0 1984 1793 0.13687586784362793
0 89 2 1556 1793 0.1548290252685547
1 91 0 1984 1793 0.1371614933013916
1 91 0 2293 1793 0.14963436126708984
1 91 0 1984 1793 0.18221759796142578
1 91 0 2293 1793 0.14064812660217285
1 91 0 1984 1793 0.1374204158782959
1 91 0 2293 1793 0.14319753646850586
1 91 0 2293 1793 0.12891483306884766
0 89 2 1130 1793 0.09903693199157715
1 91 0 2293 1793 0.09480142593383789
1 91 0 1984 1793 0.09920573234558105
1 91 0 1984 1793 0.10817480087280273
1 91 0 2293 1793 0.09905719757080078
0 90 1 1789 1793 0.10399055480957031
1 91 0 2293 1793 0.1349325180053711
1 91 0 2293 1793 0.09168577194213867
0 89 2 1635 1793 0.08369302749633789
0 89 2 1558 1793 0.08311247825622559
1 91 0 1984 1793 0.07867860794067383
1 91 0 2137 1793 0.08195018768310547
0 90 1 2255 1793 0.09193944931030273
1 91 0 2293 1793 0.09411954879760742
1 91 0 2293 1793 0.08344769477844238
0 90 1 1555 1793 0.08737707138061523
0 90 1 1711 1793 0.09305191040039062
1 91 0 2293 1793 0.08642029762268066
