0 89 2 1868 1793 0.1566023826599121
0 89 2 1675 1793 0.1558833122253418
0 90 1 2217 1793 0.1529407501220703
0 89 2 1829 1793 0.1517643928527832
0 89 2 1286 1793 0.16616058349609375
0 89 2 1246 1793 0.15778112411499023
0 90 1 1671 1793 0.1649460792541504
0 89 2 1246 1793 0.15842485427856445
0 89 2 1866 1793 0.16385364532470703
0 90 1 1788 1793 0.16070866584777832
0 89 2 1672 1793 0.1990492343902588
0 90 1 2217 1793 0.16159820556640625
0 89 2 1520 1793 0.10771727561950684
0 88 3 1478 1793 0.12882328033447266
0 88 3 1908 1793 0.09921121597290039
0 89 2 1325 1793 0.10079288482666016
0 89 2 1286 1793 0.09820270538330078
0 88 3 1481 1793 0.10094738006591797
0 88 3 1362 1793 0.10883235931396484
0 89 2 1243 1793 0.09972071647644043
0 90 1 2177 1793 0.09771943092346191
0 90 1 1752 1793 0.09770727157592773
0 90 1 1749 1793 0.13164258003234863
0 89 2 1130 1793 0.10743379592895508
0 89 2 2022 1793 0.09675240516662598
1 91 0 2137 1793 0.09181904792785645
0 89 2 1477 1793 0.09820866584777832
0 89 2 1905 1793 0.09497666358947754
0 89 2 1364 1793 0.09803986549377441
0 88 3 974 1793 0.15092229843139648
