1 400 0 79 12 976
2 398.0 0 78 13 1558
3 396.01 0 82 9 1129
4 394.02995 0 74 17 1712
5 392.05980024999997 0 83 8 1246
6 390.09950124874996 0 75 16 1208
7 388.1490037425062 0 80 11 1014
8 386.2082587237937 0 81 10 857
9 384.2772174301747 0 77 14 1361
10 382.3558313430238 0 76 15 935
11 380.4440521863087 0 84 7 1441
12 378.54183192537715 0 81 10 973
13 376.6491227657503 0 79 12 1088
14 374.76587715192153 0 83 8 1013
15 372.8920477661619 0 75 16 1248
16 371.0275875273311 0 78 13 1480
17 369.17244958969445 0 85 6 1985
18 367.326587341746 0 81 10 975
19 365.4899544050373 0 79 12 2064
20 363.6625046330121 0 79 12 1907
21 361.84419210984703 0 76 15 1792
22 360.0349711492978 0 86 5 1712
23 358.2347962935513 0 80 11 741
24 356.44362231208356 0 82 9 1287
25 354.6614042005231 0 74 17 1130
26 352.8880971795205 0 84 7 1907
27 351.12365669362293 0 83 8 1517
28 349.36803841015484 0 81 10 1207
29 347.62119821810404 0 78 13 352
30 345.8830922270135 0 82 9 1596
31 344.1536767658784 0 82 9 1168
32 342.432908382049 0 70 21 859
33 340.72074384013877 0 76 15 1440
34 339.01714012093805 0 81 10 2065
35 337.32205442033336 0 76 15 1091
36 335.63544414823167 0 84 7 1208
37 333.95726692749054 0 79 12 1598
38 332.28748059285306 0 80 11 1052
39 330.6260431898888 0 82 9 1711
40 328.97291297393934 0 82 9 1750
41 327.32804840906965 0 80 11 1401
42 325.6914081670243 0 82 9 1715
43 324.06295112618915 0 78 13 1284
44 322.4426363705582 0 82 9 1594
45 320.8304231887054 0 67 24 1830
46 319.2262710727619 0 77 14 1402
47 317.6301397173981 0 78 13 1364
48 316.0419890188111 0 76 15 1479
49 314.461779073717 0 81 10 1364
50 312.88947017834846 0 75 16 1754
51 311.32502282745673 0 79 12 1556
52 309.7683977133195 0 76 15 1442
53 308.21955572475287 0 78 13 1167
54 306.6784579461291 0 80 11 1170
55 305.1450656563984 0 85 6 779
56 303.6193403281164 0 87 4 1788
57 302.1012436264758 0 74 17 1363
58 300.59073740834344 0 81 10 1285
59 299.0877837213017 0 87 4 2061
60 297.5923448026952 0 76 15 1440
61 296.10438307868174 0 69 22 976
62 294.6238611632883 0 79 12 1635
63 293.15074185747187 0 86 5 858
64 291.6849881481845 0 74 17 1558
65 290.2265632074436 0 73 18 1791
66 288.77543039140636 0 84 7 2100
67 287.3315532394493 0 80 11 586
68 285.89489547325206 0 77 14 1908
69 284.4654209958858 0 84 7 1907
70 283.04309389090633 0 82 9 858
71 281.6278784214518 0 81 10 1361
72 280.2197390293445 0 80 11 1209
73 278.81864033419777 0 73 18 586
74 277.42454713252675 0 81 10 1012
75 276.03742439686414 0 78 13 1402
76 274.65723727487983 0 80 11 1480
77 273.28395108850543 0 82 9 1363
78 271.9175313330629 0 80 11 1401
79 270.5579436763976 0 69 22 1364
80 269.2051539580156 0 73 18 895
81 267.85912818822555 0 70 21 1208
82 266.5198325472844 0 77 14 1520
83 265.187233384548 0 78 13 1442
84 263.86129721762524 0 83 8 1518
85 262.5419907315371 0 71 20 2062
86 261.2292807778794 0 79 12 740
87 259.92313437399 0 79 12 1208
88 258.62351870212007 0 84 7 1168
89 257.33040110860946 0 79 12 1402
90 256.04374910306643 0 79 12 1637
91 254.7635303575511 0 80 11 2141
92 253.48971270576334 0 83 8 894
93 252.2222641422345 0 85 6 1867
95 249.7063470574157 0 83 8 1713
96 248.45781532212862 0 74 17 1323
97 247.215526245518 0 82 9 897
98 245.9794486142904 0 83 8 1478
99 244.74955137121893 0 81 10 740
100 243.52580361436284 0 79 12 1247
101 242.30817459629102 0 80 11 665
102 241.09663372330957 0 80 11 1832
103 239.891150554693 0 81 10 314
104 238.69169480191954 0 78 13 276
105 237.49823632790995 0 78 13 1673
106 236.3107451462704 0 76 15 1285
107 235.12919142053903 0 80 11 1013
108 233.95354546343634 0 83 8 1287
109 232.78377773611916 0 78 13 1362
110 231.61985884743856 0 81 10 1674
111 230.46175955320138 0 81 10 1443
112 229.30945075543536 0 80 11 1635
113 228.16290350165818 0 81 10 819
114 227.0220889841499 0 82 9 1013
115 225.88697853922915 0 77 14 1479
116 224.757543646533 0 81 10 1711
117 223.63375592830033 0 79 12 1675
118 222.51558714865882 0 83 8 1751
119 221.40300921291552 0 80 11 1129
120 220.29599416685093 0 81 10 1519
121 219.19451419601668 0 83 8 1907
122 218.0985416250366 0 84 7 1207
123 217.0080489169114 0 81 10 856
124 215.92300867232686 0 76 15 1443
125 214.84339362896523 0 80 11 1594
126 213.7691766608204 0 74 17 1363
127 212.70033077751629 0 84 7 1011
128 211.6368291236287 0 85 6 1360
129 210.57864497801054 0 79 12 1557
130 209.5257517531205 0 80 11 819
131 208.4781229943549 0 72 19 1479
132 207.43573237938313 0 75 16 1828
133 206.3985537174862 0 85 6 894
134 205.36656094889878 0 82 9 1519
135 204.3397281441543 0 80 11 856
136 203.3180295034335 0 83 8 1131
137 202.30143935591633 0 78 13 1013
138 201.28993215913675 0 82 9 1325
139 200.28348249834107 0 81 10 1596
140 199.28206508584935 0 78 13 508
141 198.2856547604201 0 85 6 1052
142 197.294226486618 0 80 11 858
143 196.3077553541849 0 77 14 1090
144 195.326216577414 0 77 14 1442
145 194.3495854945269 0 81 10 508
146 193.37783756705426 0 71 20 1518
147 192.41094837921898 0 74 17 1129
148 191.4488936373229 0 75 16 548
149 190.49164916913628 0 75 16 1751
150 189.5391909232906 0 82 9 1751
151 188.59149496867414 0 75 16 1247
152 187.64853749383076 0 81 10 1560
153 186.71029480636162 0 82 9 586
154 185.7767433323298 0 75 16 858
155 184.84785961566814 0 75 16 1673
156 183.9236203175898 0 78 13 1558
157 183.00400221600185 0 83 8 1636
158 182.08898220492185 0 75 16 935
159 181.17853729389725 0 86 5 1013
160 180.27264460742776 0 77 14 1519
161 179.3712813843906 0 83 8 935
162 178.47442497746866 0 81 10 1597
163 177.5820528525813 0 80 11 1713
164 176.6941425883184 0 83 8 507
165 175.8106718753768 0 74 17 1868
166 174.93161851599993 0 82 9 1285
167 174.05696042341992 0 82 9 1363
168 173.1866756213028 0 81 10 1713
169 172.3207422431963 0 79 12 1012
170 171.4591385319803 0 86 5 1206
171 170.6018428393204 0 85 6 1129
172 169.7488336251238 0 79 12 936
173 168.9000894569982 0 80 11 1517
174 168.0555890097132 0 75 16 1789
175 167.21531106466463 0 83 8 1284
176 166.3792345093413 0 79 12 1713
177 165.54733833679458 0 86 5 1131
178 164.7196016451106 0 77 14 975
179 163.89600363688504 0 78 13 1403
180 163.0765236187006 0 81 10 1248
181 162.2611410006071 0 79 12 626
182 161.44983529560406 0 70 21 1557
183 160.64258611912604 0 86 5 1480
184 159.8393731885304 0 79 12 1595
185 159.04017632258774 0 82 9 1206
186 158.2449754409748 0 81 10 858
187 157.45375056376992 0 82 9 1790
188 156.66648181095107 0 84 7 1130
189 155.8831494018963 0 78 13 393
190 155.1037336548868 0 82 9 1481
192 153.55657391167932 0 79 12 1092
193 152.78879104212092 0 80 11 1829
194 152.0248470869103 0 80 11 858
195 151.26472285147577 0 74 17 898
196 150.50839923721838 0 80 11 1401
197 149.7558572410323 0 80 11 1402
198 149.00707795482714 0 85 6 1129
199 148.262042565053 0 82 9 1170
200 147.52073235222775 0 77 14 1171
201 146.7831286904666 0 85 6 1323
202 146.0492130470143 0 79 12 1480
203 145.31896698177923 0 83 8 1209
204 144.59237214687033 0 87 4 1595
205 143.86941028613597 0 78 13 1131
206 143.1500632347053 0 82 9 1984
207 142.43431291853176 0 86 5 1557
208 141.7221413539391 0 75 16 1986
209 141.0135306471694 0 82 9 1093
210 140.30846299393355 0 84 7 1443
211 139.6069206789639 0 71 20 818
212 138.90888607556906 0 83 8 975
213 138.2143416451912 0 79 12 1792
214 137.52326993696525 0 81 10 973
215 136.83565358728043 0 79 12 2256
216 136.15147531934403 0 79 12 1947
217 135.4707179427473 0 81 10 1830
218 134.79336435303358 0 85 6 1207
219 134.11939753126842 0 75 16 1751
220 133.44880054361207 0 87 4 1944
221 132.781556540894 0 83 8 1167
222 132.11764875818952 0 80 11 1479
223 131.45706051439856 0 80 11 856
224 130.79977521182656 0 78 13 1830
225 130.14577633576744 0 85 6 1556
226 129.4950474540886 0 77 14 1012
227 128.84757221681815 0 77 14 1245
228 128.20333435573406 0 77 14 857
229 127.56231768395538 0 84 7 779
230 126.9245060955356 0 79 12 1052
231 126.28988356505792 0 77 14 934
232 125.65843414723263 0 81 10 1713
233 125.03014197649647 0 76 15 1439
234 124.40499126661399 0 80 11 1908
235 123.78296631028093 0 79 12 1090
236 123.16405147872952 0 79 12 1557
237 122.54823122133587 0 80 11 1518
238 121.93549006522919 0 78 13 1246
239 121.32581261490304 0 84 7 1635
240 120.71918355182852 0 82 9 1518
241 120.11558763406939 0 77 14 1557
242 119.51500969589904 0 73 18 1402
243 118.91743464741954 0 76 15 1441
244 118.32284747418244 0 76 15 1403
245 117.73123323681152 0 78 13 1091
246 117.14257707062747 0 77 14 1440
247 116.55686418527434 0 78 13 1286
248 115.97407986434796 0 77 14 1169
249 115.39420946502622 0 84 7 778
250 114.81723841770109 0 85 6 1169
251 114.24315222561259 0 79 12 1092
252 113.67193646448453 0 86 5 1246
253 113.10357678216211 0 82 9 1557
254 112.5380588982513 0 80 11 1090
255 111.97536860376003 0 80 11 743
256 111.41549176074123 0 78 13 1324
257 110.85841430193753 0 79 12 1634
258 110.30412223042784 0 69 22 1325
259 109.7526016192757 0 76 15 1713
260 109.20383861117932 0 77 14 741
261 108.65781941812342 0 75 16 897
262 108.1145303210328 0 74 17 1325
263 107.57395766942764 0 74 17 781
264 107.0360878810805 0 80 11 1324
265 106.5009074416751 0 83 8 1207
266 105.96840290446671 0 82 9 1556
267 105.43856088994438 0 79 12 1517
268 104.91136808549466 0 79 12 936
269 104.38681124506718 0 82 9 1713
270 103.86487718884185 0 72 19 1013
271 103.34555280289763 0 82 9 1517
272 102.82882503888314 0 86 5 2062
273 102.31468091368872 0 77 14 936
274 101.80310750912028 0 76 15 1439
275 101.29409197157467 0 84 7 1479
276 100.7876215117168 0 85 6 1441
277 100.28368340415821 0 76 15 1325
278 99.78226498713742 0 82 9 1521
279 99.28335366220173 0 78 13 1830
280 98.78693689389073 0 79 12 1323
281 98.29300220942127 0 83 8 1478
282 97.80153719837416 0 82 9 1013
283 97.3125295123823 0 80 11 1014
284 96.82596686482039 0 80 11 1052
285 96.34183703049628 0 74 17 1091
286 95.8601278453438 0 81 10 1013
287 95.38082720611708 0 77 14 1130
288 94.90392307008649 0 80 11 1441
289 94.42940345473606 0 80 11 1014
290 93.95725643746238 0 83 8 856
291 93.48747015527506 0 82 9 1558
292 93.02003280449868 0 83 8 1206
293 92.5549326404762 0 78 13 1480
294 92.09215797727381 0 77 14 1362
295 91.63169718738745 0 85 6 1673
296 91.17353870145051 0 78 13 740
297 90.71767100794325 0 81 10 1207
298 90.26408265290354 0 80 11 1752
299 89.81276223963903 0 82 9 1402
301 88.91687993629863 0 77 14 972
302 88.47229553661714 0 82 9 1053
303 88.02993405893405 0 80 11 1441
304 87.58978438863937 0 85 6 1285
305 87.15183546669617 0 79 12 1168
306 86.71607628936269 0 82 9 585
307 86.28249590791587 0 76 15 974
308 85.8510834283763 0 77 14 277
309 85.42182801123441 0 76 15 1130
310 84.99471887117824 0 80 11 743
311 84.56974527682235 0 82 9 1440
312 84.14689655043823 0 77 14 1052
313 83.72616206768603 0 83 8 1285
314 83.3075312573476 0 75 16 1635
315 82.89099360106087 0 78 13 1441
316 82.47653863305557 0 80 11 1285
317 82.06415593989028 0 74 17 1131
318 81.65383516019084 0 81 10 625
319 81.24556598438988 0 74 17 1246
320 80.83933815446794 0 80 11 1167
321 80.4351414636956 0 81 10 1206
322 80.03296575637712 0 81 10 1440
323 79.63280092759524 0 82 9 1441
324 79.23463692295726 0 76 15 1013
325 78.83846373834248 0 85 6 2216
327 78.05205006255252 0 84 7 1480
328 77.66178981223976 0 80 11 1285
329 77.27348086317856 0 79 12 1245
330 76.88711345886267 0 84 7 1324
331 76.50267789156835 0 74 17 1128
332 76.12016450211051 0 75 16 1751
333 75.73956367959995 0 81 10 1053
334 75.36086586120196 0 76 15 818
335 74.98406153189595 0 80 11 1594
336 74.60914122423647 0 77 14 1168
337 74.23609551811528 0 82 9 1478
338 73.8649150405247 0 86 5 1170
339 73.49559046532208 0 76 15 897
340 73.12811251299547 0 86 5 1012
342 72.39865959067834 0 82 9 1518
343 72.03666629272495 0 79 12 1750
344 71.67648296126131 0 80 11 1752
345 71.31810054645501 0 82 9 1091
346 70.96151004372274 0 80 11 1285
347 70.60670249350413 0 85 6 1481
348 70.25366898103661 0 83 8 1089
349 69.90240063613143 0 81 10 1361
350 69.55288863295077 0 78 13 1090
351 69.20512418978602 0 75 16 1793
352 68.85909856883708 0 79 12 1012
353 68.5148030759929 0 80 11 857
354 68.17222906061293 0 78 13 1091
355 67.83136791530987 0 85 6 896
356 67.49221107573332 0 75 16 1128
357 67.15475002035465 0 85 6 1595
358 66.81897627025288 0 77 14 2258
359 66.48488138890161 0 80 11 818
360 66.1524569819571 0 79 12 1206
361 65.82169469704732 0 73 18 1557
362 65.49258622356209 0 78 13 663
363 65.16512329244428 0 79 12 1790
364 64.83929767598205 0 78 13 1052
365 64.51510118760214 0 84 7 1012
367 63.87156305325581 0 82 9 895
368 63.55220523798953 0 79 12 663
369 63.234444211799584 0 77 14 1091
370 62.918271990740585 0 81 10 1519
371 62.60368063078688 0 81 10 1595
372 62.29066222763295 0 84 7 1207
373 61.979208916494784 0 81 10 818
374 61.66931287191231 0 74 17 898
375 61.36096630755275 0 77 14 1402
376 61.05416147601499 0 73 18 1442
377 60.748890668634914 0 69 22 429
378 60.445146215291736 0 75 16 1597
379 60.142920484215274 0 82 9 742
380 59.8422058817942 0 73 18 1247
381 59.54299485238523 0 75 16 856
382 59.2452798781233 0 80 11 41
383 58.94905347873268 0 83 8 1870
384 58.654308211339014 0 78 13 1402
385 58.36103667028232 0 73 18 1790
386 58.0692314869309 0 78 13 665
387 57.77888532949625 0 78 13 975
388 57.48999090284877 0 82 9 975
389 57.20254094833452 0 81 10 1363
390 56.91652824359285 0 78 13 1053
391 56.631945602374884 0 82 9 1792
392 56.34878587436301 0 80 11 1907
393 56.067041944991196 0 74 17 1791
394 55.78670673526624 0 81 10 1945
395 55.50777320158991 0 80 11 1480
396 55.23023433558196 0 81 10 894
397 54.95408316390405 0 86 5 1516
398 54.679312748084534 0 78 13 1947
399 54.405916184344115 0 80 11 1439
400 54.1338866034224 0 78 13 935
401 53.863217170405285 0 75 16 2412
402 53.59390108455326 0 80 11 1637
403 53.32593157913049 0 83 8 1285
404 53.059301921234834 0 86 5 2100
405 52.79400541162866 0 82 9 703
406 52.53003538457052 0 83 8 1832
407 52.26738520764766 0 83 8 1170
408 52.006048281609424 0 79 12 1284
409 51.74601804020138 0 81 10 1594
410 51.48728795000037 0 76 15 1285
411 51.22985151025037 0 86 5 1595
413 50.718833741435624 0 76 15 587
414 50.46523957272844 0 83 8 1127
415 50.2129133748648 0 79 12 2102
416 49.96184880799047 0 77 14 1362
417 49.71203956395052 0 80 11 1868
418 49.46347936613077 0 79 12 1402
419 49.21616196930012 0 83 8 1245
420 48.97008115945361 0 76 15 935
421 48.72523075365635 0 80 11 1440
422 48.481604599888065 0 76 15 1442
423 48.239196576888624 0 83 8 1868
424 47.99800059400418 0 73 18 2219
425 47.758010591034164 0 81 10 1480
426 47.51922053807899 0 79 12 1714
427 47.28162443538859 0 72 19 858
428 47.045216313211654 0 77 14 975
429 46.80999023164559 0 78 13 1012
430 46.575940280487366 0 84 7 1480
431 46.34306057908493 0 80 11 1402
433 45.88078854980856 0 81 10 1012
434 45.65138460705951 0 82 9 1441
435 45.423127684024216 0 78 13 1440
436 45.19601204560409 0 78 13 1907
437 44.970031985376075 0 77 14 508
438 44.745181825449194 0 75 16 1014
439 44.52145591632195 0 85 6 1909
440 44.29884863674034 0 76 15 1170
441 44.07735439355664 0 74 17 1674
442 43.85696762158886 0 80 11 1477
443 43.63768278348091 0 78 13 1597
444 43.41949436956351 0 77 14 545
445 43.202396897715694 0 66 25 1752
446 42.98638491322711 0 83 8 1714
447 42.771452988660975 0 81 10 1675
448 42.55759572371767 0 85 6 1480
449 42.34480774509908 0 79 12 1013
450 42.13308370637359 0 81 10 1790
451 41.92241828784172 0 82 9 975
452 41.71280619640251 0 76 15 1713
453 41.5042421654205 0 75 16 585
454 41.2967209545934 0 81 10 1401
455 41.09023734982043 0 77 14 936
456 40.884786163071325 0 84 7 1208
457 40.680362232255966 0 67 24 1558
458 40.47696042109469 0 82 9 1830
459 40.27457561898922 0 83 8 1402
460 40.073202740894274 0 79 12 1013
461 39.8728367271898 0 85 6 1828
462 39.67347254355385 0 73 18 1170
463 39.47510518083608 0 77 14 1051
464 39.2777296549319 0 83 8 1012
466 38.885934301623955 0 80 11 1052
467 38.69150463011584 0 78 13 508
469 38.30555687143043 0 82 9 1012
470 38.114029087073284 0 76 15 624
471 37.92345894163792 0 68 23 1324
472 37.733841646929726 0 84 7 2139
473 37.545172438695076 0 80 11 1596
475 37.17065934361909 0 87 4 1130
476 36.984806046901 0 82 9 1362
477 36.799882016666494 0 84 7 1518
478 36.61588260658316 0 78 13 1830
479 36.43280319355025 0 81 10 1635
480 36.2506391775825 0 79 12 1092
481 36.06938598169459 0 78 13 1402
482 35.88903905178611 0 81 10 934
483 35.709593856527185 0 79 12 1364
484 35.53104588724455 0 78 13 1130
485 35.353390657808326 0 78 13 974
486 35.17662370451929 0 82 9 1790
487 35.00074058599669 0 82 9 937
488 34.8257368830667 0 73 18 1051
489 34.65160819865137 0 74 17 2024
490 34.47835015765811 0 77 14 935
491 34.30595840686982 0 78 13 1285
492 34.13442861483547 0 81 10 1012
493 33.96375647176129 0 78 13 1011
494 33.79393768940248 0 74 17 741
495 33.62496800095547 0 83 8 1054
496 33.45684316095069 0 81 10 1675
497 33.289558945145934 0 82 9 1052
498 33.12311115042021 0 84 7 1169
499 32.9574955946681 0 82 9 1169
500 32.79270811669476 0 83 8 1403
501 32.62874457611129 0 77 14 1089
502 32.46560085323073 0 71 20 781
503 32.30327284896458 0 80 11 1790
504 32.14175648471976 0 80 11 1013
505 31.98104770229616 0 81 10 1364
506 31.82114246378468 0 81 10 1713
507 31.662036751465756 0 81 10 1440
508 31.503726567708426 0 74 17 1052
509 31.346207934869884 0 80 11 1634
511 31.033529510719557 0 81 10 1599
512 30.87836186316596 0 83 8 1284
513 30.72397005385013 0 82 9 1595
514 30.57035020358088 0 77 14 1013
515 30.417498452562974 0 82 9 1170
516 30.26541096030016 0 81 10 1519
517 30.114083905498656 0 80 11 1480
519 29.813695918541306 0 80 11 858
520 29.6646274389486 0 83 8 973
521 29.516304301753856 0 82 9 1012
522 29.368722780245086 0 88 3 1673
525 28.93039092165958 0 84 7 1403
526 28.78573896705128 0 84 7 1752
527 28.641810272216023 0 83 8 1403
528 28.498601220854944 0 80 11 1947
529 28.35610821475067 0 79 12 1518
530 28.214327673676916 0 82 9 1052
531 28.073256035308532 0 78 13 393
532 27.93288975513199 0 76 15 1286
533 27.793225306356327 0 77 14 662
534 27.654259179824546 0 81 10 1206
535 27.515987883925423 0 84 7 1869
536 27.378407944505796 0 82 9 1362
537 27.241515904783267 0 80 11 1053
538 27.10530832525935 0 81 10 1091
539 26.969781783633053 0 77 14 1402
540 26.834932874714887 0 85 6 1479
541 26.700758210341313 0 80 11 1945
542 26.567254419289608 0 86 5 1285
544 26.302246056457193 0 82 9 1323
545 26.170734826174908 0 85 6 780
547 25.909681746283812 0 77 14 1637
548 25.780133337552392 0 77 14 1051
549 25.65123267086463 0 79 12 1516
550 25.522976507510307 0 80 11 1559
551 25.395361624972757 0 80 11 1637
552 25.26838481684789 0 78 13 895
553 25.14204289276365 0 86 5 1052
554 25.016332678299833 0 77 14 1518
555 24.891251014908335 0 82 9 2141
556 24.766794759833793 0 76 15 1910
557 24.642960786034624 0 85 6 896
558 24.51974598210445 0 78 13 1555
559 24.39714725219393 0 79 12 781
561 24.153785708353293 0 82 9 741
562 24.033016779811526 0 88 3 1828
563 23.91285169591247 0 77 14 1209
564 23.793287437432905 0 81 10 1985
565 23.67432100024574 0 83 8 1403
566 23.55594939524451 0 81 10 819
567 23.43816964826829 0 84 7 1869
568 23.320978800026946 0 83 8 1516
569 23.204373906026813 0 78 13 1790
570 23.08835203649668 0 79 12 702
571 22.972910276314195 0 78 13 1012
572 22.858045724932623 0 74 17 1247
573 22.74375549630796 0 72 19 1247
574 22.630036718826418 0 80 11 1597
575 22.516886535232285 0 71 20 1715
576 22.404302102556123 0 80 11 1131
577 22.292280592043344 0 79 12 1712
578 22.180819189083127 0 76 15 1751
579 22.069915093137713 0 83 8 1441
580 21.959565517672026 0 84 7 1127
581 21.849767690083667 0 77 14 1595
582 21.740518851633247 0 82 9 1130
583 21.631816257375082 0 72 19 1441
584 21.523657176088207 0 80 11 1169
585 21.416038890207766 0 87 4 1749
586 21.308958695756726 0 80 11 2063
587 21.202413902277943 0 84 7 1404
588 21.096401832766553 0 83 8 1477
589 20.99091982360272 0 83 8 1246
590 20.885965224484707 0 82 9 1130
591 20.781535398362283 0 82 9 1867
592 20.67762772137047 0 82 9 780
593 20.574239582763617 0 81 10 1091
594 20.4713683848498 0 73 18 1285
595 20.369011542925552 0 80 11 1286
597 20.16583065278487 0 78 13 1557
598 20.065001499520946 0 83 8 1908
600 19.864853109563224 0 79 12 1868
601 19.765528844015407 0 86 5 2023
603 19.568367693796354 0 85 6 1519
605 19.373173226050735 0 75 16 1673
606 19.27630735992048 0 78 13 546
607 19.17992582312088 0 78 13 1324
608 19.084026194005276 0 75 16 1170
609 18.98860606303525 0 87 4 1438
610 18.893663032720074 0 81 10 1635
611 18.799194717556475 0 81 10 1558
612 18.70519874396869 0 76 15 1054
613 18.611672750248847 0 74 17 974
614 18.518614386497603 0 80 11 1206
615 18.426021314565116 0 75 16 1169
616 18.33389120799229 0 79 12 781
617 18.24222175195233 0 73 18 1013
618 18.151010643192567 0 81 10 1440
619 18.060255589976602 0 82 9 2062
622 17.790704017764252 0 82 9 1557
623 17.70175049767543 0 85 6 1324
624 17.613241745187054 0 82 9 1014
625 17.52517553646112 0 81 10 1365
626 17.437549658778813 0 78 13 1091
627 17.35036191048492 0 80 11 975
628 17.263610100932496 0 79 12 1209
629 17.177292050427834 0 81 10 1403
630 17.091405590175693 0 76 15 1170
631 17.005948562224816 0 76 15 1479
632 16.920918819413693 0 79 12 1092
633 16.836314225316624 0 84 7 1287
634 16.752132654190042 0 81 10 1439
636 16.585030130964494 0 73 18 1208
637 16.50210498030967 0 85 6 1402
638 16.419594455408124 0 71 20 1713
639 16.337496483131083 0 84 7 1596
641 16.17452995571185 0 83 8 1440
642 16.09365730593329 0 78 13 937
643 16.013189019403626 0 80 11 1557
644 15.933123074306607 0 77 14 1440
645 15.853457458935074 0 78 13 1206
646 15.774190171640399 0 83 8 1130
647 15.695319220782197 0 84 7 1751
648 15.616842624678286 0 79 12 1752
650 15.46106461949712 0 81 10 624
651 15.383759296399635 0 78 13 1986
652 15.306840499917637 0 82 9 1674
653 15.23030629741805 0 74 17 743
654 15.15415476593096 0 79 12 1128
655 15.078383992101305 0 74 17 1518
656 15.002992072140799 0 79 12 937
658 14.853337226221194 0 77 14 1986
659 14.779070540090089 0 87 4 1555
660 14.705175187389639 0 83 8 1168
661 14.63164931145269 0 81 10 1828
662 14.558491064895428 0 76 15 742
663 14.485698609570951 0 82 9 1401
664 14.413270116523096 0 81 10 818
665 14.341203765940481 0 84 7 2179
666 14.269497747110778 0 79 12 1246
667 14.198150258375223 0 80 11 1246
668 14.127159507083347 0 80 11 469
669 14.05652370954793 0 81 10 1053
670 13.98624109100019 0 83 8 1556
672 13.846728336117463 0 83 8 820
674 13.708607220964693 0 83 8 1247
676 13.571863863935569 0 78 13 1053
677 13.50400454461589 0 73 18 898
678 13.43648452189281 0 83 8 2102
679 13.369302099283345 0 85 6 1245
680 13.302455588786929 0 82 9 1167
681 13.235943310842995 0 82 9 780
682 13.16976359428878 0 79 12 1053
683 13.103914776317335 0 83 8 2024
685 12.973203226423571 0 83 8 1285
686 12.908337210291453 0 83 8 1052
687 12.843795524239995 0 79 12 1245
688 12.779576546618795 0 78 13 2063
689 12.7156786638857 0 74 17 1206
690 12.652100270566272 0 81 10 1559
692 12.525895570367375 0 77 14 2023
693 12.463266092515537 0 82 9 820
694 12.40094976205296 0 78 13 1595
696 12.27725028817648 0 80 11 1675
697 12.215864036735598 0 71 20 936
698 12.15478471655192 0 76 15 1635
699 12.09401079296916 0 87 4 1401
700 12.033540739004314 0 80 11 1245
701 11.973373035309292 0 84 7 1790
703 11.853938639282081 0 81 10 1597
704 11.79466894608567 0 76 15 896
705 11.735695601355241 0 86 5 858
707 11.618632037731723 0 78 13 856
708 11.560538877543065 0 83 8 1672
709 11.50273618315535 0 85 6 1051
710 11.445222502239572 0 84 7 1247
711 11.387996389728373 0 84 7 1325
712 11.331056407779732 0 83 8 1364
714 11.21802912011213 0 82 9 1325
715 11.16193897451157 0 79 12 1480
716 11.106129279639012 0 86 5 1402
717 11.050598633240817 0 82 9 1127
718 10.995345640074612 0 80 11 1754
719 10.94036891187424 0 83 8 1013
721 10.831238731978294 0 75 16 1089
722 10.777082538318403 0 80 11 1051
724 10.669581139998677 0 81 10 2179
725 10.616233234298683 0 77 14 1830
726 10.56315206812719 0 81 10 1517
727 10.510336307786554 0 74 17 1091
728 10.457784626247621 0 77 14 974
730 10.353468224600801 0 80 11 1286
731 10.301700883477798 0 79 12 1478
733 10.198941417165106 0 79 12 1984
734 10.14794671007928 0 83 8 2064
735 10.097206976528884 0 79 12 1288
737 9.99648733693801 0 73 18 625
738 9.94650490025332 0 83 8 1479
740 9.847288513873293 0 74 17 1284
741 9.798052071303927 0 81 10 1324
742 9.749061810947406 0 83 8 742
743 9.700316501892669 0 81 10 1556
744 9.651814919383206 0 83 8 1053
745 9.603555844786289 0 76 15 1751
746 9.555538065562358 0 74 17 1481
747 9.507760375234545 0 78 13 585
748 9.460221573358373 0 79 12 1323
749 9.412920465491581 0 80 11 2569
751 9.319026583848302 0 80 11 1908
753 9.226069293674415 0 77 14 470
754 9.179938947206043 0 79 12 1363
755 9.134039252470012 0 76 15 1674
756 9.088369056207663 0 73 18 1094
757 9.042927210926624 0 79 12 1479
758 8.997712574871992 0 80 11 2335
759 8.952724011997631 0 79 12 2063
760 8.907960391937642 0 80 11 1518
762 8.819103487028064 0 78 13 1789
763 8.775007969592924 0 77 14 1011
765 8.687477265096234 0 80 11 1131
766 8.644039878770753 0 79 12 471
767 8.6008196793769 0 74 17 1401
768 8.557815580980014 0 81 10 858
769 8.515026503075115 0 81 10 1478
772 8.387938668138405 0 84 7 1014
773 8.345998974797713 0 83 8 780
774 8.304268979923725 0 73 18 1285
775 8.262747635024105 0 74 17 1363
776 8.221433896848986 0 74 17 1751
777 8.18032672736474 0 84 7 1479
778 8.139425093727917 0 81 10 1131
780 8.058234328417981 0 85 6 1518
781 8.01794315677589 0 86 5 1557
783 7.937964173787051 0 83 8 1326
784 7.898274352918116 0 84 7 2373
785 7.858782981153525 0 81 10 1285
786 7.819489066247757 0 82 9 1829
788 7.7414896628119365 0 75 16 1675
789 7.702782214497876 0 80 11 1441
791 7.62594696190826 0 84 7 1131
794 7.512128750258408 0 84 7 818
795 7.474568106507116 0 82 9 1594
797 7.400009289644707 0 82 9 741
798 7.363009243196483 0 85 6 1750
800 7.289563225995598 0 84 7 1675
801 7.25311540986562 0 84 7 1866
802 7.216849832816291 0 80 11 1753
803 7.18076558365221 0 82 9 974
804 7.144861755733949 0 77 14 1558
805 7.1091374469552795 0 79 12 1247
806 7.073591759720503 0 83 8 974
807 7.038223800921901 0 77 14 1517
808 7.003032681917291 0 84 7 1013
810 6.9331774309151655 0 78 13 1789
811 6.8985115437605895 0 73 18 858
812 6.864018986041787 0 86 5 1323
818 6.6606553277544185 0 82 9 1169
820 6.594215290860068 0 82 9 1907
821 6.561244214405767 0 83 8 1790
822 6.528437993333738 0 82 9 1168
825 6.431000240228483 0 80 11 470
826 6.398845239027341 0 80 11 1712
827 6.366851012832204 0 81 10 1129
828 6.335016757768043 0 77 14 1520
829 6.303341673979203 0 80 11 1984
830 6.271824965609307 0 84 7 1519
832 6.209263511577354 0 81 10 1364
834 6.14732610804937 0 84 7 1247
835 6.116589477509123 0 81 10 778
836 6.086006530121577 0 81 10 1751
837 6.05557649747097 0 83 8 1478
839 5.995172121908697 0 83 8 1750
840 5.965196261299153 0 82 9 1634
841 5.935370279992657 0 80 11 1286
842 5.905693428592694 0 79 12 1091
846 5.788462464879473 0 81 10 1325
848 5.7307225517923 0 84 7 1440
849 5.702068939033339 0 73 18 1130
850 5.673558594338172 0 75 16 975
851 5.645190801366481 0 83 8 1053
852 5.6169648473596485 0 70 21 1246
853 5.58888002312285 0 77 14 624
855 5.5331309448922 0 83 8 1207
856 5.505465290167739 0 87 4 1517
859 5.423295532528823 0 84 7 1053
861 5.369198159591848 0 79 12 1326
862 5.342352168793889 0 83 8 1052
863 5.315640407949919 0 81 10 1323
864 5.289062205910169 0 79 12 1559
865 5.262616894880618 0 81 10 584
866 5.2363038104062145 0 77 14 1596
867 5.210122291354184 0 80 11 1363
869 5.158151321497925 0 84 7 1556
872 5.081165268255654 0 85 6 1439
875 5.005328241481279 0 84 7 1985
876 4.980301600273872 0 80 11 782
877 4.9554000922725026 0 79 12 1246
878 4.93062309181114 0 79 12 933
879 4.905969976352084 0 73 18 587
880 4.8814401264703235 0 82 9 819
881 4.857032925837972 0 84 7 1479
882 4.832747761208782 0 81 10 1051
884 4.784541102290724 0 81 10 1636
885 4.760618396779271 0 86 5 1597
895 4.527872384458487 0 77 14 1984
896 4.505233022536194 0 79 12 896
897 4.482706857423513 0 79 12 1012
898 4.460293323136395 0 84 7 1364
899 4.437991856520713 0 83 8 1402
901 4.393722887751919 0 87 4 1792
902 4.37175427331316 0 83 8 1169
903 4.349895501946594 0 85 6 1944
905 4.306505294314676 0 84 7 742
906 4.284972767843103 0 84 7 1440
907 4.263547904003887 0 85 6 1673
918 4.034828085208084 0 85 6 1286
920 3.9945806750581334 0 83 8 548
921 3.9746077716828427 0 84 7 2100
924 3.915286253864505 0 88 3 1788
942 3.577494486019018 0 87 4 1518
944 3.5418089785209785 0 85 6 1633
946 3.506479433960232 0 78 13 1790
947 3.4889470367904307 0 83 8 1205
948 3.4715023016064785 0 87 4 1092
950 3.4368740661479538 0 81 10 1595
951 3.419689695817214 0 81 10 1908
952 3.402591247338128 0 87 4 856
955 3.3518071476477007 0 80 11 1636
958 3.3017810069931652 0 88 3 1984
966 3.171998044827834 0 85 6 1560
967 3.1561380546036952 0 78 13 1596
968 3.1403573643306766 0 82 9 1751
970 3.109032299621478 0 84 7 1208
974 3.0473164559009867 0 85 6 1016
975 3.032079873621482 0 82 9 1015
976 3.0169194742533745 0 81 10 2025
978 2.986825702497697 0 80 11 1245
979 2.9718915739852085 0 82 9 1597
981 2.9422469555347064 0 81 10 625
984 2.8983335519424815 0 78 13 1402
986 2.8694226747618554 0 78 13 1441
987 2.855075561388046 0 85 6 1829
990 2.812463201749884 0 78 13 1634
991 2.7984008857411347 0 81 10 935
993 2.770486836905867 0 79 12 1869
994 2.7566344027213376 0 82 9 1129
996 2.7291369745541925 0 83 8 1245
998 2.7019138332330144 0 80 11 2023
999 2.688404264066849 0 78 13 1208
1000 2.6749622427465147 0 87 4 1285
1024 2.3717646629896487 0 83 8 1439
1025 2.3599058396747004 0 82 9 1868
1026 2.348106310476327 0 81 10 1091
1030 2.3014952276277825 0 83 8 703
1033 2.2671451236685343 0 82 9 1556
1035 2.244530351059941 0 83 8 1360
1036 2.2333076993046412 0 83 8 1400
1042 2.1671403963389135 0 79 12 1829
1043 2.156304694357219 0 80 11 1323
1044 2.1455231708854328 0 78 13 1012
1045 2.1347955550310056 0 77 14 1792
1046 2.1241215772558504 0 81 10 1051
1047 2.113500969369571 0 77 14 1323
1048 2.102933464522723 0 85 6 1830
1051 2.0715469196980383 0 84 7 1284
1053 2.0508832391740506 0 83 8 937
1057 2.010172182716628 0 83 8 1364
1060 1.9801701116180592 0 81 10 1518
1061 1.970269261059969 0 80 11 1519
1064 1.9408627460549914 0 81 10 702
1069 1.8928239730708285 0 80 11 1598
1071 1.8739430539394468 0 77 14 1401
1072 1.8645733386697496 0 79 12 1130
1073 1.855250471976401 0 81 10 1986
1076 1.827560626775844 0 79 12 820
1079 1.8002840559761362 0 78 13 1519
1080 1.7912826356962555 0 80 11 1985
1081 1.782326222517774 0 83 8 740
1092 1.686712583401289 0 84 7 1558
1093 1.6782790204842826 0 84 7 1477
1095 1.6615381872549517 0 83 8 1247
1097 1.6449643438370836 0 83 8 1830
1098 1.6367395221178982 0 83 8 1519
1099 1.6285558245073086 0 83 8 1325
1100 1.620413045384772 0 82 9 1440
1101 1.6123109801578481 0 82 9 817
1102 1.604249425257059 0 78 13 741
1103 1.5962281781307737 0 82 9 1907
1105 1.5803058020539191 0 86 5 1672
1134 1.3665026436967502 0 84 7 1168
1135 1.3596701304782666 0 86 5 1247
1145 1.2931960351895972 0 84 7 741
1146 1.2867300550136493 0 80 11 2062
1147 1.2802964047385812 0 81 10 739
1148 1.2738949227148884 0 86 5 2177
1193 1.0166518147919945 0 85 6 1828
1217 0.9014179005428476 0 88 3 1128
1528 0.18962879706423108 0 88 3 1324
1573 0.15133623443707006 0 88 3 1013
