0 90 1 1944 1793 0.13411760330200195
1 91 0 2099 1793 0.13639593124389648
0 89 2 1945 1793 0.13285088539123535
0 89 2 1478 1793 0.13410139083862305
0 89 2 2177 1793 0.14720654487609863
0 89 2 1673 1793 0.14312291145324707
0 90 1 2177 1793 0.1391599178314209
0 90 1 2177 1793 0.13927745819091797
0 89 2 1904 1793 0.13523650169372559
1 91 0 2293 1793 0.09663867950439453
0 89 2 1907 1793 0.09283614158630371
0 90 1 1554 1793 0.08850765228271484
0 90 1 2022 1793 0.08929228782653809
0 89 2 1286 1793 0.09436368942260742
0 90 1 1788 1793 0.09380960464477539
1 91 0 2137 1793 0.08679556846618652
0 89 2 1598 1793 0.08759117126464844
0 90 1 1671 1793 0.08855891227722168
1 91 0 2060 1793 0.08625054359436035
0 89 2 1905 1793 0.08664751052856445
0 89 2 1555 1793 0.08639645576477051
0 89 2 1711 1793 0.08312273025512695
1 91 0 2293 1793 0.08741569519042969
0 90 1 1983 1793 0.08780956268310547
0 90 1 1477 1793 0.09352731704711914
0 90 1 1555 1793 0.09761595726013184
0 89 2 1325 1793 0.08818483352661133
1 91 0 1984 1793 0.09114646911621094
0 90 1 1865 1793 0.08608245849609375
0 90 1 1790 1793 0.0853567123413086
