1 400 0 79 12 1404
2 398.0 0 83 8 1752
3 396.01 0 79 12 1324
4 394.02995 0 81 10 1323
5 392.05980024999997 0 79 12 1285
6 390.09950124874996 0 77 14 1091
7 388.1490037425062 0 76 15 1052
8 386.2082587237937 0 76 15 858
9 384.2772174301747 0 80 11 1324
10 382.3558313430238 0 85 6 1595
11 380.4440521863087 0 72 19 934
12 378.54183192537715 0 78 13 623
13 376.6491227657503 0 72 19 507
14 374.76587715192153 0 76 15 1092
15 372.8920477661619 0 80 11 1479
16 371.0275875273311 0 83 8 1403
17 369.17244958969445 0 86 5 1092
18 367.326587341746 0 79 12 2101
19 365.4899544050373 0 82 9 2607
20 363.6625046330121 0 82 9 2218
21 361.84419210984703 0 78 13 2024
22 360.0349711492978 0 76 15 1519
23 358.2347962935513 0 79 12 1519
24 356.44362231208356 0 83 8 1481
25 354.6614042005231 0 84 7 393
26 352.8880971795205 0 80 11 896
27 351.12365669362293 0 78 13 780
28 349.36803841015484 0 83 8 859
29 347.62119821810404 0 84 7 937
30 345.8830922270135 0 83 8 1287
31 344.1536767658784 0 81 10 1598
32 342.432908382049 0 79 12 1130
33 340.72074384013877 0 85 6 1364
34 339.01714012093805 0 81 10 1714
35 337.32205442033336 0 85 6 1675
36 335.63544414823167 0 87 4 1247
37 333.95726692749054 0 82 9 1248
38 332.28748059285306 0 83 8 1052
39 330.6260431898888 0 81 10 1090
40 328.97291297393934 0 82 9 1364
41 327.32804840906965 0 80 11 1285
42 325.6914081670243 0 79 12 1713
43 324.06295112618915 0 81 10 1050
44 322.4426363705582 0 78 13 856
45 320.8304231887054 0 76 15 856
46 319.2262710727619 0 72 19 973
47 317.6301397173981 0 80 11 859
48 316.0419890188111 0 81 10 1170
49 314.461779073717 0 84 7 1636
50 312.88947017834846 0 81 10 1208
51 311.32502282745673 0 78 13 1130
52 309.7683977133195 0 78 13 1091
53 308.21955572475287 0 83 8 1324
54 306.6784579461291 0 83 8 1713
55 305.1450656563984 0 81 10 1169
56 303.6193403281164 0 79 12 1092
57 302.1012436264758 0 77 14 1248
58 300.59073740834344 0 78 13 1558
59 299.0877837213017 0 77 14 1286
60 297.5923448026952 0 81 10 1247
61 296.10438307868174 0 79 12 1364
62 294.6238611632883 0 79 12 1325
63 293.15074185747187 0 80 11 1324
64 291.6849881481845 0 79 12 1207
65 290.2265632074436 0 82 9 936
66 288.77543039140636 0 83 8 1401
67 287.3315532394493 0 84 7 1830
68 285.89489547325206 0 77 14 1908
69 284.4654209958858 0 82 9 1520
70 283.04309389090633 0 84 7 1325
71 281.6278784214518 0 80 11 1675
72 280.2197390293445 0 80 11 1015
73 278.81864033419777 0 80 11 1170
74 277.42454713252675 0 77 14 859
75 276.03742439686414 0 85 6 1168
76 274.65723727487983 0 81 10 1713
77 273.28395108850543 0 79 12 1052
78 271.9175313330629 0 80 11 1209
79 270.5579436763976 0 72 19 1167
80 269.2051539580156 0 72 19 1091
81 267.85912818822555 0 81 10 1206
82 266.5198325472844 0 79 12 973
83 265.187233384548 0 75 16 1052
84 263.86129721762524 0 79 12 1558
85 262.5419907315371 0 82 9 1129
86 261.2292807778794 0 81 10 781
87 259.92313437399 0 82 9 1402
88 258.62351870212007 0 84 7 1053
89 257.33040110860946 0 84 7 1013
90 256.04374910306643 0 81 10 1480
91 254.7635303575511 0 80 11 1479
92 253.48971270576334 0 78 13 1869
93 252.2222641422345 0 80 11 1675
94 250.96115282152334 0 74 17 1441
95 249.7063470574157 0 78 13 1400
96 248.45781532212862 0 87 4 1206
97 247.215526245518 0 84 7 1362
98 245.9794486142904 0 86 5 1944
99 244.74955137121893 0 84 7 1905
100 243.52580361436284 0 85 6 2022
101 242.30817459629102 0 84 7 2216
102 241.09663372330957 0 79 12 1321
103 239.891150554693 0 83 8 700
104 238.69169480191954 0 81 10 1128
105 237.49823632790995 0 81 10 1169
106 236.3107451462704 0 79 12 1169
107 235.12919142053903 0 78 13 1207
108 233.95354546343634 0 74 17 1908
109 232.78377773611916 0 78 13 1713
110 231.61985884743856 0 80 11 1324
111 230.46175955320138 0 82 9 2218
112 229.30945075543536 0 81 10 1558
113 228.16290350165818 0 77 14 1675
114 227.0220889841499 0 81 10 1362
115 225.88697853922915 0 82 9 1402
116 224.757543646533 0 78 13 1868
117 223.63375592830033 0 74 17 1790
118 222.51558714865882 0 85 6 2063
119 221.40300921291552 0 84 7 1909
120 220.29599416685093 0 77 14 1170
121 219.19451419601668 0 78 13 975
122 218.0985416250366 0 81 10 975
123 217.0080489169114 0 80 11 1208
124 215.92300867232686 0 82 9 1597
125 214.84339362896523 0 76 15 1789
126 213.7691766608204 0 79 12 1867
127 212.70033077751629 0 81 10 1908
128 211.6368291236287 0 85 6 1714
129 210.57864497801054 0 84 7 1170
130 209.5257517531205 0 86 5 1480
131 208.4781229943549 0 81 10 1675
132 207.43573237938313 0 80 11 2141
133 206.3985537174862 0 80 11 1946
134 205.36656094889878 0 76 15 1363
135 204.3397281441543 0 80 11 624
136 203.3180295034335 0 80 11 780
137 202.30143935591633 0 81 10 624
138 201.28993215913675 0 83 8 663
139 200.28348249834107 0 83 8 819
140 199.28206508584935 0 80 11 1324
141 198.2856547604201 0 81 10 1206
142 197.294226486618 0 79 12 1557
143 196.3077553541849 0 78 13 1402
144 195.326216577414 0 75 16 1091
145 194.3495854945269 0 74 17 935
146 193.37783756705426 0 73 18 1207
147 192.41094837921898 0 80 11 897
148 191.4488936373229 0 78 13 936
149 190.49164916913628 0 81 10 1362
150 189.5391909232906 0 81 10 1440
151 188.59149496867414 0 83 8 1285
152 187.64853749383076 0 86 5 1402
153 186.71029480636162 0 82 9 1362
154 185.7767433323298 0 79 12 1284
155 184.84785961566814 0 73 18 1130
156 183.9236203175898 0 80 11 1829
157 183.00400221600185 0 77 14 1868
158 182.08898220492185 0 74 17 1713
159 181.17853729389725 0 77 14 1595
160 180.27264460742776 0 75 16 2179
161 179.3712813843906 0 83 8 1517
162 178.47442497746866 0 82 9 779
163 177.5820528525813 0 86 5 1245
164 176.6941425883184 0 86 5 1130
165 175.8106718753768 0 88 3 1402
166 174.93161851599993 0 84 7 858
167 174.05696042341992 0 82 9 1402
168 173.1866756213028 0 79 12 1596
169 172.3207422431963 0 86 5 1635
170 171.4591385319803 0 85 6 896
171 170.6018428393204 0 85 6 1090
172 169.7488336251238 0 82 9 548
173 168.9000894569982 0 87 4 1208
174 168.0555890097132 0 82 9 857
175 167.21531106466463 0 75 16 1013
176 166.3792345093413 0 84 7 1284
177 165.54733833679458 0 83 8 1519
178 164.7196016451106 0 83 8 1829
179 163.89600363688504 0 84 7 1985
181 162.2611410006071 0 80 11 2101
182 161.44983529560406 0 81 10 1750
183 160.64258611912604 0 82 9 1206
184 159.8393731885304 0 78 13 1207
185 159.04017632258774 0 82 9 1634
186 158.2449754409748 0 79 12 1674
187 157.45375056376992 0 82 9 1595
188 156.66648181095107 0 83 8 1207
189 155.8831494018963 0 83 8 1323
190 155.1037336548868 0 79 12 1439
191 154.32821498661238 0 78 13 1283
192 153.55657391167932 0 85 6 1634
193 152.78879104212092 0 83 8 1284
194 152.0248470869103 0 80 11 1479
195 151.26472285147577 0 69 22 1402
196 150.50839923721838 0 74 17 1557
197 149.7558572410323 0 76 15 1284
198 149.00707795482714 0 75 16 1322
199 148.262042565053 0 76 15 973
200 147.52073235222775 0 81 10 894
201 146.7831286904666 0 79 12 1129
202 146.0492130470143 0 83 8 1711
203 145.31896698177923 0 83 8 2062
204 144.59237214687033 0 78 13 1402
205 143.86941028613597 0 79 12 1868
206 143.1500632347053 0 78 13 1945
207 142.43431291853176 0 71 20 1713
208 141.7221413539391 0 79 12 1364
209 141.0135306471694 0 72 19 1558
210 140.30846299393355 0 74 17 1442
211 139.6069206789639 0 78 13 703
212 138.90888607556906 0 78 13 857
213 138.2143416451912 0 73 18 1168
214 137.52326993696525 0 78 13 468
215 136.83565358728043 0 87 4 1052
216 136.15147531934403 0 77 14 896
217 135.4707179427473 0 77 14 1052
218 134.79336435303358 0 85 6 1089
219 134.11939753126842 0 83 8 1750
220 133.44880054361207 0 78 13 1985
221 132.781556540894 0 75 16 1986
222 132.11764875818952 0 74 17 1635
223 131.45706051439856 0 74 17 1751
224 130.79977521182656 0 81 10 1673
225 130.14577633576744 0 76 15 1364
226 129.4950474540886 0 78 13 1675
227 128.84757221681815 0 81 10 1596
228 128.20333435573406 0 84 7 1482
229 127.56231768395538 0 82 9 2143
230 126.9245060955356 0 82 9 2025
231 126.28988356505792 0 76 15 1829
232 125.65843414723263 0 81 10 1518
233 125.03014197649647 0 74 17 1284
234 124.40499126661399 0 75 16 780
235 123.78296631028093 0 75 16 664
237 122.54823122133587 0 76 15 1325
238 121.93549006522919 0 80 11 780
239 121.32581261490304 0 79 12 972
240 120.71918355182852 0 85 6 1284
241 120.11558763406939 0 82 9 818
242 119.51500969589904 0 85 6 1479
243 118.91743464741954 0 87 4 1828
244 118.32284747418244 0 81 10 1946
245 117.73123323681152 0 81 10 1985
246 117.14257707062747 0 74 17 1946
247 116.55686418527434 0 75 16 1752
248 115.97407986434796 0 74 17 1868
249 115.39420946502622 0 79 12 2061
250 114.81723841770109 0 84 7 1594
251 114.24315222561259 0 83 8 1673
253 113.10357678216211 0 81 10 1946
254 112.5380588982513 0 80 11 2374
255 111.97536860376003 0 74 17 1596
256 111.41549176074123 0 77 14 936
257 110.85841430193753 0 77 14 1053
258 110.30412223042784 0 76 15 1363
259 109.7526016192757 0 82 9 1597
260 109.20383861117932 0 80 11 1132
261 108.65781941812342 0 84 7 2026
262 108.1145303210328 0 81 10 1713
263 107.57395766942764 0 82 9 1402
264 107.0360878810805 0 80 11 975
265 106.5009074416751 0 80 11 1247
266 105.96840290446671 0 80 11 1868
267 105.43856088994438 0 77 14 1557
268 104.91136808549466 0 77 14 934
269 104.38681124506718 0 77 14 1517
270 103.86487718884185 0 76 15 1363
271 103.34555280289763 0 75 16 1828
272 102.82882503888314 0 73 18 1362
273 102.31468091368872 0 79 12 1945
274 101.80310750912028 0 81 10 1518
275 101.29409197157467 0 83 8 1440
276 100.7876215117168 0 82 9 1594
277 100.28368340415821 0 79 12 1128
278 99.78226498713742 0 82 9 1167
279 99.28335366220173 0 79 12 973
280 98.78693689389073 0 82 9 1246
281 98.29300220942127 0 82 9 1713
282 97.80153719837416 0 75 16 1635
283 97.3125295123823 0 76 15 1752
284 96.82596686482039 0 78 13 2218
285 96.34183703049628 0 80 11 1480
286 95.8601278453438 0 76 15 1596
287 95.38082720611708 0 73 18 1285
288 94.90392307008649 0 81 10 1013
289 94.42940345473606 0 76 15 1129
290 93.95725643746238 0 74 17 1712
291 93.48747015527506 0 75 16 1634
292 93.02003280449868 0 83 8 1595
293 92.5549326404762 0 82 9 1479
294 92.09215797727381 0 75 16 1517
295 91.63169718738745 0 76 15 1090
296 91.17353870145051 0 81 10 1284
297 90.71767100794325 0 83 8 1479
298 90.26408265290354 0 76 15 1520
299 89.81276223963903 0 77 14 1169
300 89.36369842844083 0 77 14 1558
301 88.91687993629863 0 79 12 2064
302 88.47229553661714 0 73 18 2064
303 88.02993405893405 0 82 9 1596
304 87.58978438863937 0 75 16 1829
305 87.15183546669617 0 79 12 1674
306 86.71607628936269 0 83 8 1482
307 86.28249590791587 0 75 16 1091
308 85.8510834283763 0 81 10 1285
309 85.42182801123441 0 80 11 897
310 84.99471887117824 0 80 11 1323
311 84.56974527682235 0 83 8 1207
312 84.14689655043823 0 76 15 703
313 83.72616206768603 0 79 12 1442
314 83.3075312573476 0 77 14 1247
315 82.89099360106087 0 78 13 936
316 82.47653863305557 0 83 8 1752
317 82.06415593989028 0 86 5 1167
318 81.65383516019084 0 81 10 1323
319 81.24556598438988 0 80 11 624
320 80.83933815446794 0 84 7 743
322 80.03296575637712 0 82 9 897
323 79.63280092759524 0 85 6 1286
324 79.23463692295726 0 81 10 1285
325 78.83846373834248 0 75 16 1753
326 78.44427141965078 0 78 13 1481
327 78.05205006255252 0 78 13 1208
328 77.66178981223976 0 82 9 1052
329 77.27348086317856 0 78 13 1051
330 76.88711345886267 0 83 8 1594
331 76.50267789156835 0 78 13 1556
332 76.12016450211051 0 79 12 1789
333 75.73956367959995 0 86 5 1827
334 75.36086586120196 0 84 7 1323
335 74.98406153189595 0 83 8 1323
336 74.60914122423647 0 82 9 1206
337 74.23609551811528 0 81 10 895
338 73.8649150405247 0 84 7 1168
339 73.49559046532208 0 82 9 1052
340 73.12811251299547 0 79 12 1131
341 72.7624719504305 0 81 10 1015
342 72.39865959067834 0 83 8 1093
343 72.03666629272495 0 81 10 1169
344 71.67648296126131 0 78 13 1481
345 71.31810054645501 0 70 21 975
346 70.96151004372274 0 77 14 1130
347 70.60670249350413 0 83 8 1481
348 70.25366898103661 0 84 7 1597
349 69.90240063613143 0 84 7 1131
350 69.55288863295077 0 85 6 1248
351 69.20512418978602 0 79 12 1168
352 68.85909856883708 0 77 14 1169
353 68.5148030759929 0 78 13 1441
354 68.17222906061293 0 70 21 1753
355 67.83136791530987 0 73 18 1596
356 67.49221107573332 0 73 18 1635
357 67.15475002035465 0 78 13 1674
358 66.81897627025288 0 82 9 1713
359 66.48488138890161 0 79 12 1947
360 66.1524569819571 0 82 9 1324
361 65.82169469704732 0 78 13 663
362 65.49258622356209 0 77 14 1090
363 65.16512329244428 0 83 8 1634
364 64.83929767598205 0 78 13 1792
365 64.51510118760214 0 77 14 2024
366 64.19252568166414 0 77 14 1831
367 63.87156305325581 0 83 8 1636
368 63.55220523798953 0 80 11 1323
369 63.234444211799584 0 78 13 468
370 62.918271990740585 0 79 12 779
371 62.60368063078688 0 69 22 1207
372 62.29066222763295 0 71 20 1246
373 61.979208916494784 0 75 16 1480
374 61.66931287191231 0 74 17 1947
375 61.36096630755275 0 77 14 1908
376 61.05416147601499 0 79 12 1908
377 60.748890668634914 0 79 12 1635
378 60.445146215291736 0 77 14 1402
379 60.142920484215274 0 77 14 1673
380 59.8422058817942 0 74 17 1323
381 59.54299485238523 0 78 13 1129
382 59.2452798781233 0 74 17 896
383 58.94905347873268 0 80 11 1247
384 58.654308211339014 0 78 13 1052
385 58.36103667028232 0 83 8 1166
386 58.0692314869309 0 82 9 1323
388 57.48999090284877 0 78 13 1245
389 57.20254094833452 0 79 12 1364
390 56.91652824359285 0 80 11 1170
391 56.631945602374884 0 79 12 1209
392 56.34878587436301 0 76 15 1713
393 56.067041944991196 0 80 11 1750
394 55.78670673526624 0 83 8 1438
395 55.50777320158991 0 77 14 1868
396 55.23023433558196 0 81 10 1595
397 54.95408316390405 0 83 8 1867
398 54.679312748084534 0 81 10 1712
399 54.405916184344115 0 85 6 1866
400 54.1338866034224 0 80 11 1362
401 53.863217170405285 0 78 13 1517
402 53.59390108455326 0 79 12 1828
403 53.32593157913049 0 77 14 1325
404 53.059301921234834 0 76 15 1131
405 52.79400541162866 0 75 16 1246
406 52.53003538457052 0 80 11 1089
407 52.26738520764766 0 83 8 738
408 52.006048281609424 0 80 11 1401
409 51.74601804020138 0 79 12 1518
410 51.48728795000037 0 81 10 1674
411 51.22985151025037 0 80 11 1752
412 50.97370225269912 0 81 10 1831
413 50.718833741435624 0 83 8 1870
414 50.46523957272844 0 82 9 1558
415 50.2129133748648 0 81 10 1362
416 49.96184880799047 0 85 6 2101
417 49.71203956395052 0 85 6 1712
418 49.46347936613077 0 80 11 1828
419 49.21616196930012 0 80 11 1402
420 48.97008115945361 0 80 11 1361
421 48.72523075365635 0 79 12 1634
422 48.481604599888065 0 81 10 1013
423 48.239196576888624 0 76 15 1285
424 47.99800059400418 0 76 15 1558
425 47.758010591034164 0 70 21 1597
426 47.51922053807899 0 71 20 1676
427 47.28162443538859 0 69 22 703
428 47.045216313211654 0 79 12 1518
429 46.80999023164559 0 85 6 2022
430 46.575940280487366 0 85 6 1594
431 46.34306057908493 0 85 6 1089
432 46.1113452761895 0 80 11 1285
433 45.88078854980856 0 84 7 1635
434 45.65138460705951 0 81 10 1635
435 45.423127684024216 0 77 14 975
436 45.19601204560409 0 80 11 547
437 44.970031985376075 0 84 7 859
438 44.745181825449194 0 83 8 587
439 44.52145591632195 0 87 4 1326
440 44.29884863674034 0 86 5 896
441 44.07735439355664 0 78 13 1246
442 43.85696762158886 0 76 15 1246
443 43.63768278348091 0 77 14 1480
444 43.41949436956351 0 74 17 1675
445 43.202396897715694 0 81 10 1363
447 42.771452988660975 0 79 12 1364
448 42.55759572371767 0 74 17 1480
449 42.34480774509908 0 77 14 1364
450 42.13308370637359 0 77 14 1363
451 41.92241828784172 0 75 16 1247
452 41.71280619640251 0 77 14 1169
453 41.5042421654205 0 74 17 1635
454 41.2967209545934 0 78 13 1324
455 41.09023734982043 0 79 12 1402
456 40.884786163071325 0 83 8 1635
457 40.680362232255966 0 83 8 1440
458 40.47696042109469 0 79 12 1051
459 40.27457561898922 0 79 12 1633
460 40.073202740894274 0 79 12 1984
461 39.8728367271898 0 83 8 1362
462 39.67347254355385 0 82 9 1516
463 39.47510518083608 0 82 9 1440
464 39.2777296549319 0 81 10 1361
465 39.08134100665724 0 75 16 1635
466 38.885934301623955 0 76 15 933
467 38.69150463011584 0 80 11 700
468 38.49804710696526 0 77 14 624
469 38.30555687143043 0 81 10 1479
470 38.114029087073284 0 79 12 1751
471 37.92345894163792 0 78 13 1754
472 37.733841646929726 0 78 13 1558
473 37.545172438695076 0 82 9 1790
474 37.3574465765016 0 79 12 2063
475 37.17065934361909 0 79 12 2335
476 36.984806046901 0 79 12 1634
477 36.799882016666494 0 82 9 1479
478 36.61588260658316 0 81 10 1479
479 36.43280319355025 0 79 12 1480
480 36.2506391775825 0 77 14 1130
481 36.06938598169459 0 82 9 1131
482 35.88903905178611 0 82 9 1830
483 35.709593856527185 0 77 14 1985
484 35.53104588724455 0 81 10 1091
485 35.353390657808326 0 80 11 780
486 35.17662370451929 0 84 7 1129
487 35.00074058599669 0 84 7 1751
488 34.8257368830667 0 87 4 1751
489 34.65160819865137 0 88 3 1712
490 34.47835015765811 0 80 11 2141
491 34.30595840686982 0 76 15 1209
492 34.13442861483547 0 78 13 1209
493 33.96375647176129 0 84 7 1326
495 33.62496800095547 0 82 9 1091
496 33.45684316095069 0 80 11 1130
497 33.289558945145934 0 83 8 1402
498 33.12311115042021 0 77 14 1168
499 32.9574955946681 0 77 14 1363
500 32.79270811669476 0 73 18 1792
501 32.62874457611129 0 78 13 1869
502 32.46560085323073 0 80 11 1635
503 32.30327284896458 0 84 7 1440
504 32.14175648471976 0 78 13 1246
505 31.98104770229616 0 80 11 1169
506 31.82114246378468 0 81 10 1167
507 31.662036751465756 0 78 13 1518
508 31.503726567708426 0 77 14 664
509 31.346207934869884 0 75 16 782
510 31.189476895195536 0 76 15 1052
511 31.033529510719557 0 75 16 935
512 30.87836186316596 0 79 12 507
513 30.72397005385013 0 77 14 1246
514 30.57035020358088 0 81 10 1323
515 30.417498452562974 0 83 8 1633
516 30.26541096030016 0 82 9 1402
517 30.114083905498656 0 79 12 1129
518 29.963513485971163 0 83 8 1362
519 29.813695918541306 0 77 14 1091
520 29.6646274389486 0 82 9 1130
522 29.368722780245086 0 85 6 1635
523 29.22187916634386 0 83 8 1674
524 29.075769770512142 0 84 7 1441
525 28.93039092165958 0 83 8 1404
526 28.78573896705128 0 79 12 1363
527 28.641810272216023 0 81 10 1324
528 28.498601220854944 0 84 7 1091
529 28.35610821475067 0 78 13 663
530 28.214327673676916 0 81 10 1517
531 28.073256035308532 0 85 6 2022
532 27.93288975513199 0 81 10 1518
533 27.793225306356327 0 82 9 1207
534 27.654259179824546 0 82 9 935
535 27.515987883925423 0 84 7 1168
536 27.378407944505796 0 81 10 1285
537 27.241515904783267 0 82 9 1012
538 27.10530832525935 0 83 8 1090
539 26.969781783633053 0 83 8 1206
540 26.834932874714887 0 83 8 1051
541 26.700758210341313 0 82 9 855
542 26.567254419289608 0 79 12 584
543 26.43441814719316 0 82 9 780
544 26.302246056457193 0 84 7 430
545 26.170734826174908 0 81 10 508
546 26.039881152044032 0 78 13 1052
547 25.909681746283812 0 79 12 1052
548 25.780133337552392 0 81 10 1442
549 25.65123267086463 0 81 10 1441
550 25.522976507510307 0 81 10 1209
552 25.26838481684789 0 78 13 1247
553 25.14204289276365 0 76 15 819
554 25.016332678299833 0 75 16 508
555 24.891251014908335 0 77 14 353
556 24.766794759833793 0 79 12 663
557 24.642960786034624 0 86 5 896
558 24.51974598210445 0 85 6 1208
559 24.39714725219393 0 87 4 1556
560 24.275161515932957 0 82 9 1090
561 24.153785708353293 0 80 11 1207
562 24.033016779811526 0 81 10 935
563 23.91285169591247 0 81 10 1127
564 23.793287437432905 0 83 8 1206
566 23.55594939524451 0 80 11 1712
567 23.43816964826829 0 79 12 1558
568 23.320978800026946 0 83 8 1091
569 23.204373906026813 0 82 9 625
570 23.08835203649668 0 80 11 587
572 22.858045724932623 0 82 9 701
573 22.74375549630796 0 78 13 894
574 22.630036718826418 0 82 9 1011
575 22.516886535232285 0 86 5 1245
576 22.404302102556123 0 84 7 663
577 22.292280592043344 0 82 9 1013
578 22.180819189083127 0 78 13 1674
579 22.069915093137713 0 84 7 1478
580 21.959565517672026 0 85 6 1208
581 21.849767690083667 0 86 5 1558
582 21.740518851633247 0 87 4 1364
583 21.631816257375082 0 79 12 1829
584 21.523657176088207 0 81 10 1480
585 21.416038890207766 0 84 7 1441
586 21.308958695756726 0 82 9 1752
587 21.202413902277943 0 83 8 1169
588 21.096401832766553 0 82 9 1013
589 20.99091982360272 0 79 12 818
590 20.885965224484707 0 75 16 1012
591 20.781535398362283 0 78 13 1440
592 20.67762772137047 0 73 18 1130
593 20.574239582763617 0 82 9 1479
594 20.4713683848498 0 78 13 1480
595 20.369011542925552 0 80 11 1479
597 20.16583065278487 0 87 4 1711
598 20.065001499520946 0 81 10 2024
599 19.96467649202334 0 73 18 1753
600 19.864853109563224 0 79 12 1598
601 19.765528844015407 0 79 12 1364
602 19.66670119979533 0 83 8 1715
604 19.470525855327374 0 83 8 1248
605 19.373173226050735 0 79 12 625
606 19.27630735992048 0 75 16 1013
607 19.17992582312088 0 78 13 1052
608 19.084026194005276 0 82 9 1051
609 18.98860606303525 0 84 7 1439
610 18.893663032720074 0 83 8 1207
611 18.799194717556475 0 81 10 973
612 18.70519874396869 0 82 9 1478
613 18.611672750248847 0 81 10 973
614 18.518614386497603 0 84 7 1130
615 18.426021314565116 0 86 5 1634
616 18.33389120799229 0 80 11 2141
617 18.24222175195233 0 81 10 1481
618 18.151010643192567 0 80 11 1169
619 18.060255589976602 0 80 11 1520
620 17.96995431202672 0 80 11 1482
621 17.880104540466586 0 82 9 1249
622 17.790704017764252 0 84 7 1208
627 17.35036191048492 0 83 8 1519
628 17.263610100932496 0 77 14 1557
629 17.177292050427834 0 80 11 974
630 17.091405590175693 0 79 12 1168
631 17.005948562224816 0 82 9 1908
632 16.920918819413693 0 81 10 1519
633 16.836314225316624 0 79 12 1713
634 16.752132654190042 0 77 14 1092
635 16.66837199091909 0 73 18 1635
636 16.585030130964494 0 77 14 1674
637 16.50210498030967 0 81 10 1518
638 16.419594455408124 0 82 9 1595
639 16.337496483131083 0 84 7 1906
640 16.255809000715427 0 83 8 1713
641 16.17452995571185 0 81 10 1441
642 16.09365730593329 0 80 11 1092
643 16.013189019403626 0 80 11 1129
644 15.933123074306607 0 77 14 780
645 15.853457458935074 0 75 16 703
646 15.774190171640399 0 68 23 1286
647 15.695319220782197 0 76 15 510
648 15.616842624678286 0 79 12 431
649 15.538758411554895 0 77 14 664
650 15.46106461949712 0 76 15 1013
651 15.383759296399635 0 81 10 897
654 15.15415476593096 0 72 19 859
655 15.078383992101305 0 76 15 1325
656 15.002992072140799 0 76 15 819
657 14.927977111780095 0 82 9 1246
658 14.853337226221194 0 83 8 1362
659 14.779070540090089 0 80 11 1246
660 14.705175187389639 0 84 7 1674
661 14.63164931145269 0 78 13 1945
662 14.558491064895428 0 77 14 1711
663 14.485698609570951 0 79 12 1517
664 14.413270116523096 0 80 11 1051
666 14.269497747110778 0 81 10 1089
667 14.198150258375223 0 82 9 856
668 14.127159507083347 0 81 10 1245
669 14.05652370954793 0 77 14 1050
671 13.91630988554519 0 80 11 1361
672 13.846728336117463 0 82 9 1283
673 13.777494694436877 0 77 14 350
674 13.708607220964693 0 78 13 390
675 13.640064184859868 0 79 12 663
676 13.571863863935569 0 80 11 508
677 13.50400454461589 0 79 12 741
678 13.43648452189281 0 82 9 663
679 13.369302099283345 0 80 11 1013
680 13.302455588786929 0 81 10 1557
681 13.235943310842995 0 83 8 1518
682 13.16976359428878 0 79 12 1402
683 13.103914776317335 0 83 8 819
684 13.03839520243575 0 85 6 625
685 12.973203226423571 0 84 7 1326
686 12.908337210291453 0 79 12 1752
687 12.843795524239995 0 79 12 2257
688 12.779576546618795 0 82 9 2335
689 12.7156786638857 0 86 5 2217
690 12.652100270566272 0 81 10 1635
691 12.588839769213441 0 77 14 1013
692 12.525895570367375 0 75 16 1324
693 12.463266092515537 0 80 11 1284
694 12.40094976205296 0 78 13 1556
695 12.338945013242695 0 80 11 1479
696 12.27725028817648 0 81 10 1439
697 12.215864036735598 0 77 14 546
698 12.15478471655192 0 79 12 392
699 12.09401079296916 0 77 14 1053
700 12.033540739004314 0 76 15 1208
701 11.973373035309292 0 74 17 1403
702 11.913506170132745 0 78 13 1635
703 11.853938639282081 0 74 17 1324
705 11.735695601355241 0 72 19 1363
706 11.677017123348465 0 78 13 1676
707 11.618632037731723 0 76 15 1635
708 11.560538877543065 0 79 12 1946
709 11.50273618315535 0 78 13 1674
710 11.445222502239572 0 80 11 1323
711 11.387996389728373 0 82 9 1945
712 11.331056407779732 0 83 8 1828
713 11.274401125740834 0 83 8 1595
714 11.21802912011213 0 81 10 778
715 11.16193897451157 0 78 13 1362
716 11.106129279639012 0 78 13 1363
717 11.050598633240817 0 75 16 1635
718 10.995345640074612 0 84 7 2104
719 10.94036891187424 0 85 6 1830
720 10.885667067314868 0 88 3 1362
722 10.777082538318403 0 82 9 1519
724 10.669581139998677 0 81 10 858
725 10.616233234298683 0 82 9 1169
726 10.56315206812719 0 80 11 1441
727 10.510336307786554 0 84 7 1168
728 10.457784626247621 0 83 8 1712
729 10.405495703116383 0 77 14 1323
730 10.353468224600801 0 83 8 1556
731 10.301700883477798 0 81 10 1752
732 10.250192379060408 0 85 6 1750
733 10.198941417165106 0 77 14 1361
734 10.14794671007928 0 75 16 1480
735 10.097206976528884 0 80 11 1442
736 10.04672094164624 0 83 8 1557
737 9.99648733693801 0 82 9 1556
738 9.94650490025332 0 82 9 1945
740 9.847288513873293 0 83 8 1129
741 9.798052071303927 0 85 6 780
742 9.749061810947406 0 84 7 936
743 9.700316501892669 0 85 6 936
744 9.651814919383206 0 76 15 1636
745 9.603555844786289 0 74 17 2140
746 9.555538065562358 0 76 15 1557
747 9.507760375234545 0 71 20 1753
748 9.460221573358373 0 75 16 1675
749 9.412920465491581 0 79 12 1169
750 9.365855863164123 0 82 9 1013
751 9.319026583848302 0 74 17 819
752 9.27243145092906 0 71 20 701
753 9.226069293674415 0 79 12 974
754 9.179938947206043 0 87 4 1595
755 9.134039252470012 0 84 7 1284
756 9.088369056207663 0 85 6 856
759 8.952724011997631 0 80 11 1518
760 8.907960391937642 0 78 13 1596
761 8.863420589977954 0 80 11 1013
762 8.819103487028064 0 80 11 547
763 8.775007969592924 0 81 10 1210
764 8.731132929744959 0 85 6 1676
765 8.687477265096234 0 82 9 1442
766 8.644039878770753 0 78 13 819
767 8.6008196793769 0 80 11 975
768 8.557815580980014 0 85 6 819
769 8.515026503075115 0 84 7 547
770 8.472451370559739 0 85 6 896
771 8.43008911370694 0 81 10 858
772 8.387938668138405 0 82 9 1130
773 8.345998974797713 0 81 10 1168
774 8.304268979923725 0 84 7 1207
775 8.262747635024105 0 81 10 856
776 8.221433896848986 0 85 6 701
777 8.18032672736474 0 84 7 976
778 8.139425093727917 0 86 5 1015
779 8.098727968259277 0 82 9 1443
780 8.058234328417981 0 82 9 860
782 7.977853440992011 0 80 11 1169
783 7.937964173787051 0 78 13 1829
784 7.898274352918116 0 73 18 1168
785 7.858782981153525 0 78 13 1674
786 7.819489066247757 0 82 9 1093
787 7.780391620916519 0 83 8 1325
788 7.7414896628119365 0 76 15 1324
789 7.702782214497876 0 81 10 1167
790 7.664268303425387 0 79 12 972
791 7.62594696190826 0 83 8 1128
792 7.587817227098718 0 83 8 1088
794 7.512128750258408 0 78 13 857
795 7.474568106507116 0 82 9 159
796 7.43719526597458 0 76 15 508
797 7.400009289644707 0 78 13 859
798 7.363009243196483 0 78 13 1558
799 7.3261941969805005 0 73 18 1908
800 7.289563225995598 0 73 18 1635
801 7.25311540986562 0 80 11 1791
802 7.216849832816291 0 81 10 1519
803 7.18076558365221 0 81 10 1247
804 7.144861755733949 0 78 13 1752
805 7.1091374469552795 0 78 13 1168
806 7.073591759720503 0 78 13 1090
807 7.038223800921901 0 81 10 1323
808 7.003032681917291 0 81 10 585
809 6.968017518507704 0 81 10 624
810 6.9331774309151655 0 83 8 1129
811 6.8985115437605895 0 80 11 973
812 6.864018986041787 0 80 11 1364
813 6.829698891111578 0 80 11 1793
814 6.79555039665602 0 81 10 1558
815 6.761572644672739 0 81 10 1596
816 6.727764781449376 0 84 7 1129
817 6.694125957542129 0 85 6 1867
818 6.6606553277544185 0 83 8 1362
820 6.594215290860068 0 83 8 1713
821 6.561244214405767 0 83 8 1324
822 6.528437993333738 0 80 11 1596
823 6.495795803367069 0 83 8 1326
825 6.431000240228483 0 82 9 1326
828 6.335016757768043 0 80 11 1365
830 6.271824965609307 0 82 9 1480
831 6.24046584078126 0 80 11 1829
832 6.209263511577354 0 79 12 1556
833 6.178217194019467 0 81 10 2139
835 6.116589477509123 0 81 10 1090
836 6.086006530121577 0 80 11 1089
837 6.05557649747097 0 83 8 1051
838 6.0252986149836145 0 86 5 1364
841 5.935370279992657 0 87 4 1093
842 5.905693428592694 0 85 6 1015
843 5.876164961449731 0 79 12 974
844 5.846784136642482 0 86 5 1440
848 5.7307225517923 0 82 9 2023
849 5.702068939033339 0 86 5 1789
855 5.5331309448922 0 83 8 1518
856 5.505465290167739 0 82 9 1675
857 5.4779379637169 0 85 6 1325
858 5.450548273898315 0 84 7 1131
859 5.423295532528823 0 84 7 1712
860 5.396179054866179 0 84 7 1208
861 5.369198159591848 0 84 7 897
862 5.342352168793889 0 81 10 548
863 5.315640407949919 0 83 8 625
864 5.289062205910169 0 83 8 547
865 5.262616894880618 0 82 9 898
867 5.210122291354184 0 83 8 1130
868 5.1840716798974125 0 80 11 1558
870 5.132360564890436 0 84 7 818
871 5.106698762065983 0 79 12 1169
872 5.081165268255654 0 83 8 1326
873 5.055759441914375 0 81 10 1870
874 5.030480644704803 0 79 12 1596
875 5.005328241481279 0 83 8 1790
876 4.980301600273872 0 83 8 1790
877 4.9554000922725026 0 83 8 1635
878 4.93062309181114 0 80 11 1869
879 4.905969976352084 0 80 11 1713
880 4.8814401264703235 0 79 12 1246
881 4.857032925837972 0 77 14 1557
883 4.808584022402738 0 83 8 1635
884 4.784541102290724 0 82 9 2023
885 4.760618396779271 0 82 9 2062
886 4.736815304795375 0 81 10 1830
887 4.713131228271398 0 86 5 897
888 4.689565572130041 0 82 9 276
890 4.642787155548044 0 82 9 1169
891 4.619573219770304 0 84 7 664
892 4.596475353671453 0 86 5 1052
893 4.573492976903095 0 87 4 1053
895 4.527872384458487 0 83 8 934
897 4.482706857423513 0 83 8 1323
898 4.460293323136395 0 86 5 2023
902 4.37175427331316 0 87 4 1750
903 4.349895501946594 0 88 3 1596
904 4.328146024436861 0 85 6 1440
905 4.306505294314676 0 85 6 1401
906 4.284972767843103 0 81 10 818
908 4.242230164483868 0 83 8 896
909 4.221019013661448 0 83 8 584
910 4.199913918593141 0 82 9 1012
913 4.137229678368898 0 82 9 1361
914 4.116543529977054 0 76 15 1208
915 4.095960812327169 0 81 10 664
918 4.034828085208084 0 80 11 1052
919 4.014653944782044 0 79 12 1209
920 3.9945806750581334 0 80 11 1246
921 3.9746077716828427 0 75 16 974
922 3.9547347328244284 0 79 12 1130
923 3.9349610591603064 0 78 13 1596
924 3.915286253864505 0 76 15 1517
925 3.8957098225951823 0 83 8 1361
927 3.8568501171147953 0 81 10 1557
928 3.8375658665292214 0 81 10 933
931 3.7802897162755396 0 84 7 1360
932 3.7613882676941617 0 87 4 1090
936 3.686722832237167 0 86 5 1363
939 3.631698033125673 0 85 6 1324
941 3.5954718452452443 0 87 4 935
943 3.559607013588923 0 84 7 1439
944 3.5418089785209785 0 86 5 1713
947 3.4889470367904307 0 84 7 1480
948 3.4715023016064785 0 82 9 1674
949 3.454144790098446 0 83 8 1753
950 3.4368740661479538 0 82 9 1285
951 3.419689695817214 0 83 8 1558
952 3.402591247338128 0 85 6 1479
953 3.3855782911014374 0 80 11 1246
954 3.3686503996459303 0 85 6 1519
955 3.3518071476477007 0 83 8 1519
959 3.285272101958199 0 75 16 780
960 3.2688457414484082 0 75 16 1170
961 3.252501512741166 0 81 10 1093
962 3.23623900517746 0 81 10 1248
964 3.203957521100815 0 80 11 1597
965 3.187937733495311 0 82 9 1248
967 3.1561380546036952 0 83 8 1247
968 3.1403573643306766 0 84 7 1054
970 3.109032299621478 0 83 8 1208
971 3.0934871381233706 0 82 9 1246
972 3.0780197024327536 0 83 8 858
973 3.06262960392059 0 83 8 316
977 3.0018348768821075 0 78 13 781
978 2.986825702497697 0 80 11 1248
983 2.9128980421532478 0 82 9 1479
985 2.883841884182769 0 82 9 1441
986 2.8694226747618554 0 78 13 1324
987 2.855075561388046 0 76 15 1208
988 2.8408001835811056 0 81 10 1053
989 2.8265961826632 0 85 6 1481
990 2.812463201749884 0 85 6 1870
992 2.784408881312429 0 81 10 1713
993 2.770486836905867 0 80 11 1869
994 2.7566344027213376 0 80 11 1830
995 2.742851230707731 0 75 16 1752
996 2.7291369745541925 0 85 6 1129
997 2.7154912896814216 0 84 7 819
998 2.7019138332330144 0 81 10 975
999 2.688404264066849 0 84 7 1129
1001 2.6615874315327823 0 85 6 1516
1003 2.6350380969032425 0 85 6 1673
1006 2.5957098239271996 0 85 6 2102
1010 2.5441836876896513 0 86 5 2024
1015 2.481211969132346 0 83 8 1440
1016 2.4688059092866843 0 84 7 1712
1019 2.431958672489842 0 79 12 1168
1020 2.4197988791273928 0 80 11 1167
1021 2.407699884731756 0 81 10 1168
1022 2.395661385308097 0 82 9 1325
1024 2.3717646629896487 0 82 9 1751
1027 2.336365778923945 0 84 7 2256
1028 2.3246839500293253 0 81 10 1866
1029 2.3130605302791785 0 83 8 1439
1032 2.2785378127321954 0 83 8 1868
1033 2.2671451236685343 0 81 10 1052
1034 2.2558093980501916 0 80 11 1403
1036 2.2333076993046412 0 80 11 1636
1037 2.222141160808118 0 81 10 1868
1038 2.2110304550040776 0 78 13 1712
1039 2.199975302729057 0 82 9 1401
1040 2.188975426215412 0 82 9 1323
1041 2.178030549084335 0 81 10 1206
1043 2.156304694357219 0 81 10 972
1046 2.1241215772558504 0 85 6 1440
1053 2.0508832391740506 0 83 8 1091
1055 2.0304256788632893 0 85 6 1478
1057 2.010172182716628 0 84 7 1283
1058 2.0001213218030447 0 83 8 1283
1062 1.9604179147546692 0 77 14 740
1063 1.9506158251808958 0 80 11 1245
1064 1.9408627460549914 0 83 8 780
1065 1.9311584323247164 0 81 10 781
1067 1.9118951269622773 0 80 11 1441
1068 1.9023356513274658 0 79 12 1285
1072 1.8645733386697496 0 80 11 1361
1073 1.855250471976401 0 78 13 1207
1074 1.845974219616519 0 81 10 1556
1076 1.827560626775844 0 78 13 1519
1077 1.8184228236419648 0 78 13 1402
1078 1.809330709523755 0 81 10 896
1079 1.8002840559761362 0 83 8 1440
1082 1.773414591405185 0 87 4 1789
1085 1.746946156951639 0 84 7 1790
1087 1.7295203690360461 0 87 4 1711
1088 1.720872767190866 0 86 5 1207
1091 1.6951885260314463 0 84 7 1324
1092 1.686712583401289 0 82 9 1441
1093 1.6782790204842826 0 81 10 1441
1095 1.6615381872549517 0 77 14 1519
1096 1.653230496318677 0 80 11 1247
1098 1.6367395221178982 0 82 9 1675
1100 1.620413045384772 0 84 7 1209
1101 1.6123109801578481 0 84 7 819
1102 1.604249425257059 0 85 6 1636
1106 1.5724042730436496 0 84 7 1015
1107 1.5645422516784313 0 84 7 1246
1108 1.5567195404200391 0 85 6 1324
1109 1.548935942717939 0 85 6 1246
1112 1.525817880155881 0 85 6 1595
1113 1.5181887907551017 0 87 4 1556
1119 1.4732086665615822 0 87 4 1673
1120 1.4658426232287742 0 85 6 1441
1122 1.451220843062067 0 83 8 1363
1123 1.4439647388467567 0 83 8 1364
1125 1.4295611905767602 0 83 8 898
1126 1.4224133846238765 0 82 9 1596
1131 1.3872068797783013 0 84 7 1714
1134 1.3665026436967502 0 87 4 1635
1139 1.3326799994030014 0 85 6 1636
1140 1.3260165994059865 0 82 9 1361
1142 1.312789583826912 0 83 8 1323
1146 1.2867300550136493 0 85 6 1595
1149 1.2675254481013138 0 82 9 1789
1152 1.2486074723477205 0 82 9 1947
1155 1.2299718497469967 0 84 7 2141
1158 1.2116143661430414 0 84 7 1130
1162 1.1875632159251777 0 82 9 1052
1164 1.1757172728463239 0 82 9 1168
1166 1.1639894930496817 0 87 4 935
1175 1.1126454257238898 0 86 5 1052
1178 1.0960390536642826 0 84 7 701
1181 1.0796805337834614 0 83 8 1050
1182 1.074282131114544 0 82 9 1324
1183 1.0689107204589714 0 83 8 1519
1187 1.0476923088705696 0 83 8 937
1188 1.0424538473262168 0 81 10 780
1189 1.0372415780895858 0 82 9 1051
1192 1.0217606178814016 0 85 6 1323
1195 1.0065107129394444 0 86 5 1207
1206 0.952516022821537 0 86 5 1363
1207 0.9477534427074293 0 86 5 1014
1209 0.9382996021164227 0 86 5 1247
1213 0.919673886451048 0 86 5 1090
1217 0.9014179005428476 0 86 5 1012
1225 0.8659859064058887 0 86 5 1323
1230 0.8445516754434595 0 86 5 1207
1235 0.8236479684232244 0 86 5 1402
1240 0.8032616542161151 0 86 5 1286
1243 0.7912728736192327 0 87 4 1712
1251 0.7601703452559427 0 87 4 1518
1253 0.7525876460620147 0 87 4 1517
1257 0.7376484054642279 0 87 4 1518
1270 0.6911136292587945 0 86 5 1868
1275 0.6740077052001731 0 87 4 2062
1296 0.6066658617403717 0 85 6 1673
1298 0.6006143697695115 0 87 4 1713
1337 0.4939646469927074 0 87 4 1209
1343 0.47932971403559543 0 87 4 1402
1354 0.4536158701182538 0 88 3 975
1369 0.4207600048852172 0 88 3 1286
1370 0.41865620486079114 0 88 3 1285
1378 0.402200103659455 0 88 3 1246
1414 0.3357941184401626 0 88 3 1052
1417 0.3307823492481784 0 88 3 1326
1422 0.3225950736590106 0 88 3 1364
1430 0.3099148431559171 0 89 2 1636
1464 0.26135277897177334 0 88 3 1480
1466 0.2587457850015299 0 88 3 1131
1483 0.23761051548418272 0 88 3 1480
1510 0.2075337992508366 0 88 3 1131
1518 0.19937627724705992 0 88 3 1248
1544 0.17501431881237317 0 88 3 1287
1563 0.15911536381487035 0 89 2 1598
1569 0.15440117486217086 0 89 2 1286
1643 0.10655125658200873 0 89 2 1440
1689 0.08460972628801948 0 89 2 1519
1725 0.07064008236657511 0 89 2 1480
1735 0.06718649795578613 0 89 2 1519
