1 400 0 81 10 1634
2 398.0 0 83 8 1090
3 396.01 0 85 6 1400
4 394.02995 0 85 6 1166
5 392.05980024999997 0 82 9 1205
6 390.09950124874996 0 81 10 1206
7 388.1490037425062 0 80 11 1479
8 386.2082587237937 0 83 8 1827
9 384.2772174301747 0 84 7 1788
10 382.3558313430238 0 86 5 2099
11 380.4440521863087 0 81 10 2100
12 378.54183192537715 0 86 5 1827
13 376.6491227657503 0 89 2 1516
14 374.76587715192153 0 83 8 1167
15 372.8920477661619 0 83 8 1206
16 371.0275875273311 0 83 8 1869
17 369.17244958969445 0 82 9 1558
18 367.326587341746 0 82 9 1519
19 365.4899544050373 0 79 12 1518
20 363.6625046330121 0 79 12 1557
21 361.84419210984703 0 80 11 1673
22 360.0349711492978 0 86 5 1323
23 358.2347962935513 0 86 5 1362
24 356.44362231208356 0 87 4 1440
25 354.6614042005231 0 87 4 1712
26 352.8880971795205 0 85 6 1673
27 351.12365669362293 0 87 4 1712
28 349.36803841015484 0 87 4 1440
29 347.62119821810404 0 81 10 1323
30 345.8830922270135 0 82 9 1206
31 344.1536767658784 0 80 11 1167
32 342.432908382049 0 81 10 935
33 340.72074384013877 0 80 11 1050
34 339.01714012093805 0 80 11 1128
35 337.32205442033336 0 79 12 1441
36 335.63544414823167 0 80 11 1440
37 333.95726692749054 0 82 9 897
38 332.28748059285306 0 76 15 974
39 330.6260431898888 0 77 14 935
40 328.97291297393934 0 82 9 934
41 327.32804840906965 0 80 11 1167
42 325.6914081670243 0 80 11 934
43 324.06295112618915 0 75 16 1128
44 322.4426363705582 0 80 11 1439
45 320.8304231887054 0 81 10 1478
46 319.2262710727619 0 80 11 1438
47 317.6301397173981 0 79 12 1284
48 316.0419890188111 0 78 13 1245
49 314.461779073717 0 75 16 973
50 312.88947017834846 0 72 19 1052
51 311.32502282745673 0 73 18 1091
52 309.7683977133195 0 74 17 1208
53 308.21955572475287 0 77 14 1169
54 306.6784579461291 0 78 13 858
55 305.1450656563984 0 78 13 857
56 303.6193403281164 0 75 16 702
57 302.1012436264758 0 79 12 701
58 300.59073740834344 0 80 11 818
59 299.0877837213017 0 82 9 740
60 297.5923448026952 0 81 10 739
61 296.10438307868174 0 80 11 933
62 294.6238611632883 0 82 9 934
63 293.15074185747187 0 81 10 1167
64 291.6849881481845 0 82 9 702
65 290.2265632074436 0 82 9 701
66 288.77543039140636 0 83 8 935
67 287.3315532394493 0 84 7 936
68 285.89489547325206 0 82 9 1092
69 284.4654209958858 0 84 7 1403
70 283.04309389090633 0 84 7 1170
71 281.6278784214518 0 83 8 1209
72 280.2197390293445 0 82 9 702
73 278.81864033419777 0 81 10 1013
74 277.42454713252675 0 82 9 857
75 276.03742439686414 0 78 13 663
76 274.65723727487983 0 79 12 1090
77 273.28395108850543 0 80 11 1401
78 271.9175313330629 0 81 10 1207
79 270.5579436763976 0 83 8 1206
80 269.2051539580156 0 85 6 664
81 267.85912818822555 0 85 6 703
82 266.5198325472844 0 82 9 702
83 265.187233384548 0 85 6 703
84 263.86129721762524 0 81 10 702
85 262.5419907315371 0 74 17 973
86 261.2292807778794 0 78 13 1751
87 259.92313437399 0 75 16 1518
88 258.62351870212007 0 81 10 1673
89 257.33040110860946 0 76 15 1362
90 256.04374910306643 0 79 12 1323
91 254.7635303575511 0 77 14 1284
92 253.48971270576334 0 79 12 1401
93 252.2222641422345 0 77 14 1284
94 250.96115282152334 0 78 13 1478
95 249.7063470574157 0 76 15 1245
96 248.45781532212862 0 76 15 1284
97 247.215526245518 0 75 16 1947
98 245.9794486142904 0 80 11 1208
99 244.74955137121893 0 81 10 936
100 243.52580361436284 0 86 5 1596
101 242.30817459629102 0 82 9 1907
102 241.09663372330957 0 79 12 1713
103 239.891150554693 0 77 14 1712
104 238.69169480191954 0 78 13 1711
105 237.49823632790995 0 75 16 1400
106 236.3107451462704 0 76 15 1050
107 235.12919142053903 0 77 14 2023
108 233.95354546343634 0 78 13 1906
109 232.78377773611916 0 75 16 1907
110 231.61985884743856 0 74 17 2024
111 230.46175955320138 0 75 16 2063
112 229.30945075543536 0 76 15 1907
113 228.16290350165818 0 78 13 1868
114 227.0220889841499 0 80 11 1598
115 225.88697853922915 0 82 9 1637
116 224.757543646533 0 79 12 1326
117 223.63375592830033 0 84 7 1520
118 222.51558714865882 0 80 11 1286
119 221.40300921291552 0 85 6 1556
120 220.29599416685093 0 83 8 1245
121 219.19451419601668 0 83 8 1206
122 218.0985416250366 0 80 11 1012
123 217.0080489169114 0 83 8 1207
124 215.92300867232686 0 85 6 1208
125 214.84339362896523 0 81 10 1557
126 213.7691766608204 0 82 9 1868
127 212.70033077751629 0 81 10 2024
128 211.6368291236287 0 81 10 1713
129 210.57864497801054 0 82 9 1752
130 209.5257517531205 0 83 8 1518
131 208.4781229943549 0 85 6 1052
132 207.43573237938313 0 85 6 1481
133 206.3985537174862 0 83 8 1287
134 205.36656094889878 0 86 5 1286
135 204.3397281441543 0 81 10 1015
136 203.3180295034335 0 76 15 1014
137 202.30143935591633 0 81 10 1248
138 201.28993215913675 0 81 10 1754
139 200.28348249834107 0 82 9 1753
140 199.28206508584935 0 81 10 1675
141 198.2856547604201 0 80 11 1481
142 197.294226486618 0 77 14 1170
143 196.3077553541849 0 77 14 1209
144 195.326216577414 0 82 9 975
145 194.3495854945269 0 82 9 974
146 193.37783756705426 0 84 7 1285
147 192.41094837921898 0 79 12 585
148 191.4488936373229 0 80 11 818
149 190.49164916913628 0 82 9 1012
150 189.5391909232906 0 85 6 1206
151 188.59149496867414 0 76 15 1091
152 187.64853749383076 0 77 14 1130
153 186.71029480636162 0 75 16 1208
154 185.7767433323298 0 78 13 1480
155 184.84785961566814 0 78 13 1713
156 183.9236203175898 0 76 15 1324
157 183.00400221600185 0 80 11 1246
158 182.08898220492185 0 82 9 1402
159 181.17853729389725 0 72 19 1285
160 180.27264460742776 0 71 20 1479
161 179.3712813843906 0 74 17 1518
162 178.47442497746866 0 80 11 1557
163 177.5820528525813 0 80 11 1440
164 176.6941425883184 0 78 13 1129
165 175.8106718753768 0 79 12 1051
166 174.93161851599993 0 80 11 1207
167 174.05696042341992 0 82 9 1518
168 173.1866756213028 0 79 12 1130
169 172.3207422431963 0 78 13 1169
170 171.4591385319803 0 80 11 858
171 170.6018428393204 0 80 11 1129
172 169.7488336251238 0 81 10 1207
173 168.9000894569982 0 78 13 1479
174 168.0555890097132 0 79 12 1868
175 167.21531106466463 0 78 13 1557
176 166.3792345093413 0 72 19 1441
177 165.54733833679458 0 85 6 1053
178 164.7196016451106 0 86 5 1131
179 163.89600363688504 0 84 7 1481
180 163.0765236187006 0 84 7 1675
181 162.2611410006071 0 83 8 1986
182 161.44983529560406 0 82 9 1987
183 160.64258611912604 0 82 9 1831
184 159.8393731885304 0 81 10 1830
185 159.04017632258774 0 79 12 1947
186 158.2449754409748 0 82 9 2413
187 157.45375056376992 0 78 13 2219
188 156.66648181095107 0 80 11 2220
189 155.8831494018963 0 82 9 2062
190 155.1037336548868 0 78 13 2373
191 154.32821498661238 0 80 11 2490
192 153.55657391167932 0 77 14 2296
193 152.78879104212092 0 82 9 1636
194 152.0248470869103 0 82 9 1637
195 151.26472285147577 0 81 10 1676
196 150.50839923721838 0 78 13 938
197 149.7558572410323 0 76 15 937
198 149.00707795482714 0 76 15 936
199 148.262042565053 0 77 14 975
200 147.52073235222775 0 79 12 1091
201 146.7831286904666 0 79 12 1090
202 146.0492130470143 0 78 13 1091
203 145.31896698177923 0 78 13 1130
204 144.59237214687033 0 76 15 975
205 143.86941028613597 0 78 13 976
206 143.1500632347053 0 80 11 1171
207 142.43431291853176 0 81 10 1365
208 141.7221413539391 0 82 9 1443
209 141.0135306471694 0 85 6 1714
210 140.30846299393355 0 86 5 1753
211 139.6069206789639 0 83 8 1714
212 138.90888607556906 0 82 9 1478
213 138.2143416451912 0 79 12 935
214 137.52326993696525 0 83 8 1596
215 136.83565358728043 0 82 9 1284
216 136.15147531934403 0 87 4 1596
218 134.79336435303358 0 83 8 1558
219 134.11939753126842 0 80 11 1247
220 133.44880054361207 0 78 13 1208
221 132.781556540894 0 76 15 1402
222 132.11764875818952 0 78 13 1246
223 131.45706051439856 0 77 14 1402
224 130.79977521182656 0 79 12 1363
225 130.14577633576744 0 77 14 1090
226 129.4950474540886 0 79 12 1091
227 128.84757221681815 0 79 12 1090
228 128.20333435573406 0 79 12 1051
229 127.56231768395538 0 86 5 1518
230 126.9245060955356 0 82 9 1674
231 126.28988356505792 0 86 5 1946
232 125.65843414723263 0 83 8 1519
233 125.03014197649647 0 81 10 1014
234 124.40499126661399 0 80 11 1015
235 123.78296631028093 0 78 13 1014
236 123.16405147872952 0 78 13 1208
237 122.54823122133587 0 78 13 1014
238 121.93549006522919 0 77 14 1325
239 121.32581261490304 0 81 10 1326
240 120.71918355182852 0 84 7 1754
241 120.11558763406939 0 83 8 1908
242 119.51500969589904 0 85 6 2063
243 118.91743464741954 0 81 10 1440
244 118.32284747418244 0 81 10 1401
245 117.73123323681152 0 81 10 1595
246 117.14257707062747 0 82 9 1828
247 116.55686418527434 0 77 14 1400
248 115.97407986434796 0 75 16 1283
249 115.39420946502622 0 78 13 1440
250 114.81723841770109 0 80 11 1129
251 114.24315222561259 0 80 11 1323
252 113.67193646448453 0 83 8 1362
253 113.10357678216211 0 86 5 1129
254 112.5380588982513 0 83 8 1128
255 111.97536860376003 0 81 10 1167
256 111.41549176074123 0 81 10 1323
257 110.85841430193753 0 77 14 1324
258 110.30412223042784 0 78 13 1013
259 109.7526016192757 0 73 18 1635
260 109.20383861117932 0 74 17 1324
261 108.65781941812342 0 74 17 624
262 108.1145303210328 0 79 12 430
263 107.57395766942764 0 78 13 586
264 107.0360878810805 0 78 13 547
265 106.5009074416751 0 78 13 780
266 105.96840290446671 0 79 12 1012
267 105.43856088994438 0 78 13 1323
268 104.91136808549466 0 81 10 1324
269 104.38681124506718 0 81 10 1325
270 103.86487718884185 0 81 10 1364
271 103.34555280289763 0 80 11 1325
272 102.82882503888314 0 83 8 1597
273 102.31468091368872 0 82 9 1830
274 101.80310750912028 0 83 8 1364
275 101.29409197157467 0 86 5 1557
276 100.7876215117168 0 86 5 1673
277 100.28368340415821 0 85 6 1712
278 99.78226498713742 0 88 3 1713
279 99.28335366220173 0 86 5 1714
280 98.78693689389073 0 87 4 1713
281 98.29300220942127 0 86 5 1519
282 97.80153719837416 0 83 8 1248
283 97.3125295123823 0 81 10 1247
284 96.82596686482039 0 82 9 1246
285 96.34183703049628 0 80 11 935
286 95.8601278453438 0 79 12 663
287 95.38082720611708 0 77 14 1169
288 94.90392307008649 0 81 10 1712
289 94.42940345473606 0 81 10 973
290 93.95725643746238 0 77 14 935
291 93.48747015527506 0 76 15 1246
292 93.02003280449868 0 74 17 1440
293 92.5549326404762 0 83 8 1673
294 92.09215797727381 0 80 11 1712
295 91.63169718738745 0 77 14 1129
296 91.17353870145051 0 77 14 1362
297 90.71767100794325 0 81 10 1673
298 90.26408265290354 0 81 10 1129
299 89.81276223963903 0 78 13 1168
300 89.36369842844083 0 75 16 625
301 88.91687993629863 0 82 9 898
302 88.47229553661714 0 80 11 976
303 88.02993405893405 0 80 11 898
304 87.58978438863937 0 83 8 313
305 87.15183546669617 0 85 6 664
306 86.71607628936269 0 82 9 1130
307 86.28249590791587 0 82 9 1441
308 85.8510834283763 0 82 9 1130
309 85.42182801123441 0 80 11 2218
310 84.99471887117824 0 80 11 2217
311 84.56974527682235 0 80 11 2489
312 84.14689655043823 0 72 19 2257
313 83.72616206768603 0 79 12 1906
314 83.3075312573476 0 78 13 1051
315 82.89099360106087 0 74 17 1090
316 82.47653863305557 0 73 18 1362
317 82.06415593989028 0 73 18 1363
318 81.65383516019084 0 80 11 1364
319 81.24556598438988 0 80 11 1170
320 80.83933815446794 0 79 12 1481
321 80.4351414636956 0 78 13 1520
322 80.03296575637712 0 77 14 1481
323 79.63280092759524 0 80 11 820
324 79.23463692295726 0 81 10 859
325 78.83846373834248 0 77 14 1597
326 78.44427141965078 0 77 14 1869
327 78.05205006255252 0 79 12 2101
328 77.66178981223976 0 79 12 2102
329 77.27348086317856 0 77 14 1558
330 76.88711345886267 0 74 17 1557
331 76.50267789156835 0 76 15 1324
332 76.12016450211051 0 78 13 1635
333 75.73956367959995 0 75 16 1478
334 75.36086586120196 0 77 14 1789
335 74.98406153189595 0 77 14 1439
336 74.60914122423647 0 77 14 1711
337 74.23609551811528 0 75 16 1517
338 73.8649150405247 0 74 17 1673
339 73.49559046532208 0 77 14 1362
340 73.12811251299547 0 77 14 1012
341 72.7624719504305 0 78 13 740
342 72.39865959067834 0 78 13 779
343 72.03666629272495 0 78 13 857
344 71.67648296126131 0 77 14 1168
345 71.31810054645501 0 69 22 1713
346 70.96151004372274 0 83 8 1015
347 70.60670249350413 0 80 11 898
348 70.25366898103661 0 75 16 392
349 69.90240063613143 0 76 15 741
350 69.55288863295077 0 75 16 547
351 69.20512418978602 0 74 17 625
352 68.85909856883708 0 79 12 897
353 68.5148030759929 0 79 12 936
354 68.17222906061293 0 80 11 897
355 67.83136791530987 0 78 13 1208
356 67.49221107573332 0 79 12 1052
357 67.15475002035465 0 80 11 1013
358 66.81897627025288 0 83 8 1287
359 66.48488138890161 0 86 5 1209
360 66.1524569819571 0 85 6 1015
361 65.82169469704732 0 83 8 1054
363 65.16512329244428 0 83 8 1208
364 64.83929767598205 0 83 8 1441
365 64.51510118760214 0 82 9 1324
366 64.19252568166414 0 81 10 1286
367 63.87156305325581 0 81 10 1480
368 63.55220523798953 0 79 12 1557
369 63.234444211799584 0 75 16 1052
370 62.918271990740585 0 76 15 741
371 62.60368063078688 0 77 14 740
372 62.29066222763295 0 80 11 1129
373 61.979208916494784 0 81 10 856
374 61.66931287191231 0 82 9 778
375 61.36096630755275 0 83 8 817
376 61.05416147601499 0 77 14 1168
377 60.748890668634914 0 78 13 1014
378 60.445146215291736 0 77 14 742
379 60.142920484215274 0 78 13 898
380 59.8422058817942 0 82 9 1129
381 59.54299485238523 0 79 12 1130
382 59.2452798781233 0 81 10 1246
383 58.94905347873268 0 83 8 1361
384 58.654308211339014 0 83 8 1633
385 58.36103667028232 0 81 10 1361
386 58.0692314869309 0 76 15 1245
387 57.77888532949625 0 83 8 1439
388 57.48999090284877 0 79 12 1128
389 57.20254094833452 0 75 16 1439
390 56.91652824359285 0 77 14 1478
391 56.631945602374884 0 76 15 1207
392 56.34878587436301 0 77 14 1363
393 56.067041944991196 0 76 15 1052
394 55.78670673526624 0 78 13 1091
395 55.50777320158991 0 79 12 1207
396 55.23023433558196 0 77 14 1208
397 54.95408316390405 0 74 17 1209
398 54.679312748084534 0 81 10 1090
399 54.405916184344115 0 83 8 1129
400 54.1338866034224 0 81 10 1168
401 53.863217170405285 0 82 9 1635
402 53.59390108455326 0 81 10 1596
403 53.32593157913049 0 80 11 1557
404 53.059301921234834 0 81 10 1518
405 52.79400541162866 0 82 9 1712
406 52.53003538457052 0 83 8 1869
407 52.26738520764766 0 81 10 625
408 52.006048281609424 0 80 11 936
409 51.74601804020138 0 82 9 1013
410 51.48728795000037 0 77 14 1051
411 51.22985151025037 0 83 8 1090
412 50.97370225269912 0 81 10 1478
413 50.718833741435624 0 81 10 1828
414 50.46523957272844 0 76 15 1829
415 50.2129133748648 0 78 13 1985
416 49.96184880799047 0 82 9 1984
417 49.71203956395052 0 80 11 1712
418 49.46347936613077 0 78 13 2178
419 49.21616196930012 0 77 14 1829
420 48.97008115945361 0 79 12 1518
421 48.72523075365635 0 77 14 1829
422 48.481604599888065 0 76 15 1479
423 48.239196576888624 0 68 23 1169
424 47.99800059400418 0 79 12 1093
425 47.758010591034164 0 85 6 1053
426 47.51922053807899 0 83 8 1052
427 47.28162443538859 0 80 11 702
428 47.045216313211654 0 78 13 701
429 46.80999023164559 0 78 13 1246
430 46.575940280487366 0 77 14 974
431 46.34306057908493 0 81 10 1090
432 46.1113452761895 0 80 11 1167
433 45.88078854980856 0 81 10 896
434 45.65138460705951 0 80 11 1013
435 45.423127684024216 0 80 11 1014
436 45.19601204560409 0 77 14 1363
437 44.970031985376075 0 78 13 1674
438 44.745181825449194 0 79 12 1481
439 44.52145591632195 0 79 12 1868
440 44.29884863674034 0 79 12 1829
441 44.07735439355664 0 80 11 1635
442 43.85696762158886 0 79 12 1945
443 43.63768278348091 0 80 11 1828
444 43.41949436956351 0 82 9 1789
445 43.202396897715694 0 80 11 2140
446 42.98638491322711 0 86 5 2139
448 42.55759572371767 0 84 7 2140
449 42.34480774509908 0 74 17 2024
450 42.13308370637359 0 71 20 1091
451 41.92241828784172 0 71 20 819
452 41.71280619640251 0 70 21 975
453 41.5042421654205 0 76 15 1596
454 41.2967209545934 0 78 13 2101
455 41.09023734982043 0 82 9 2179
456 40.884786163071325 0 81 10 1985
457 40.680362232255966 0 82 9 1790
458 40.47696042109469 0 78 13 1595
459 40.27457561898922 0 79 12 1867
460 40.073202740894274 0 78 13 1556
461 39.8728367271898 0 78 13 1517
462 39.67347254355385 0 74 17 1711
463 39.47510518083608 0 78 13 1672
464 39.2777296549319 0 77 14 2217
465 39.08134100665724 0 85 6 1789
466 38.885934301623955 0 83 8 1867
467 38.69150463011584 0 84 7 1750
468 38.49804710696526 0 82 9 1789
469 38.30555687143043 0 78 13 1245
470 38.114029087073284 0 85 6 896
471 37.92345894163792 0 85 6 1790
472 37.733841646929726 0 85 6 1557
473 37.545172438695076 0 85 6 1285
474 37.3574465765016 0 80 11 1324
475 37.17065934361909 0 83 8 1478
476 36.984806046901 0 83 8 1789
479 36.43280319355025 0 82 9 1556
480 36.2506391775825 0 83 8 1400
481 36.06938598169459 0 84 7 1401
482 35.88903905178611 0 83 8 1518
483 35.709593856527185 0 78 13 1207
484 35.53104588724455 0 80 11 1363
485 35.353390657808326 0 79 12 1169
486 35.17662370451929 0 79 12 1247
487 35.00074058599669 0 83 8 1092
488 34.8257368830667 0 80 11 1093
489 34.65160819865137 0 80 11 1132
490 34.47835015765811 0 81 10 1210
491 34.30595840686982 0 83 8 1521
492 34.13442861483547 0 82 9 1249
493 33.96375647176129 0 80 11 1248
494 33.79393768940248 0 80 11 1480
495 33.62496800095547 0 81 10 1169
496 33.45684316095069 0 81 10 1245
497 33.289558945145934 0 78 13 1246
498 33.12311115042021 0 76 15 1480
499 32.9574955946681 0 75 16 1441
500 32.79270811669476 0 79 12 1442
501 32.62874457611129 0 77 14 1325
502 32.46560085323073 0 71 20 1014
503 32.30327284896458 0 68 23 1053
504 32.14175648471976 0 67 24 1364
505 31.98104770229616 0 70 21 1286
506 31.82114246378468 0 69 22 1247
507 31.662036751465756 0 73 18 1208
508 31.503726567708426 0 71 20 1402
509 31.346207934869884 0 77 14 1363
510 31.189476895195536 0 72 19 1207
511 31.033529510719557 0 76 15 1168
512 30.87836186316596 0 77 14 1169
513 30.72397005385013 0 76 15 1518
514 30.57035020358088 0 76 15 1519
515 30.417498452562974 0 76 15 1401
516 30.26541096030016 0 76 15 1362
517 30.114083905498656 0 84 7 1168
518 29.963513485971163 0 85 6 1324
519 29.813695918541306 0 83 8 1013
520 29.6646274389486 0 81 10 1052
521 29.516304301753856 0 83 8 1363
522 29.368722780245086 0 83 8 1519
523 29.22187916634386 0 82 9 1830
524 29.075769770512142 0 83 8 1519
525 28.93039092165958 0 80 11 1246
526 28.78573896705128 0 81 10 1091
527 28.641810272216023 0 74 17 1402
528 28.498601220854944 0 73 18 1091
529 28.35610821475067 0 76 15 1090
530 28.214327673676916 0 78 13 428
531 28.073256035308532 0 76 15 1283
532 27.93288975513199 0 72 19 1129
533 27.793225306356327 0 74 17 1130
535 27.515987883925423 0 79 12 1207
536 27.378407944505796 0 80 11 1129
538 27.10530832525935 0 80 11 1440
539 26.969781783633053 0 81 10 1520
540 26.834932874714887 0 78 13 1521
541 26.700758210341313 0 79 12 1365
542 26.567254419289608 0 79 12 1559
543 26.43441814719316 0 81 10 1598
544 26.302246056457193 0 82 9 1442
545 26.170734826174908 0 80 11 1520
546 26.039881152044032 0 84 7 1442
547 25.909681746283812 0 83 8 1248
548 25.780133337552392 0 80 11 976
549 25.65123267086463 0 81 10 975
550 25.522976507510307 0 82 9 974
551 25.395361624972757 0 75 16 703
552 25.26838481684789 0 83 8 1090
553 25.14204289276365 0 84 7 1051
554 25.016332678299833 0 84 7 857
555 24.891251014908335 0 84 7 818
556 24.766794759833793 0 85 6 1322
557 24.642960786034624 0 88 3 1206
558 24.51974598210445 0 86 5 1595
559 24.39714725219393 0 87 4 1284
560 24.275161515932957 0 84 7 819
562 24.033016779811526 0 82 9 1283
563 23.91285169591247 0 86 5 1594
564 23.793287437432905 0 87 4 1593
565 23.67432100024574 0 81 10 895
566 23.55594939524451 0 81 10 739
567 23.43816964826829 0 80 11 545
568 23.320978800026946 0 78 13 1401
569 23.204373906026813 0 82 9 1284
570 23.08835203649668 0 82 9 1595
571 22.972910276314195 0 82 9 1441
572 22.858045724932623 0 81 10 1753
573 22.74375549630796 0 80 11 2064
574 22.630036718826418 0 81 10 1948
575 22.516886535232285 0 79 12 1676
577 22.292280592043344 0 79 12 1443
578 22.180819189083127 0 80 11 1754
579 22.069915093137713 0 79 12 1443
580 21.959565517672026 0 78 13 1093
581 21.849767690083667 0 81 10 1054
582 21.740518851633247 0 81 10 1093
583 21.631816257375082 0 81 10 1092
584 21.523657176088207 0 79 12 1248
585 21.416038890207766 0 85 6 1598
586 21.308958695756726 0 82 9 1520
587 21.202413902277943 0 81 10 1288
588 21.096401832766553 0 80 11 1521
589 20.99091982360272 0 81 10 1482
590 20.885965224484707 0 81 10 1793
591 20.781535398362283 0 74 17 1753
592 20.67762772137047 0 74 17 1481
593 20.574239582763617 0 81 10 1482
595 20.369011542925552 0 80 11 1443
596 20.267166485210925 0 82 9 1208
597 20.16583065278487 0 83 8 858
598 20.065001499520946 0 84 7 664
599 19.96467649202334 0 84 7 703
600 19.864853109563224 0 85 6 1247
601 19.765528844015407 0 82 9 702
602 19.66670119979533 0 81 10 547
603 19.568367693796354 0 79 12 508
604 19.470525855327374 0 76 15 779
605 19.373173226050735 0 77 14 1557
606 19.27630735992048 0 82 9 1556
607 19.17992582312088 0 82 9 1866
608 19.084026194005276 0 87 4 2371
609 18.98860606303525 0 81 10 2567
610 18.893663032720074 0 83 8 2334
611 18.799194717556475 0 85 6 2062
612 18.70519874396869 0 86 5 1984
613 18.611672750248847 0 84 7 1985
614 18.518614386497603 0 84 7 1324
615 18.426021314565116 0 80 11 1013
616 18.33389120799229 0 81 10 857
617 18.24222175195233 0 86 5 1402
618 18.151010643192567 0 85 6 1091
619 18.060255589976602 0 86 5 1324
620 17.96995431202672 0 80 11 1287
622 17.790704017764252 0 79 12 1286
623 17.70175049767543 0 79 12 1558
624 17.613241745187054 0 80 11 1559
625 17.52517553646112 0 84 7 1714
626 17.437549658778813 0 84 7 1676
627 17.35036191048492 0 84 7 1598
628 17.263610100932496 0 83 8 1637
629 17.177292050427834 0 82 9 1676
631 17.005948562224816 0 78 13 1675
632 16.920918819413693 0 79 12 1479
633 16.836314225316624 0 82 9 1479
635 16.66837199091909 0 80 11 1518
636 16.585030130964494 0 82 9 1207
637 16.50210498030967 0 86 5 1168
638 16.419594455408124 0 86 5 1169
639 16.337496483131083 0 81 10 858
640 16.255809000715427 0 77 14 857
641 16.17452995571185 0 75 16 818
642 16.09365730593329 0 75 16 1129
643 16.013189019403626 0 82 9 1170
644 15.933123074306607 0 84 7 1362
645 15.853457458935074 0 84 7 935
646 15.774190171640399 0 84 7 934
647 15.695319220782197 0 80 11 1518
648 15.616842624678286 0 80 11 1091
649 15.538758411554895 0 81 10 780
650 15.46106461949712 0 78 13 857
651 15.383759296399635 0 79 12 1207
652 15.306840499917637 0 80 11 1945
653 15.23030629741805 0 78 13 2375
654 15.15415476593096 0 78 13 2102
655 15.078383992101305 0 79 12 1830
656 15.002992072140799 0 83 8 1246
657 14.927977111780095 0 84 7 1402
658 14.853337226221194 0 83 8 1403
659 14.779070540090089 0 83 8 973
660 14.705175187389639 0 81 10 701
661 14.63164931145269 0 82 9 1012
662 14.558491064895428 0 81 10 1013
663 14.485698609570951 0 82 9 740
664 14.413270116523096 0 84 7 1012
665 14.341203765940481 0 83 8 779
666 14.269497747110778 0 86 5 780
667 14.198150258375223 0 85 6 819
669 14.05652370954793 0 82 9 820
672 13.846728336117463 0 81 10 1248
673 13.777494694436877 0 79 12 1093
674 13.708607220964693 0 83 8 1675
675 13.640064184859868 0 81 10 1714
676 13.571863863935569 0 80 11 1403
677 13.50400454461589 0 78 13 1481
678 13.43648452189281 0 76 15 1287
679 13.369302099283345 0 79 12 1054
680 13.302455588786929 0 80 11 1248
681 13.235943310842995 0 80 11 1054
682 13.16976359428878 0 76 15 977
683 13.103914776317335 0 76 15 1016
684 13.03839520243575 0 76 15 1249
685 12.973203226423571 0 77 14 1210
686 12.908337210291453 0 77 14 1404
687 12.843795524239995 0 75 16 1443
688 12.779576546618795 0 78 13 1520
689 12.7156786638857 0 85 6 1440
690 12.652100270566272 0 84 7 1246
691 12.588839769213441 0 82 9 1168
692 12.525895570367375 0 83 8 741
693 12.463266092515537 0 85 6 1052
694 12.40094976205296 0 83 8 896
695 12.338945013242695 0 83 8 857
696 12.27725028817648 0 82 9 896
698 12.15478471655192 0 74 17 857
699 12.09401079296916 0 77 14 1013
700 12.033540739004314 0 76 15 623
701 11.973373035309292 0 79 12 1518
702 11.913506170132745 0 80 11 935
703 11.853938639282081 0 82 9 702
704 11.79466894608567 0 80 11 780
705 11.735695601355241 0 80 11 818
706 11.677017123348465 0 82 9 740
707 11.618632037731723 0 83 8 1051
708 11.560538877543065 0 82 9 740
709 11.50273618315535 0 82 9 1284
710 11.445222502239572 0 75 16 974
711 11.387996389728373 0 77 14 1400
712 11.331056407779732 0 77 14 1052
713 11.274401125740834 0 77 14 625
714 11.21802912011213 0 77 14 936
715 11.16193897451157 0 76 15 780
716 11.106129279639012 0 77 14 663
718 10.995345640074612 0 77 14 974
719 10.94036891187424 0 86 5 1750
720 10.885667067314868 0 85 6 1906
721 10.831238731978294 0 86 5 1828
722 10.777082538318403 0 84 7 1635
723 10.723197125626811 0 85 6 1481
724 10.669581139998677 0 88 3 1480
725 10.616233234298683 0 87 4 1481
727 10.510336307786554 0 84 7 2335
728 10.457784626247621 0 85 6 1441
729 10.405495703116383 0 87 4 1130
731 10.301700883477798 0 87 4 1169
732 10.250192379060408 0 86 5 1208
733 10.198941417165106 0 81 10 1713
734 10.14794671007928 0 79 12 1558
735 10.097206976528884 0 85 6 896
737 9.99648733693801 0 86 5 702
738 9.94650490025332 0 83 8 391
739 9.896772375752054 0 82 9 1013
740 9.847288513873293 0 79 12 1324
741 9.798052071303927 0 74 17 1012
742 9.749061810947406 0 78 13 973
743 9.700316501892669 0 79 12 1283
744 9.651814919383206 0 79 12 1323
745 9.603555844786289 0 81 10 1634
746 9.555538065562358 0 79 12 1401
747 9.507760375234545 0 79 12 1362
748 9.460221573358373 0 79 12 1401
749 9.412920465491581 0 83 8 1439
750 9.365855863164123 0 82 9 1827
751 9.319026583848302 0 82 9 1788
752 9.27243145092906 0 78 13 1438
753 9.226069293674415 0 80 11 1127
754 9.179938947206043 0 79 12 1245
755 9.134039252470012 0 82 9 1556
756 9.088369056207663 0 81 10 1557
757 9.042927210926624 0 78 13 1829
759 8.952724011997631 0 77 14 1790
760 8.907960391937642 0 80 11 1518
761 8.863420589977954 0 78 13 1635
763 8.775007969592924 0 81 10 1634
764 8.731132929744959 0 81 10 1906
766 8.644039878770753 0 84 7 1867
767 8.6008196793769 0 84 7 1556
769 8.515026503075115 0 82 9 2411
771 8.43008911370694 0 81 10 2179
772 8.387938668138405 0 83 8 1674
773 8.345998974797713 0 84 7 1713
776 8.221433896848986 0 83 8 1674
777 8.18032672736474 0 82 9 1518
778 8.139425093727917 0 85 6 974
779 8.098727968259277 0 86 5 935
780 8.058234328417981 0 84 7 1052
781 8.01794315677589 0 84 7 858
783 7.937964173787051 0 82 9 741
784 7.898274352918116 0 84 7 897
785 7.858782981153525 0 84 7 1324
787 7.780391620916519 0 80 11 1791
788 7.7414896628119365 0 79 12 1363
789 7.702782214497876 0 79 12 1092
790 7.664268303425387 0 80 11 1093
791 7.62594696190826 0 81 10 1404
792 7.587817227098718 0 82 9 1598
793 7.549878140963224 0 78 13 1287
794 7.512128750258408 0 82 9 1364
796 7.43719526597458 0 78 13 1092
797 7.400009289644707 0 84 7 935
798 7.363009243196483 0 80 11 1246
799 7.3261941969805005 0 80 11 663
800 7.289563225995598 0 83 8 974
801 7.25311540986562 0 85 6 1090
802 7.216849832816291 0 84 7 701
804 7.144861755733949 0 83 8 858
805 7.1091374469552795 0 83 8 1169
806 7.073591759720503 0 82 9 1168
807 7.038223800921901 0 80 11 1207
808 7.003032681917291 0 85 6 1130
809 6.968017518507704 0 81 10 1325
810 6.9331774309151655 0 80 11 1829
811 6.8985115437605895 0 81 10 1750
812 6.864018986041787 0 80 11 1711
813 6.829698891111578 0 77 14 1789
814 6.79555039665602 0 75 16 1790
815 6.761572644672739 0 79 12 1752
816 6.727764781449376 0 78 13 1791
817 6.694125957542129 0 77 14 1519
818 6.6606553277544185 0 75 16 1830
819 6.627352051115646 0 75 16 1791
820 6.594215290860068 0 76 15 1674
821 6.561244214405767 0 77 14 1361
822 6.528437993333738 0 79 12 1208
823 6.495795803367069 0 78 13 1519
824 6.463316824350234 0 79 12 1286
825 6.431000240228483 0 78 13 1325
826 6.398845239027341 0 75 16 975
827 6.366851012832204 0 75 16 1014
828 6.335016757768043 0 75 16 1169
829 6.303341673979203 0 78 13 1168
830 6.271824965609307 0 79 12 1674
831 6.24046584078126 0 76 15 1091
832 6.209263511577354 0 79 12 1092
833 6.178217194019467 0 76 15 1091
835 6.116589477509123 0 73 18 1090
836 6.086006530121577 0 72 19 1051
837 6.05557649747097 0 72 19 1090
838 6.0252986149836145 0 76 15 1401
839 5.995172121908697 0 78 13 1169
840 5.965196261299153 0 79 12 1283
841 5.935370279992657 0 76 15 1284
842 5.905693428592694 0 82 9 1362
844 5.846784136642482 0 80 11 1168
846 5.788462464879473 0 84 7 1712
847 5.759520152555075 0 84 7 1479
850 5.673558594338172 0 81 10 1673
852 5.6169648473596485 0 80 11 1400
854 5.560935623007236 0 81 10 1711
855 5.5331309448922 0 80 11 1712
856 5.505465290167739 0 80 11 1673
857 5.4779379637169 0 79 12 1906
858 5.450548273898315 0 71 20 1128
859 5.423295532528823 0 80 11 662
861 5.369198159591848 0 81 10 623
862 5.342352168793889 0 82 9 1361
863 5.315640407949919 0 84 7 1672
865 5.262616894880618 0 82 9 1361
866 5.2363038104062145 0 85 6 1322
867 5.210122291354184 0 84 7 1011
868 5.1840716798974125 0 85 6 1167
869 5.158151321497925 0 87 4 1401
870 5.132360564890436 0 88 3 1362
871 5.106698762065983 0 87 4 1673
872 5.081165268255654 0 88 3 1362
873 5.055759441914375 0 88 3 1401
874 5.030480644704803 0 87 4 1595
875 5.005328241481279 0 82 9 1711
876 4.980301600273872 0 81 10 1440
877 4.9554000922725026 0 81 10 1518
878 4.93062309181114 0 84 7 1519
879 4.905969976352084 0 78 13 1753
880 4.8814401264703235 0 76 15 1676
881 4.857032925837972 0 73 18 1637
882 4.832747761208782 0 72 19 1520
883 4.808584022402738 0 78 13 1285
884 4.784541102290724 0 81 10 1248
885 4.760618396779271 0 79 12 1832
886 4.736815304795375 0 80 11 1754
887 4.713131228271398 0 86 5 1636
888 4.689565572130041 0 81 10 1635
890 4.642787155548044 0 79 12 1829
893 4.573492976903095 0 78 13 1557
894 4.55062551201858 0 77 14 1518
895 4.527872384458487 0 78 13 1479
896 4.505233022536194 0 76 15 1168
898 4.460293323136395 0 79 12 857
900 4.41580189723811 0 76 15 896
901 4.393722887751919 0 82 9 661
902 4.37175427331316 0 79 12 662
903 4.349895501946594 0 78 13 895
904 4.328146024436861 0 81 10 856
905 4.306505294314676 0 84 7 855
907 4.263547904003887 0 77 14 1168
908 4.242230164483868 0 83 8 858
909 4.221019013661448 0 81 10 781
910 4.199913918593141 0 78 13 742
911 4.178914349000175 0 85 6 936
914 4.116543529977054 0 85 6 1013
915 4.095960812327169 0 86 5 1132
916 4.075481008265533 0 86 5 1054
917 4.055103603224206 0 82 9 1402
918 4.034828085208084 0 83 8 1363
920 3.9945806750581334 0 85 6 1130
921 3.9746077716828427 0 84 7 1286
922 3.9547347328244284 0 84 7 1247
923 3.9349610591603064 0 85 6 1441
924 3.915286253864505 0 84 7 1480
925 3.8957098225951823 0 81 10 1402
926 3.8762312734822064 0 84 7 1285
927 3.8568501171147953 0 82 9 702
928 3.8375658665292214 0 81 10 858
929 3.818378037196575 0 81 10 819
930 3.7992861470105925 0 83 8 1013
931 3.7802897162755396 0 84 7 1479
932 3.7613882676941617 0 83 8 1518
933 3.742581326355691 0 86 5 1477
935 3.705249077625293 0 86 5 1438
936 3.686722832237167 0 86 5 1594
939 3.631698033125673 0 86 5 1283
940 3.6135395429600448 0 86 5 1089
942 3.577494486019018 0 83 8 778
944 3.5418089785209785 0 83 8 779
946 3.506479433960232 0 83 8 1128
947 3.4889470367904307 0 81 10 1089
948 3.4715023016064785 0 81 10 1400
949 3.454144790098446 0 84 7 1711
950 3.4368740661479538 0 84 7 1400
951 3.419689695817214 0 86 5 2022
952 3.402591247338128 0 88 3 2022
953 3.3855782911014374 0 88 3 2216
957 3.318372871349915 0 88 3 1944
958 3.3017810069931652 0 89 2 1983
960 3.2688457414484082 0 87 4 2294
961 3.252501512741166 0 86 5 2255
964 3.203957521100815 0 83 8 2100
965 3.187937733495311 0 85 6 1906
966 3.171998044827834 0 88 3 2217
967 3.1561380546036952 0 87 4 1906
968 3.1403573643306766 0 86 5 1867
970 3.109032299621478 0 87 4 1906
971 3.0934871381233706 0 86 5 1907
975 3.032079873621482 0 85 6 2490
977 3.0018348768821075 0 84 7 2491
978 2.986825702497697 0 81 10 2180
979 2.9718915739852085 0 81 10 2026
980 2.9570321161152826 0 82 9 899
981 2.9422469555347064 0 81 10 898
982 2.927535720757033 0 78 13 859
984 2.8983335519424815 0 76 15 665
985 2.883841884182769 0 75 16 432
986 2.8694226747618554 0 81 10 1481
987 2.855075561388046 0 83 8 1753
990 2.812463201749884 0 83 8 1675
991 2.7984008857411347 0 81 10 1986
992 2.784408881312429 0 82 9 1947
994 2.7566344027213376 0 83 8 1753
995 2.742851230707731 0 82 9 1792
997 2.7154912896814216 0 80 11 1559
998 2.7019138332330144 0 84 7 1831
999 2.688404264066849 0 84 7 2142
1001 2.6615874315327823 0 87 4 2141
1002 2.6482794943751182 0 86 5 2024
1003 2.6350380969032425 0 86 5 1985
1004 2.6218629064187264 0 85 6 1907
1005 2.6087535918866327 0 85 6 1906
1006 2.5957098239271996 0 85 6 1595
1007 2.5827312748075637 0 82 9 1284
1008 2.5698176184335257 0 83 8 1595
1009 2.5569685303413583 0 83 8 1402
1010 2.5441836876896513 0 82 9 1442
1012 2.518805455404947 0 80 11 1635
1014 2.4936803709872826 0 78 13 1284
1015 2.481211969132346 0 80 11 1401
1016 2.4688059092866843 0 79 12 1324
1017 2.456461879740251 0 82 9 1868
1018 2.4441795703415496 0 82 9 1518
1019 2.431958672489842 0 83 8 1829
1020 2.4197988791273928 0 82 9 1518
1022 2.395661385308097 0 83 8 1557
1023 2.3836830783815564 0 83 8 1363
1025 2.3599058396747004 0 82 9 1246
1026 2.348106310476327 0 84 7 1479
1030 2.3014952276277825 0 85 6 1440
1031 2.2899877514896434 0 85 6 1479
1033 2.2671451236685343 0 87 4 2023
1034 2.2558093980501916 0 85 6 2024
1036 2.2333076993046412 0 84 7 1946
1040 2.188975426215412 0 84 7 2489
1041 2.178030549084335 0 79 12 1791
1042 2.1671403963389135 0 82 9 1790
1043 2.156304694357219 0 82 9 1829
1044 2.1455231708854328 0 83 8 2180
1045 2.1347955550310056 0 84 7 2102
1047 2.113500969369571 0 85 6 2101
1049 2.0924187972001094 0 81 10 1672
1050 2.0819567032141086 0 80 11 1633
1051 2.0715469196980383 0 78 13 1635
1054 2.04062882297818 0 77 14 1323
1055 2.0304256788632893 0 81 10 1595
1057 2.010172182716628 0 80 11 1674
1058 2.0001213218030447 0 81 10 1596
1059 1.9901207151940294 0 82 9 937
1061 1.970269261059969 0 80 11 1015
1062 1.9604179147546692 0 79 12 704
1064 1.9408627460549914 0 80 11 1015
1065 1.9311584323247164 0 80 11 1054
1068 1.9023356513274658 0 84 7 1053
1069 1.8928239730708285 0 84 7 1092
1070 1.8833598532054743 0 84 7 1286
1072 1.8645733386697496 0 85 6 1053
1074 1.845974219616519 0 88 3 1364
1078 1.809330709523755 0 88 3 1481
1081 1.782326222517774 0 88 3 1442
1084 1.7557247808559184 0 88 3 1636
1085 1.746946156951639 0 88 3 1519
1089 1.7122684033549116 0 87 4 1480
1092 1.686712583401289 0 88 3 1519
1095 1.6615381872549517 0 87 4 1518
1097 1.6449643438370836 0 87 4 1674
1098 1.6367395221178982 0 87 4 1363
1099 1.6285558245073086 0 88 3 1246
1100 1.620413045384772 0 87 4 1052
1108 1.5567195404200391 0 88 3 1246
1109 1.548935942717939 0 84 7 1401
1110 1.5411912630043494 0 85 6 1478
1111 1.5334853066893277 0 82 9 1906
1112 1.525817880155881 0 82 9 1634
1114 1.5105978468013261 0 83 8 1440
1115 1.5030448575673194 0 82 9 1829
1116 1.4955296332794827 0 84 7 2217
1118 1.48061172518752 0 86 5 1946
1119 1.4732086665615822 0 85 6 1635
1132 1.3802708453794097 0 85 6 1870
1133 1.3733694911525127 0 85 6 1519
1134 1.3665026436967502 0 84 7 1402
1136 1.3528717798258751 0 85 6 1363
1138 1.339376883822112 0 85 6 1324
1139 1.3326799994030014 0 87 4 1596
1140 1.3260165994059865 0 86 5 1790
1141 1.3193865164089567 0 86 5 1479
1143 1.3062256359077773 0 88 3 1440
1144 1.2996945077282385 0 87 4 1479
1145 1.2931960351895972 0 86 5 1596
1147 1.2802964047385812 0 87 4 1635
1154 1.236152612811052 0 86 5 1636
1155 1.2299718497469967 0 87 4 1402
1165 1.1698386864820922 0 86 5 1285
1166 1.1639894930496817 0 87 4 1286
1170 1.1408837203453923 0 87 4 1597
1176 1.1070821985952704 0 87 4 1286
1179 1.0905588583959611 0 84 7 1051
1180 1.0851060641039814 0 84 7 1362
1182 1.074282131114544 0 84 7 1401
1185 1.058248336022393 0 84 7 1479
1186 1.052957094342281 0 84 7 1440
1187 1.0476923088705696 0 85 6 1246
1195 1.0065107129394444 0 84 7 1285
1196 1.0014781593747473 0 83 8 1324
1201 0.9766903262090127 0 84 7 1596
1203 0.9669478402050778 0 84 7 1635
1204 0.9621131010040525 0 83 8 1674
1206 0.952516022821537 0 82 9 1635
1209 0.9382996021164227 0 82 9 1557
1210 0.9336081041058406 0 82 9 1518
1213 0.919673886451048 0 82 9 1013
1214 0.9150755170187928 0 82 9 1169
1215 0.9105001394336988 0 83 8 858
1219 0.8924262569849327 0 84 7 1169
1227 0.8573476969894899 0 84 7 1247
1232 0.836127272480911 0 84 7 1247
1233 0.8319466361185065 0 84 7 1207
1234 0.827786902937914 0 85 6 1246
1237 0.8154320799382028 0 84 7 1245
1240 0.8032616542161151 0 84 7 1244
1242 0.7952491192153093 0 85 6 1283
1248 0.7716878833763197 0 84 7 1361
1249 0.7678294439594381 0 87 4 896
1253 0.7525876460620147 0 88 3 935
1254 0.7488247078317046 0 88 3 934
1261 0.7230057162525907 0 88 3 1245
1265 0.7086536917339973 0 88 3 1362
1272 0.684219770806938 0 88 3 1673
1273 0.6807986719529032 0 88 3 1712
1276 0.6706376666741722 0 88 3 1401
1277 0.6672844783408014 0 88 3 1090
1279 0.6606283156693519 0 88 3 1401
1293 0.6158576136056375 0 87 4 1673
1294 0.6127783255376094 0 87 4 1479
1295 0.6097144339099213 0 87 4 818
1297 0.6036325324316699 0 87 4 779
1300 0.5946232414310607 0 87 4 780
1304 0.5828196731486729 0 88 3 897
1305 0.5799055747829295 0 88 3 936
1311 0.5627244277917988 0 88 3 935
1312 0.5599108056528398 0 88 3 896
1318 0.5433220534970346 0 88 3 1207
1320 0.5379024160134016 0 88 3 1518
1325 0.5245886605183141 0 87 4 1867
1326 0.5219657172157225 0 87 4 1828
1327 0.5193558886296439 0 90 1 1983
1328 0.5167591091864957 0 90 1 2061
1332 0.5065011828125635 0 90 1 1983
1366 0.42713504888165704 0 89 2 1789
1380 0.39818815762545196 0 90 1 1983
1397 0.3656627426511363 0 90 1 2177
1402 0.3566121338336457 0 90 1 2021
1428 0.3130373911324634 1 91 0 1827
1503 0.214944962530446 1 91 0 2060
1552 0.1681350386091406 1 91 0 1943
1589 0.13967292094703354 1 91 0 2137
1593 0.13690034371707002 1 91 0 2293
1596 0.1348570889745498 1 91 0 2099
1598 0.13351188951202866 1 91 0 2293
1636 0.1103562693704191 1 91 0 2137
1658 0.09883363919407093 1 91 0 2293
1738 0.06618373107548378 1 91 0 2137
1742 0.06486995096313472 1 91 0 1943
1782 0.05308438612288736 1 91 0 2060
