0 90 1 1594 1793 0.1371774673461914
1 91 0 2177 1793 0.13518881797790527
0 89 2 1947 1793 0.13738679885864258
1 91 0 2293 1793 0.13810181617736816
1 91 0 2293 1793 0.15034914016723633
0 89 2 1519 1793 0.14652156829833984
1 91 0 2177 1793 0.13557958602905273
1 91 0 2293 1793 0.14374613761901855
0 90 1 1752 1793 0.139129638671875
1 91 0 2293 1793 0.14032721519470215
1 91 0 2137 1793 0.13534235954284668
1 91 0 2293 1793 0.1345067024230957
1 91 0 2137 1793 0.14025449752807617
0 89 2 1286 1793 0.13727283477783203
0 89 2 1634 1793 0.13582348823547363
0 89 2 1596 1793 0.13372564315795898
1 91 0 2293 1793 0.1445322036743164
1 91 0 2293 1793 0.13316869735717773
1 91 0 2293 1793 0.14322185516357422
0 90 1 2217 1793 0.13921475410461426
1 91 0 1984 1793 0.1403977870941162
1 91 0 2293 1793 0.14874505996704102
1 91 0 1984 1793 0.14180946350097656
1 91 0 2177 1793 0.14246654510498047
1 91 0 2293 1793 0.0917668342590332
1 91 0 2293 1793 0.08903145790100098
1 91 0 2293 1793 0.08677077293395996
1 91 0 2293 1793 0.08781027793884277
0 90 1 1751 1793 0.0890190601348877
1 91 0 2293 1793 0.08328890800476074
