1 400 0 74 17 780
2 398.0 0 80 11 1946
3 396.01 0 77 14 1518
4 394.02995 0 75 16 1596
5 392.05980024999997 0 76 15 1557
6 390.09950124874996 0 78 13 1751
7 388.1490037425062 0 81 10 1557
8 386.2082587237937 0 84 7 1518
9 384.2772174301747 0 85 6 1440
10 382.3558313430238 0 86 5 1401
11 380.4440521863087 0 76 15 1129
12 378.54183192537715 0 77 14 1168
13 376.6491227657503 0 83 8 1479
14 374.76587715192153 0 84 7 1634
15 372.8920477661619 0 77 14 1209
16 371.0275875273311 0 79 12 1286
17 369.17244958969445 0 76 15 1169
18 367.326587341746 0 86 5 1207
19 365.4899544050373 0 78 13 1519
20 363.6625046330121 0 77 14 1518
21 361.84419210984703 0 71 20 1985
22 360.0349711492978 0 75 16 2296
23 358.2347962935513 0 80 11 2295
24 356.44362231208356 0 75 16 974
25 354.6614042005231 0 78 13 663
26 352.8880971795205 0 78 13 624
27 351.12365669362293 0 79 12 546
28 349.36803841015484 0 69 22 1013
29 347.62119821810404 0 73 18 898
30 345.8830922270135 0 82 9 973
31 344.1536767658784 0 80 11 662
32 342.432908382049 0 82 9 661
33 340.72074384013877 0 84 7 972
34 339.01714012093805 0 83 8 933
35 337.32205442033336 0 84 7 934
36 335.63544414823167 0 85 6 1245
37 333.95726692749054 0 86 5 1323
38 332.28748059285306 0 83 8 1557
39 330.6260431898888 0 79 12 1246
40 328.97291297393934 0 83 8 1557
41 327.32804840906965 0 82 9 1596
42 325.6914081670243 0 82 9 1869
43 324.06295112618915 0 84 7 2025
44 322.4426363705582 0 85 6 1831
45 320.8304231887054 0 84 7 1870
46 319.2262710727619 0 87 4 1637
47 317.6301397173981 0 87 4 1326
48 316.0419890188111 0 88 3 1287
49 314.461779073717 0 87 4 1481
51 311.32502282745673 0 86 5 1246
52 309.7683977133195 0 83 8 935
53 308.21955572475287 0 74 17 1209
54 306.6784579461291 0 69 22 898
55 305.1450656563984 0 80 11 1364
56 303.6193403281164 0 81 10 1053
57 302.1012436264758 0 82 9 1014
58 300.59073740834344 0 79 12 1556
59 299.0877837213017 0 77 14 1829
60 297.5923448026952 0 76 15 1868
61 296.10438307868174 0 78 13 1985
62 294.6238611632883 0 76 15 1868
63 293.15074185747187 0 85 6 2374
64 291.6849881481845 0 81 10 1595
65 290.2265632074436 0 86 5 1594
66 288.77543039140636 0 80 11 1129
67 287.3315532394493 0 80 11 857
68 285.89489547325206 0 79 12 663
69 284.4654209958858 0 81 10 974
70 283.04309389090633 0 78 13 935
71 281.6278784214518 0 77 14 936
72 280.2197390293445 0 76 15 1169
73 278.81864033419777 0 79 12 2025
74 277.42454713252675 0 78 13 1167
75 276.03742439686414 0 79 12 1478
76 274.65723727487983 0 80 11 1284
77 273.28395108850543 0 84 7 1635
78 271.9175313330629 0 84 7 1596
79 270.5579436763976 0 80 11 1012
80 269.2051539580156 0 76 15 1051
81 267.85912818822555 0 82 9 2141
82 266.5198325472844 0 81 10 2413
83 265.187233384548 0 80 11 2374
84 263.86129721762524 0 76 15 896
85 262.5419907315371 0 79 12 857
86 261.2292807778794 0 76 15 937
87 259.92313437399 0 84 7 741
88 258.62351870212007 0 87 4 2022
89 257.33040110860946 0 75 16 1130
90 256.04374910306643 0 78 13 1091
91 254.7635303575511 0 83 8 1285
92 253.48971270576334 0 80 11 974
93 252.2222641422345 0 83 8 973
94 250.96115282152334 0 82 9 1284
95 249.7063470574157 0 80 11 1128
96 248.45781532212862 0 84 7 1170
97 247.215526245518 0 83 8 1481
98 245.9794486142904 0 79 12 1984
99 244.74955137121893 0 81 10 1946
100 243.52580361436284 0 81 10 1636
101 242.30817459629102 0 78 13 855
102 241.09663372330957 0 78 13 1323
103 239.891150554693 0 77 14 1517
104 238.69169480191954 0 81 10 2181
105 237.49823632790995 0 80 11 1987
106 236.3107451462704 0 79 12 1556
107 235.12919142053903 0 76 15 1557
108 233.95354546343634 0 80 11 1790
109 232.78377773611916 0 81 10 2101
110 231.61985884743856 0 79 12 1790
111 230.46175955320138 0 75 16 975
112 229.30945075543536 0 79 12 1092
113 228.16290350165818 0 82 9 781
114 227.0220889841499 0 82 9 470
115 225.88697853922915 0 81 10 1012
116 224.757543646533 0 80 11 1364
117 223.63375592830033 0 78 13 1596
118 222.51558714865882 0 79 12 1518
119 221.40300921291552 0 84 7 1323
120 220.29599416685093 0 84 7 1324
121 219.19451419601668 0 84 7 1480
122 218.0985416250366 0 75 16 780
123 217.0080489169114 0 83 8 2025
124 215.92300867232686 0 82 9 1869
125 214.84339362896523 0 83 8 2025
126 213.7691766608204 0 82 9 2024
127 212.70033077751629 0 84 7 1791
128 211.6368291236287 0 81 10 1440
129 210.57864497801054 0 84 7 1752
130 209.5257517531205 0 82 9 1480
131 208.4781229943549 0 82 9 1363
132 207.43573237938313 0 82 9 1169
133 206.3985537174862 0 78 13 1207
134 205.36656094889878 0 79 12 1518
135 204.3397281441543 0 80 11 1479
136 203.3180295034335 0 76 15 1362
137 202.30143935591633 0 77 14 1403
138 201.28993215913675 0 79 12 1559
139 200.28348249834107 0 77 14 1403
140 199.28206508584935 0 82 9 859
141 198.2856547604201 0 76 15 1170
142 197.294226486618 0 72 19 1908
143 196.3077553541849 0 79 12 1364
144 195.326216577414 0 79 12 1481
145 194.3495854945269 0 79 12 1675
146 193.37783756705426 0 82 9 1789
147 192.41094837921898 0 82 9 1750
148 191.4488936373229 0 81 10 1170
149 190.49164916913628 0 79 12 1169
150 189.5391909232906 0 80 11 1325
151 188.59149496867414 0 79 12 1247
152 187.64853749383076 0 81 10 1401
153 186.71029480636162 0 81 10 1440
154 185.7767433323298 0 80 11 1751
155 184.84785961566814 0 81 10 1750
156 183.9236203175898 0 76 15 1090
157 183.00400221600185 0 76 15 1207
158 182.08898220492185 0 76 15 1090
159 181.17853729389725 0 82 9 1558
160 180.27264460742776 0 79 12 1557
161 179.3712813843906 0 81 10 1868
162 178.47442497746866 0 78 13 896
163 177.5820528525813 0 79 12 585
164 176.6941425883184 0 79 12 352
165 175.8106718753768 0 80 11 353
166 174.93161851599993 0 84 7 1283
167 174.05696042341992 0 80 11 1907
168 173.1866756213028 0 80 11 1868
169 172.3207422431963 0 81 10 1985
170 171.4591385319803 0 81 10 1946
171 170.6018428393204 0 81 10 1790
172 169.7488336251238 0 81 10 1751
173 168.9000894569982 0 83 8 1595
174 168.0555890097132 0 80 11 1634
175 167.21531106466463 0 82 9 1517
176 166.3792345093413 0 80 11 1673
177 165.54733833679458 0 77 14 1674
178 164.7196016451106 0 78 13 1440
179 163.89600363688504 0 74 17 1089
180 163.0765236187006 0 74 17 1283
181 162.2611410006071 0 71 20 703
182 161.44983529560406 0 83 8 1404
183 160.64258611912604 0 77 14 1131
184 159.8393731885304 0 79 12 1053
185 159.04017632258774 0 78 13 662
186 158.2449754409748 0 66 25 1364
187 157.45375056376992 0 66 25 1325
188 156.66648181095107 0 66 25 1364
189 155.8831494018963 0 76 15 1479
190 155.1037336548868 0 87 4 2100
191 154.32821498661238 0 86 5 1789
192 153.55657391167932 0 83 8 1828
193 152.78879104212092 0 81 10 2024
194 152.0248470869103 0 76 15 1011
195 151.26472285147577 0 77 14 1052
196 150.50839923721838 0 77 14 1519
197 149.7558572410323 0 81 10 2140
198 149.00707795482714 0 86 5 1088
199 148.262042565053 0 88 3 1049
200 147.52073235222775 0 88 3 1088
201 146.7831286904666 0 78 13 780
202 146.0492130470143 0 78 13 1091
203 145.31896698177923 0 77 14 1052
204 144.59237214687033 0 80 11 1828
205 143.86941028613597 0 87 4 1323
206 143.1500632347053 0 86 5 1634
207 142.43431291853176 0 86 5 1635
208 141.7221413539391 0 86 5 1402
209 141.0135306471694 0 87 4 1519
210 140.30846299393355 0 82 9 975
211 139.6069206789639 0 82 9 1092
212 138.90888607556906 0 84 7 974
213 138.2143416451912 0 84 7 1285
214 137.52326993696525 0 83 8 1324
215 136.83565358728043 0 83 8 1013
216 136.15147531934403 0 82 9 935
217 135.4707179427473 0 82 9 934
218 134.79336435303358 0 81 10 782
219 134.11939753126842 0 81 10 588
220 133.44880054361207 0 84 7 1516
221 132.781556540894 0 83 8 1905
222 132.11764875818952 0 77 14 1012
223 131.45706051439856 0 78 13 1051
224 130.79977521182656 0 78 13 1245
225 130.14577633576744 0 78 13 1284
226 129.4950474540886 0 77 14 1285
227 128.84757221681815 0 81 10 974
228 128.20333435573406 0 82 9 975
229 127.56231768395538 0 84 7 625
230 126.9245060955356 0 81 10 857
231 126.28988356505792 0 79 12 1247
232 125.65843414723263 0 79 12 1091
233 125.03014197649647 0 83 8 1052
234 124.40499126661399 0 81 10 1596
235 123.78296631028093 0 81 10 1323
236 123.16405147872952 0 78 13 1324
237 122.54823122133587 0 78 13 1013
238 121.93549006522919 0 84 7 819
239 121.32581261490304 0 83 8 1675
240 120.71918355182852 0 77 14 1986
241 120.11558763406939 0 82 9 1599
242 119.51500969589904 0 76 15 1012
243 118.91743464741954 0 77 14 1013
244 118.32284747418244 0 79 12 974
245 117.73123323681152 0 78 13 701
246 117.14257707062747 0 78 13 1012
247 116.55686418527434 0 83 8 1868
248 115.97407986434796 0 86 5 1557
249 115.39420946502622 0 87 4 1556
250 114.81723841770109 0 78 13 1325
251 114.24315222561259 0 79 12 1636
252 113.67193646448453 0 82 9 1324
254 112.5380588982513 0 79 12 934
255 111.97536860376003 0 78 13 895
256 111.41549176074123 0 79 12 934
257 110.85841430193753 0 82 9 1440
258 110.30412223042784 0 83 8 741
259 109.7526016192757 0 83 8 663
260 109.20383861117932 0 81 10 974
261 108.65781941812342 0 78 13 1130
262 108.1145303210328 0 82 9 2296
263 107.57395766942764 0 82 9 780
264 107.0360878810805 0 80 11 586
265 106.5009074416751 0 81 10 547
266 105.96840290446671 0 84 7 662
267 105.43856088994438 0 84 7 973
268 104.91136808549466 0 83 8 1751
269 104.38681124506718 0 83 8 1673
270 103.86487718884185 0 83 8 1712
271 103.34555280289763 0 81 10 1014
272 102.82882503888314 0 81 10 856
273 102.31468091368872 0 84 7 1014
274 101.80310750912028 0 78 13 1518
275 101.29409197157467 0 74 17 1479
276 100.7876215117168 0 72 19 1440
277 100.28368340415821 0 80 11 1634
278 99.78226498713742 0 82 9 1633
279 99.28335366220173 0 84 7 1205
280 98.78693689389073 0 81 10 1011
281 98.29300220942127 0 76 15 819
282 97.80153719837416 0 79 12 858
283 97.3125295123823 0 74 17 897
284 96.82596686482039 0 78 13 1286
285 96.34183703049628 0 79 12 1597
286 95.8601278453438 0 78 13 1286
287 95.38082720611708 0 80 11 1284
288 94.90392307008649 0 80 11 1595
289 94.42940345473606 0 78 13 1206
290 93.95725643746238 0 79 12 1714
291 93.48747015527506 0 79 12 1675
292 93.02003280449868 0 76 15 857
293 92.5549326404762 0 80 11 1244
294 92.09215797727381 0 84 7 1205
295 91.63169718738745 0 82 9 1246
296 91.17353870145051 0 74 17 1402
297 90.71767100794325 0 72 19 1169
298 90.26408265290354 0 74 17 1013
299 89.81276223963903 0 76 15 1207
300 89.36369842844083 0 78 13 2257
301 88.91687993629863 0 75 16 973
302 88.47229553661714 0 80 11 1946
303 88.02993405893405 0 80 11 1597
304 87.58978438863937 0 78 13 1325
305 87.15183546669617 0 78 13 2333
306 86.71607628936269 0 80 11 2139
307 86.28249590791587 0 81 10 2140
308 85.8510834283763 0 78 13 1868
309 85.42182801123441 0 78 13 1829
311 84.56974527682235 0 79 12 1635
312 84.14689655043823 0 76 15 1363
313 83.72616206768603 0 75 16 1674
314 83.3075312573476 0 76 15 1363
315 82.89099360106087 0 83 8 1440
316 82.47653863305557 0 81 10 1518
317 82.06415593989028 0 80 11 1207
318 81.65383516019084 0 79 12 1247
319 81.24556598438988 0 77 14 1441
320 80.83933815446794 0 77 14 1402
321 80.4351414636956 0 75 16 1401
322 80.03296575637712 0 77 14 1712
323 79.63280092759524 0 79 12 1713
324 79.23463692295726 0 77 14 1712
325 78.83846373834248 0 78 13 1247
326 78.44427141965078 0 70 21 2219
327 78.05205006255252 0 77 14 2141
328 77.66178981223976 0 81 10 1908
329 77.27348086317856 0 81 10 1830
331 76.50267789156835 0 78 13 2063
332 76.12016450211051 0 77 14 2064
333 75.73956367959995 0 78 13 1753
334 75.36086586120196 0 76 15 1714
335 74.98406153189595 0 75 16 1831
336 74.60914122423647 0 82 9 1832
338 73.8649150405247 0 82 9 1401
339 73.49559046532208 0 86 5 2216
340 73.12811251299547 0 83 8 1635
341 72.7624719504305 0 82 9 1324
342 72.39865959067834 0 84 7 1248
343 72.03666629272495 0 78 13 1247
344 71.67648296126131 0 78 13 936
345 71.31810054645501 0 73 18 975
346 70.96151004372274 0 74 17 1169
347 70.60670249350413 0 73 18 975
348 70.25366898103661 0 72 19 742
349 69.90240063613143 0 71 20 743
350 69.55288863295077 0 80 11 1246
351 69.20512418978602 0 79 12 1245
352 68.85909856883708 0 77 14 1284
353 68.5148030759929 0 81 10 1595
354 68.17222906061293 0 81 10 1634
355 67.83136791530987 0 79 12 1245
356 67.49221107573332 0 85 6 1441
357 67.15475002035465 0 85 6 1130
358 66.81897627025288 0 70 21 1325
359 66.48488138890161 0 72 19 1247
360 66.1524569819571 0 72 19 1753
361 65.82169469704732 0 74 17 1792
362 65.49258622356209 0 85 6 1557
363 65.16512329244428 0 75 16 1986
364 64.83929767598205 0 84 7 1208
366 64.19252568166414 0 83 8 1442
367 63.87156305325581 0 84 7 1441
368 63.55220523798953 0 84 7 1480
369 63.234444211799584 0 82 9 1791
370 62.918271990740585 0 84 7 1790
371 62.60368063078688 0 82 9 2101
372 62.29066222763295 0 82 9 2062
373 61.979208916494784 0 84 7 1984
374 61.66931287191231 0 71 20 1791
375 61.36096630755275 0 78 13 2024
376 61.05416147601499 0 76 15 1985
377 60.748890668634914 0 77 14 1868
378 60.445146215291736 0 78 13 1829
379 60.142920484215274 0 81 10 895
380 59.8422058817942 0 75 16 1091
381 59.54299485238523 0 75 16 858
382 59.2452798781233 0 75 16 1052
383 58.94905347873268 0 75 16 858
384 58.654308211339014 0 78 13 975
385 58.36103667028232 0 79 12 1169
386 58.0692314869309 0 81 10 1635
387 57.77888532949625 0 82 9 1363
388 57.48999090284877 0 85 6 2256
389 57.20254094833452 0 85 6 1984
390 56.91652824359285 0 82 9 1402
391 56.631945602374884 0 83 8 1519
392 56.34878587436301 0 79 12 1206
393 56.067041944991196 0 82 9 1945
394 55.78670673526624 0 79 12 1636
395 55.50777320158991 0 84 7 1013
396 55.23023433558196 0 83 8 1014
397 54.95408316390405 0 74 17 1169
398 54.679312748084534 0 81 10 704
399 54.405916184344115 0 81 10 1442
400 54.1338866034224 0 86 5 1558
401 53.863217170405285 0 85 6 2024
402 53.59390108455326 0 83 8 1557
403 53.32593157913049 0 86 5 1867
404 53.059301921234834 0 85 6 1595
405 52.79400541162866 0 84 7 1439
406 52.53003538457052 0 85 6 1711
407 52.26738520764766 0 83 8 1750
408 52.006048281609424 0 81 10 858
409 51.74601804020138 0 83 8 897
410 51.48728795000037 0 82 9 936
411 51.22985151025037 0 75 16 1478
413 50.718833741435624 0 78 13 1322
414 50.46523957272844 0 77 14 1325
415 50.2129133748648 0 77 14 1869
416 49.96184880799047 0 79 12 2063
417 49.71203956395052 0 77 14 623
418 49.46347936613077 0 78 13 545
419 49.21616196930012 0 79 12 506
420 48.97008115945361 0 75 16 545
421 48.72523075365635 0 80 11 430
422 48.481604599888065 0 80 11 935
423 48.239196576888624 0 82 9 857
424 47.99800059400418 0 83 8 1441
426 47.51922053807899 0 82 9 1480
427 47.28162443538859 0 81 10 1208
428 47.045216313211654 0 82 9 1247
429 46.80999023164559 0 84 7 1246
430 46.575940280487366 0 81 10 1714
431 46.34306057908493 0 81 10 1713
432 46.1113452761895 0 77 14 548
433 45.88078854980856 0 74 17 859
434 45.65138460705951 0 79 12 1868
435 45.423127684024216 0 80 11 1286
436 45.19601204560409 0 81 10 1247
437 44.970031985376075 0 82 9 1674
438 44.745181825449194 0 81 10 1011
439 44.52145591632195 0 81 10 1089
440 44.29884863674034 0 80 11 778
441 44.07735439355664 0 84 7 1754
443 43.63768278348091 0 86 5 1753
444 43.41949436956351 0 75 16 1518
445 43.202396897715694 0 83 8 856
446 42.98638491322711 0 80 11 1791
447 42.771452988660975 0 82 9 2063
448 42.55759572371767 0 84 7 1830
450 42.13308370637359 0 85 6 1519
451 41.92241828784172 0 84 7 1480
452 41.71280619640251 0 80 11 1674
453 41.5042421654205 0 85 6 1713
454 41.2967209545934 0 83 8 1752
455 41.09023734982043 0 78 13 1480
456 40.884786163071325 0 77 14 1481
457 40.680362232255966 0 76 15 1209
458 40.47696042109469 0 76 15 1479
459 40.27457561898922 0 77 14 1440
461 39.8728367271898 0 85 6 1208
462 39.67347254355385 0 85 6 1209
463 39.47510518083608 0 80 11 1440
464 39.2777296549319 0 84 7 1363
465 39.08134100665724 0 81 10 1364
466 38.885934301623955 0 80 11 972
467 38.69150463011584 0 86 5 1167
468 38.49804710696526 0 84 7 1633
469 38.30555687143043 0 82 9 1634
470 38.114029087073284 0 79 12 1323
471 37.92345894163792 0 82 9 1322
472 37.733841646929726 0 79 12 1284
473 37.545172438695076 0 76 15 1480
474 37.3574465765016 0 76 15 1325
475 37.17065934361909 0 84 7 976
476 36.984806046901 0 81 10 1752
477 36.799882016666494 0 82 9 1479
478 36.61588260658316 0 73 18 1636
479 36.43280319355025 0 73 18 1675
480 36.2506391775825 0 75 16 1403
481 36.06938598169459 0 79 12 1559
482 35.88903905178611 0 79 12 1248
483 35.709593856527185 0 83 8 1286
484 35.53104588724455 0 84 7 1053
485 35.353390657808326 0 80 11 1711
486 35.17662370451929 0 81 10 896
487 35.00074058599669 0 80 11 1363
488 34.8257368830667 0 80 11 1946
489 34.65160819865137 0 78 13 1985
490 34.47835015765811 0 81 10 1907
491 34.30595840686982 0 85 6 1789
492 34.13442861483547 0 76 15 1327
493 33.96375647176129 0 84 7 1324
495 33.62496800095547 0 79 12 1519
496 33.45684316095069 0 82 9 1636
497 33.289558945145934 0 80 11 1947
498 33.12311115042021 0 81 10 1908
499 32.9574955946681 0 78 13 1557
500 32.79270811669476 0 82 9 1012
501 32.62874457611129 0 80 11 781
502 32.46560085323073 0 82 9 1169
503 32.30327284896458 0 87 4 1400
504 32.14175648471976 0 83 8 1441
505 31.98104770229616 0 83 8 1672
506 31.82114246378468 0 81 10 1711
508 31.503726567708426 0 76 15 1248
509 31.346207934869884 0 71 20 936
510 31.189476895195536 0 86 5 1673
511 31.033529510719557 0 81 10 1517
512 30.87836186316596 0 82 9 1635
513 30.72397005385013 0 82 9 1401
514 30.57035020358088 0 80 11 1440
515 30.417498452562974 0 81 10 1401
516 30.26541096030016 0 79 12 1400
517 30.114083905498656 0 77 14 1439
518 29.963513485971163 0 79 12 1713
519 29.813695918541306 0 83 8 1324
520 29.6646274389486 0 84 7 1518
521 29.516304301753856 0 85 6 1440
522 29.368722780245086 0 84 7 1479
523 29.22187916634386 0 74 17 1285
524 29.075769770512142 0 76 15 1713
525 28.93039092165958 0 73 18 1830
526 28.78573896705128 0 78 13 1555
527 28.641810272216023 0 78 13 1052
528 28.498601220854944 0 81 10 1051
530 28.214327673676916 0 81 10 1168
531 28.073256035308532 0 81 10 1167
532 27.93288975513199 0 82 9 1439
533 27.793225306356327 0 80 11 1517
534 27.654259179824546 0 80 11 1478
535 27.515987883925423 0 78 13 1672
536 27.378407944505796 0 76 15 1131
537 27.241515904783267 0 81 10 896
538 27.10530832525935 0 83 8 1207
539 26.969781783633053 0 82 9 1208
540 26.834932874714887 0 72 19 1363
541 26.700758210341313 0 83 8 1478
542 26.567254419289608 0 86 5 1634
543 26.43441814719316 0 82 9 975
544 26.302246056457193 0 80 11 1286
545 26.170734826174908 0 83 8 1052
546 26.039881152044032 0 71 20 1674
547 25.909681746283812 0 73 18 1635
548 25.780133337552392 0 79 12 2103
549 25.65123267086463 0 76 15 1012
550 25.522976507510307 0 76 15 934
551 25.395361624972757 0 79 12 2333
552 25.26838481684789 0 76 15 2334
553 25.14204289276365 0 76 15 1909
554 25.016332678299833 0 81 10 1012
555 24.891251014908335 0 82 9 1245
556 24.766794759833793 0 83 8 1712
557 24.642960786034624 0 84 7 1442
558 24.51974598210445 0 75 16 818
559 24.39714725219393 0 79 12 817
560 24.275161515932957 0 80 11 778
561 24.153785708353293 0 81 10 895
562 24.033016779811526 0 81 10 1167
563 23.91285169591247 0 74 17 1674
564 23.793287437432905 0 76 15 1791
565 23.67432100024574 0 80 11 2102
566 23.55594939524451 0 79 12 2103
567 23.43816964826829 0 77 14 1559
568 23.320978800026946 0 80 11 1558
569 23.204373906026813 0 81 10 936
570 23.08835203649668 0 86 5 1675
571 22.972910276314195 0 83 8 1403
572 22.858045724932623 0 78 13 1829
573 22.74375549630796 0 80 11 1635
574 22.630036718826418 0 74 17 663
575 22.516886535232285 0 81 10 974
576 22.404302102556123 0 84 7 975
577 22.292280592043344 0 85 6 936
578 22.180819189083127 0 79 12 1053
579 22.069915093137713 0 81 10 587
580 21.959565517672026 0 81 10 781
581 21.849767690083667 0 81 10 859
582 21.740518851633247 0 80 11 973
583 21.631816257375082 0 78 13 1362
584 21.523657176088207 0 78 13 1323
585 21.416038890207766 0 83 8 1324
586 21.308958695756726 0 81 10 1208
587 21.202413902277943 0 81 10 974
588 21.096401832766553 0 79 12 1013
589 20.99091982360272 0 76 15 1792
590 20.885965224484707 0 71 20 1013
591 20.781535398362283 0 72 19 1052
592 20.67762772137047 0 77 14 1712
593 20.574239582763617 0 85 6 1285
594 20.4713683848498 0 87 4 1479
595 20.369011542925552 0 86 5 1168
596 20.267166485210925 0 84 7 1167
597 20.16583065278487 0 80 11 663
598 20.065001499520946 0 79 12 1012
599 19.96467649202334 0 79 12 701
600 19.864853109563224 0 76 15 1012
601 19.765528844015407 0 75 16 1284
602 19.66670119979533 0 83 8 1947
603 19.568367693796354 0 83 8 1753
604 19.470525855327374 0 79 12 1754
605 19.373173226050735 0 78 13 1598
606 19.27630735992048 0 83 8 779
607 19.17992582312088 0 81 10 1558
608 19.084026194005276 0 80 11 896
609 18.98860606303525 0 80 11 1013
610 18.893663032720074 0 82 9 1169
611 18.799194717556475 0 80 11 1752
612 18.70519874396869 0 79 12 2024
613 18.611672750248847 0 78 13 2023
614 18.518614386497603 0 77 14 2062
615 18.426021314565116 0 78 13 1751
616 18.33389120799229 0 80 11 1245
617 18.24222175195233 0 84 7 1129
618 18.151010643192567 0 83 8 1168
619 18.060255589976602 0 83 8 1169
620 17.96995431202672 0 85 6 1205
621 17.880104540466586 0 85 6 1438
622 17.790704017764252 0 83 8 1127
624 17.613241745187054 0 81 10 701
625 17.52517553646112 0 79 12 662
626 17.437549658778813 0 78 13 1052
627 17.35036191048492 0 74 17 741
628 17.263610100932496 0 73 18 740
629 17.177292050427834 0 75 16 1210
630 17.091405590175693 0 80 11 1560
631 17.005948562224816 0 81 10 819
633 16.836314225316624 0 82 9 896
634 16.752132654190042 0 77 14 977
635 16.66837199091909 0 76 15 740
636 16.585030130964494 0 77 14 857
637 16.50210498030967 0 77 14 818
638 16.419594455408124 0 77 14 779
639 16.337496483131083 0 84 7 1674
640 16.255809000715427 0 84 7 1714
642 16.09365730593329 0 84 7 1675
644 15.933123074306607 0 85 6 1674
645 15.853457458935074 0 85 6 1596
646 15.774190171640399 0 82 9 1324
647 15.695319220782197 0 80 11 1130
648 15.616842624678286 0 81 10 897
649 15.538758411554895 0 81 10 586
650 15.46106461949712 0 81 10 587
652 15.306840499917637 0 85 6 1403
654 15.15415476593096 0 79 12 313
655 15.078383992101305 0 82 9 314
657 14.927977111780095 0 81 10 120
658 14.853337226221194 0 83 8 431
660 14.705175187389639 0 86 5 1634
662 14.558491064895428 0 85 6 1401
663 14.485698609570951 0 85 6 1402
664 14.413270116523096 0 83 8 1520
665 14.341203765940481 0 81 10 1637
666 14.269497747110778 0 82 9 1598
667 14.198150258375223 0 83 8 1676
668 14.127159507083347 0 86 5 1518
669 14.05652370954793 0 85 6 1751
670 13.98624109100019 0 84 7 1362
671 13.91630988554519 0 85 6 1634
672 13.846728336117463 0 80 11 702
673 13.777494694436877 0 81 10 624
674 13.708607220964693 0 80 11 1635
675 13.640064184859868 0 79 12 1674
676 13.571863863935569 0 77 14 704
677 13.50400454461589 0 83 8 1480
678 13.43648452189281 0 80 11 1519
679 13.369302099283345 0 77 14 1247
680 13.302455588786929 0 78 13 2142
681 13.235943310842995 0 80 11 2064
682 13.16976359428878 0 82 9 1247
683 13.103914776317335 0 79 12 1364
684 13.03839520243575 0 77 14 1558
685 12.973203226423571 0 75 16 1557
686 12.908337210291453 0 80 11 1752
687 12.843795524239995 0 79 12 1596
688 12.779576546618795 0 81 10 1557
689 12.7156786638857 0 75 16 1598
690 12.652100270566272 0 74 17 1792
691 12.588839769213441 0 86 5 1129
692 12.525895570367375 0 86 5 1090
695 12.338945013242695 0 87 4 1401
696 12.27725028817648 0 81 10 1674
697 12.215864036735598 0 78 13 1869
698 12.15478471655192 0 78 13 2180
699 12.09401079296916 0 84 7 1907
701 11.973373035309292 0 84 7 1596
702 11.913506170132745 0 82 9 1790
703 11.853938639282081 0 83 8 1752
704 11.79466894608567 0 77 14 1597
705 11.735695601355241 0 81 10 1244
706 11.677017123348465 0 83 8 1477
708 11.560538877543065 0 83 8 1830
709 11.50273618315535 0 85 6 1869
710 11.445222502239572 0 75 16 1403
711 11.387996389728373 0 79 12 1091
712 11.331056407779732 0 82 9 1635
713 11.274401125740834 0 78 13 1247
715 11.16193897451157 0 80 11 1479
716 11.106129279639012 0 84 7 895
717 11.050598633240817 0 83 8 1089
718 10.995345640074612 0 79 12 1830
719 10.94036891187424 0 77 14 1908
720 10.885667067314868 0 80 11 1869
721 10.831238731978294 0 81 10 1635
722 10.777082538318403 0 81 10 1441
723 10.723197125626811 0 82 9 936
724 10.669581139998677 0 82 9 1247
725 10.616233234298683 0 84 7 1246
728 10.457784626247621 0 85 6 1245
730 10.353468224600801 0 82 9 1246
731 10.301700883477798 0 82 9 1013
732 10.250192379060408 0 80 11 1052
733 10.198941417165106 0 84 7 1053
734 10.14794671007928 0 84 7 936
736 10.04672094164624 0 85 6 1518
737 9.99648733693801 0 86 5 1829
738 9.94650490025332 0 75 16 1054
739 9.896772375752054 0 82 9 1517
740 9.847288513873293 0 83 8 1516
741 9.798052071303927 0 83 8 1674
742 9.749061810947406 0 80 11 2140
743 9.700316501892669 0 77 14 2141
744 9.651814919383206 0 78 13 1830
745 9.603555844786289 0 79 12 1519
746 9.555538065562358 0 74 17 1558
747 9.507760375234545 0 79 12 1519
748 9.460221573358373 0 78 13 1402
749 9.412920465491581 0 80 11 1636
750 9.365855863164123 0 87 4 1441
751 9.319026583848302 0 84 7 1442
753 9.226069293674415 0 81 10 1481
754 9.179938947206043 0 80 11 1792
755 9.134039252470012 0 83 8 1401
756 9.088369056207663 0 83 8 975
757 9.042927210926624 0 81 10 1637
758 8.997712574871992 0 78 13 1323
759 8.952724011997631 0 80 11 1284
760 8.907960391937642 0 80 11 1906
761 8.863420589977954 0 80 11 1712
762 8.819103487028064 0 80 11 1401
763 8.775007969592924 0 81 10 1443
764 8.731132929744959 0 77 14 1132
765 8.687477265096234 0 76 15 821
766 8.644039878770753 0 79 12 820
767 8.6008196793769 0 78 13 781
768 8.557815580980014 0 81 10 780
769 8.515026503075115 0 84 7 1672
770 8.472451370559739 0 84 7 1711
773 8.345998974797713 0 82 9 1789
774 8.304268979923725 0 81 10 1478
775 8.262747635024105 0 82 9 1363
776 8.221433896848986 0 82 9 1557
779 8.098727968259277 0 79 12 1246
780 8.058234328417981 0 81 10 935
781 8.01794315677589 0 82 9 194
782 7.977853440992011 0 82 9 506
783 7.937964173787051 0 84 7 817
784 7.898274352918116 0 82 9 741
786 7.819489066247757 0 83 8 1983
787 7.780391620916519 0 83 8 1944
789 7.702782214497876 0 85 6 1791
790 7.664268303425387 0 78 13 1478
791 7.62594696190826 0 79 12 1517
792 7.587817227098718 0 80 11 1518
793 7.549878140963224 0 76 15 1557
794 7.512128750258408 0 77 14 1518
795 7.474568106507116 0 80 11 781
797 7.400009289644707 0 80 11 1092
799 7.3261941969805005 0 80 11 1518
800 7.289563225995598 0 80 11 1479
801 7.25311540986562 0 76 15 896
802 7.216849832816291 0 72 19 935
803 7.18076558365221 0 72 19 741
804 7.144861755733949 0 80 11 1519
805 7.1091374469552795 0 77 14 1635
806 7.073591759720503 0 81 10 1636
807 7.038223800921901 0 81 10 1908
808 7.003032681917291 0 81 10 1907
809 6.968017518507704 0 85 6 1636
811 6.8985115437605895 0 82 9 1635
812 6.864018986041787 0 82 9 1986
813 6.829698891111578 0 83 8 1792
814 6.79555039665602 0 84 7 1828
818 6.6606553277544185 0 75 16 1868
819 6.627352051115646 0 78 13 1985
820 6.594215290860068 0 79 12 1715
821 6.561244214405767 0 83 8 1245
822 6.528437993333738 0 84 7 1051
823 6.495795803367069 0 84 7 740
825 6.431000240228483 0 84 7 973
826 6.398845239027341 0 85 6 1012
827 6.366851012832204 0 85 6 1323
828 6.335016757768043 0 83 8 1634
830 6.271824965609307 0 81 10 1323
831 6.24046584078126 0 77 14 1635
832 6.209263511577354 0 77 14 1753
833 6.178217194019467 0 74 17 1559
834 6.14732610804937 0 71 20 1442
835 6.116589477509123 0 71 20 1052
836 6.086006530121577 0 81 10 1362
837 6.05557649747097 0 79 12 1168
838 6.0252986149836145 0 79 12 2102
839 5.995172121908697 0 80 11 2063
840 5.965196261299153 0 81 10 2024
843 5.876164961449731 0 82 9 1907
846 5.788462464879473 0 79 12 1518
847 5.759520152555075 0 80 11 1557
849 5.702068939033339 0 76 15 1440
850 5.673558594338172 0 82 9 2295
851 5.645190801366481 0 82 9 1479
854 5.560935623007236 0 74 17 1479
855 5.5331309448922 0 76 15 1790
856 5.505465290167739 0 75 16 1789
857 5.4779379637169 0 79 12 1790
858 5.450548273898315 0 80 11 1789
859 5.423295532528823 0 77 14 1790
860 5.396179054866179 0 79 12 1829
861 5.369198159591848 0 81 10 1985
862 5.342352168793889 0 82 9 1907
864 5.289062205910169 0 80 11 1908
865 5.262616894880618 0 86 5 1208
867 5.210122291354184 0 87 4 1480
868 5.1840716798974125 0 82 9 1597
870 5.132360564890436 0 80 11 1713
871 5.106698762065983 0 81 10 1985
872 5.081165268255654 0 81 10 2179
873 5.055759441914375 0 81 10 2218
874 5.030480644704803 0 81 10 2179
875 5.005328241481279 0 80 11 1907
877 4.9554000922725026 0 79 12 1014
878 4.93062309181114 0 79 12 1325
880 4.8814401264703235 0 78 13 1131
881 4.857032925837972 0 79 12 1403
882 4.832747761208782 0 80 11 1092
883 4.808584022402738 0 85 6 1089
884 4.784541102290724 0 85 6 778
886 4.736815304795375 0 78 13 1984
887 4.713131228271398 0 76 15 1673
888 4.689565572130041 0 80 11 1634
890 4.642787155548044 0 78 13 1439
891 4.619573219770304 0 81 10 860
892 4.596475353671453 0 81 10 859
893 4.573492976903095 0 77 14 1481
894 4.55062551201858 0 78 13 1403
895 4.527872384458487 0 80 11 1439
896 4.505233022536194 0 77 14 1556
897 4.482706857423513 0 82 9 1323
899 4.437991856520713 0 78 13 1906
900 4.41580189723811 0 82 9 547
902 4.37175427331316 0 83 8 819
907 4.263547904003887 0 83 8 780
908 4.242230164483868 0 83 8 779
909 4.221019013661448 0 85 6 1090
911 4.178914349000175 0 83 8 1089
912 4.158019777255174 0 83 8 2063
913 4.137229678368898 0 86 5 1596
916 4.075481008265533 0 85 6 1595
919 4.014653944782044 0 84 7 1673
920 3.9945806750581334 0 85 6 1595
921 3.9746077716828427 0 88 3 1400
922 3.9547347328244284 0 87 4 1401
924 3.915286253864505 0 86 5 1245
925 3.8957098225951823 0 87 4 1401
927 3.8568501171147953 0 87 4 1440
929 3.818378037196575 0 83 8 1169
930 3.7992861470105925 0 84 7 2216
931 3.7802897162755396 0 83 8 2061
932 3.7613882676941617 0 80 11 1324
933 3.742581326355691 0 79 12 1323
934 3.7238684197239125 0 81 10 1479
936 3.686722832237167 0 77 14 896
937 3.668289218075981 0 76 15 1207
938 3.649947771985601 0 86 5 1364
939 3.631698033125673 0 88 3 1675
941 3.5954718452452443 0 86 5 1364
942 3.577494486019018 0 85 6 1363
946 3.506479433960232 0 85 6 1674
953 3.3855782911014374 0 83 8 1402
954 3.3686503996459303 0 83 8 1674
955 3.3518071476477007 0 83 8 1634
956 3.335048111909462 0 77 14 1247
957 3.318372871349915 0 83 8 1557
958 3.3017810069931652 0 83 8 1558
960 3.2688457414484082 0 83 8 1209
965 3.187937733495311 0 84 7 1520
967 3.1561380546036952 0 82 9 1168
968 3.1403573643306766 0 78 13 1246
969 3.124655577509023 0 80 11 1013
970 3.109032299621478 0 86 5 1440
971 3.0934871381233706 0 85 6 1441
973 3.06262960392059 0 82 9 1442
974 3.0473164559009867 0 86 5 2293
976 3.0169194742533745 0 86 5 2449
981 2.9422469555347064 0 87 4 2138
991 2.7984008857411347 0 86 5 1866
993 2.770486836905867 0 86 5 1633
997 2.7154912896814216 0 85 6 1672
998 2.7019138332330144 0 82 9 1403
999 2.688404264066849 0 82 9 1442
1000 2.6749622427465147 0 83 8 1481
1002 2.6482794943751182 0 82 9 1595
1005 2.6087535918866327 0 85 6 1827
1009 2.5569685303413583 0 86 5 1710
1010 2.5441836876896513 0 88 3 1439
1013 2.5062114281279224 0 88 3 1440
1016 2.4688059092866843 0 87 4 1246
1017 2.456461879740251 0 86 5 1207
1019 2.431958672489842 0 86 5 1518
1021 2.407699884731756 0 87 4 1519
1024 2.3717646629896487 0 88 3 1713
1025 2.3599058396747004 0 88 3 1402
1029 2.3130605302791785 0 88 3 1403
1040 2.188975426215412 0 88 3 1402
1041 2.178030549084335 0 88 3 1713
1042 2.1671403963389135 0 82 9 2024
1046 2.1241215772558504 0 82 9 2296
1047 2.113500969369571 0 81 10 2179
1048 2.102933464522723 0 79 12 2140
1049 2.0924187972001094 0 79 12 1868
1050 2.0819567032141086 0 81 10 2179
1052 2.0611891850995483 0 81 10 2140
1053 2.0508832391740506 0 82 9 2179
1054 2.04062882297818 0 82 9 1985
1055 2.0304256788632893 0 84 7 1986
1056 2.0202735504689726 0 81 10 1131
1057 2.010172182716628 0 81 10 1284
1058 2.0001213218030447 0 83 8 1324
1061 1.970269261059969 0 82 9 976
1062 1.9604179147546692 0 82 9 1054
1063 1.9506158251808958 0 80 11 898
1065 1.9311584323247164 0 82 9 1092
1066 1.9215026401630928 0 83 8 1712
1070 1.8833598532054743 0 84 7 1673
1071 1.8739430539394468 0 84 7 1984
1074 1.845974219616519 0 83 8 1090
1075 1.8367443485184363 0 83 8 1051
1076 1.827560626775844 0 82 9 1090
1077 1.8184228236419648 0 83 8 858
1078 1.809330709523755 0 82 9 702
1082 1.773414591405185 0 84 7 1013
1083 1.7645475184481592 0 82 9 1014
1085 1.746946156951639 0 82 9 1053
1086 1.7382114261668806 0 86 5 1324
1087 1.7295203690360461 0 86 5 1091
1088 1.720872767190866 0 86 5 1130
1089 1.7122684033549116 0 86 5 1324
1090 1.703707061338137 0 87 4 1518
1092 1.686712583401289 0 87 4 1479
1093 1.6782790204842826 0 87 4 1440
1095 1.6615381872549517 0 88 3 1751
1097 1.6449643438370836 0 88 3 1790
1102 1.604249425257059 0 88 3 1829
1104 1.5882470372401198 0 88 3 1518
1118 1.48061172518752 0 86 5 1557
1121 1.4585134101126302 0 85 6 1244
1122 1.451220843062067 0 86 5 1283
1124 1.436744915152523 0 85 6 1244
1125 1.4295611905767602 0 85 6 1322
1127 1.415301317700757 0 86 5 1361
1128 1.408224811112253 0 86 5 1400
1134 1.3665026436967502 0 88 3 1399
1136 1.3528717798258751 0 87 4 2062
1143 1.3062256359077773 0 86 5 1906
1147 1.2802964047385812 0 87 4 1828
1148 1.2738949227148884 0 85 6 2061
1149 1.2675254481013138 0 84 7 1867
1151 1.254881881756503 0 85 6 1750
1153 1.242364434985982 0 83 8 1439
1155 1.2299718497469967 0 85 6 1400
1156 1.2238219904982617 0 85 6 1517
1157 1.2177028805457704 0 86 5 1556
1160 1.1995285128407644 0 86 5 1557
1161 1.1935308702765606 0 86 5 1556
1162 1.1875632159251777 0 87 4 1517
1163 1.1816253998455517 0 88 3 1284
1165 1.1698386864820922 0 88 3 1285
1171 1.1351793017436653 0 87 4 1324
1174 1.1182366087677285 0 86 5 1207
1177 1.101546787602294 0 87 4 2294
1180 1.0851060641039814 0 88 3 2177
1190 1.032055370199138 0 90 1 2371
1208 0.9430146754938922 0 90 1 2215
1209 0.9382996021164227 1 91 0 2137
1219 0.8924262569849327 0 90 1 1826
1222 0.8791066835461505 0 90 1 1554
1230 0.8445516754434595 0 89 2 1671
1231 0.8403289170662422 0 87 4 1360
1232 0.836127272480911 0 86 5 1438
1236 0.8195297285811083 0 88 3 1749
1240 0.8032616542161151 0 89 2 1632
1244 0.7873165092511365 0 89 2 1943
1259 0.7302903626197224 0 90 1 2215
1275 0.6740077052001731 0 88 3 1904
1282 0.6507683554794473 0 86 5 1403
1283 0.64751451370205 0 86 5 1247
1286 0.6378502786457327 0 86 5 1403
1287 0.6346610272525041 0 87 4 1209
1289 0.6283302835056602 0 88 3 1520
1298 0.6006143697695115 0 88 3 1248
1311 0.5627244277917988 0 87 4 1287
1321 0.5352129039333346 0 86 5 1131
1331 0.5090464148869985 0 86 5 1442
1332 0.5065011828125635 0 87 4 1598
1337 0.4939646469927074 0 87 4 1597
1340 0.4865921628907604 0 87 4 1558
1341 0.4841592020763066 0 87 4 1597
1342 0.48173840606592505 0 87 4 1908
1344 0.47693306546541747 0 87 4 1597
1348 0.46746570594747944 0 86 5 1596
1353 0.45589534685251637 0 84 7 1829
1355 0.4513477907676625 0 86 5 1868
1362 0.4357856108780253 0 87 4 2140
1366 0.42713504888165704 0 88 3 2101
1372 0.41448010921730477 0 88 3 1868
1373 0.41240770867121823 0 88 3 1829
1376 0.4062524720683367 0 88 3 1518
1382 0.39421623075313805 0 88 3 1246
1398 0.3638344289378806 0 88 3 1285
1406 0.3495332048938635 0 88 3 974
1415 0.3341151478479618 0 88 3 1285
1422 0.3225950736590106 0 88 3 974
1427 0.31461044334920946 0 88 3 1285
1428 0.3130373911324634 0 88 3 1324
1444 0.28891195124384705 0 88 3 1285
1448 0.283176904736251 0 88 3 1286
1452 0.2775557017657696 0 88 3 1325
1454 0.274787083640656 0 88 3 1326
1464 0.26135277897177334 0 89 2 1637
1474 0.24857527570543533 0 89 2 1636
1482 0.238804538175058 0 89 2 1675
1485 0.235240350592228 0 88 3 1869
1488 0.23172935895459515 0 88 3 1673
1493 0.2259937683822003 0 88 3 1556
1528 0.18962879706423108 0 88 3 1557
1529 0.18868065307890994 0 88 3 1246
1538 0.18035786991582825 0 88 3 1285
1649 0.10339441022454714 0 88 3 1246
1650 0.1028774381734244 0 88 3 1285
1658 0.09883363919407093 0 88 3 1246
1674 0.09121664170784802 0 88 3 1285
1678 0.08940594581863678 0 88 3 1246
1681 0.0880715509015504 0 88 3 1285
1687 0.08546221185123556 0 88 3 1596
1710 0.07615615090764269 0 88 3 1285
1720 0.07243288662553905 0 88 3 1596
1757 0.06017135352217037 0 88 3 1285
1784 0.052554869371311555 0 88 3 1246
