0 90 1 1790 1793 0.1516575813293457
1 91 0 2177 1793 0.15567398071289062
1 91 0 2293 1793 0.17806458473205566
1 91 0 2293 1793 0.15938282012939453
1 91 0 2293 1793 0.1545696258544922
0 90 1 1751 1793 0.09440207481384277
0 90 1 1477 1793 0.13924407958984375
0 90 1 1554 1793 0.10371589660644531
1 91 0 2293 1793 0.1047053337097168
0 90 1 1982 1793 0.1034996509552002
0 90 1 1790 1793 0.09769535064697266
1 91 0 2293 1793 0.09932804107666016
1 91 0 1827 1793 0.09682083129882812
1 91 0 2293 1793 0.09912109375
1 91 0 2177 1793 0.10378193855285645
1 91 0 1984 1793 0.09497332572937012
0 89 2 2102 1793 0.128753662109375
0 90 1 2060 1793 0.09625530242919922
0 89 2 1244 1793 0.09856128692626953
1 91 0 2293 1793 0.09627723693847656
0 90 1 1791 1793 0.1036372184753418
1 91 0 1984 1793 0.09337759017944336
0 90 1 1790 1793 0.14608359336853027
1 91 0 2293 1793 0.14620614051818848
1 91 0 2293 1793 0.1496751308441162
0 90 1 1905 1793 0.14701247215270996
1 91 0 2293 1793 0.14441609382629395
1 91 0 2293 1793 0.14486932754516602
1 91 0 2293 1793 0.1478104591369629
1 91 0 2293 1793 0.14455556869506836
