0 322 3 19611 26573 8696 1.319690227508545
0 323 2 18349 26573 8696 1.2455742359161377
1 325 0 25925 26573 8696 1.282179832458496
0 324 1 16624 26573 8696 1.2825696468353271
0 322 3 18828 26573 8696 1.2992877960205078
0 323 2 17668 26573 8696 1.2997779846191406
0 321 4 18278 26573 8696 1.2819609642028809
0 321 4 19659 26573 8696 1.2535643577575684
0 324 1 23208 26573 8696 1.2465710639953613
0 322 3 24200 26573 8696 1.2339742183685303
0 324 1 14927 18638 8696 2.3187084197998047
0 323 2 14190 18638 8696 1.27890944480896
0 324 1 14962 18638 8696 1.4682254791259766
1 325 0 17773 18638 8696 2.043125629425049
0 323 2 14503 18638 8696 1.332669973373413
0 323 2 13916 18638 8696 1.3118624687194824
0 323 2 12739 18638 8696 1.3264832496643066
0 324 1 17491 18638 8696 1.3274867534637451
0 323 2 14580 18638 8696 1.3294928073883057
0 322 3 14841 18638 8696 1.3531177043914795
0 322 3 17613 24430 8696 1.3771114349365234
0 323 2 18176 24430 8696 1.6454572677612305
0 323 2 21256 24430 8696 1.876035213470459
0 324 1 21981 24430 8696 1.393782615661621
0 322 3 14728 24430 8696 1.6816143989562988
0 323 2 20020 24430 8696 1.3870491981506348
0 322 3 20304 24430 8696 1.7943062782287598
0 322 3 19586 24430 8696 1.9917147159576416
0 323 2 21131 24430 8696 1.5269927978515625
0 323 2 17697 24430 8696 1.3841438293457031
0 323 2 16386 26137 8696 1.9170494079589844
0 324 1 14709 26137 8696 1.3058319091796875
0 321 4 9660 26137 8696 1.7132883071899414
0 323 2 15828 26137 8696 2.4089343547821045
0 323 2 13359 26137 8696 1.4902381896972656
0 322 3 19748 26137 8696 1.4421923160552979
0 323 2 13026 26137 8696 1.514479398727417
0 323 2 15604 26137 8696 2.1135637760162354
0 323 2 13362 26137 8696 1.3977854251861572
0 322 3 14038 26137 8696 1.3541889190673828
0 322 3 16420 24689 8696 1.43277907371521
0 324 1 21393 24689 8696 1.3512637615203857
0 324 1 21422 24689 8696 1.4401578903198242
0 323 2 17006 24689 8696 1.7279412746429443
0 324 1 21244 24689 8696 2.2047221660614014
0 324 1 19998 24689 8696 1.2512226104736328
1 325 0 21582 24689 8696 1.8246269226074219
0 322 3 16703 24689 8696 1.4241361618041992
0 324 1 21230 24689 8696 1.437817096710205
0 323 2 14985 24689 8696 1.2605936527252197
0 324 1 17352 24016 8696 1.3018620014190674
1 325 0 23537 24016 8696 1.3911564350128174
0 323 2 15314 24016 8696 1.3926820755004883
1 325 0 22943 24016 8696 1.598027229309082
0 323 2 14486 24016 8696 1.3546206951141357
0 323 2 16860 24016 8696 1.3184466361999512
0 323 2 16654 24016 8696 1.3746929168701172
0 324 1 13916 24016 8696 2.156456470489502
0 323 2 13327 24016 8696 1.6335313320159912
0 323 2 16558 24016 8696 1.3373079299926758
0 323 2 17263 26123 8696 1.3296093940734863
0 324 1 20393 26123 8696 2.3069076538085938
0 323 2 18249 26123 8696 1.3050477504730225
0 324 1 22248 26123 8696 1.3104805946350098
0 322 3 13649 26123 8696 1.4439926147460938
0 322 3 18028 26123 8696 1.4171273708343506
0 322 3 18855 26123 8696 2.7324676513671875
0 324 1 20015 26123 8696 1.4424669742584229
0 322 3 16421 26123 8696 1.2399513721466064
1 325 0 21890 26123 8696 1.2492611408233643
0 322 3 14567 25071 8696 2.5419528484344482
0 321 4 14018 25071 8696 1.370103120803833
0 322 3 15068 25071 8696 1.3416521549224854
0 321 4 16165 25071 8696 1.3691885471343994
0 322 3 20308 25071 8696 1.3509101867675781
0 322 3 19356 25071 8696 1.4142398834228516
0 320 5 12651 25071 8696 1.2612245082855225
0 320 5 11446 25071 8696 1.251002550125122
0 321 4 17506 25071 8696 1.7578375339508057
0 324 1 14301 25071 8696 1.5978434085845947
0 322 3 13139 21278 8696 1.2726645469665527
0 324 1 15924 21278 8696 1.2677817344665527
1 325 0 18582 21278 8696 1.2435758113861084
0 324 1 14858 21278 8696 1.3359665870666504
0 323 2 16469 21278 8696 1.4211926460266113
0 323 2 16255 21278 8696 1.368699312210083
0 324 1 18003 21278 8696 1.3157644271850586
0 322 3 13200 21278 8696 1.2924354076385498
0 324 1 15638 21278 8696 1.2844529151916504
0 323 2 16341 21278 8696 1.2605435848236084
0 324 1 15395 22180 8696 1.2459468841552734
0 323 2 15969 22180 8696 2.277029037475586
0 321 4 15889 22180 8696 1.2633318901062012
0 324 1 12988 22180 8696 1.3321452140808105
0 322 3 15510 22180 8696 1.8103489875793457
0 324 1 13583 22180 8696 1.5641307830810547
0 321 4 17161 22180 8696 2.1009838581085205
0 321 4 14610 22180 8696 1.5980360507965088
0 321 4 13966 22180 8696 1.3656642436981201
0 324 1 17593 22180 8696 1.301762342453003
0 324 1 15603 25800 8696 1.2705466747283936
0 324 1 15721 25800 8696 1.2318298816680908
0 321 4 15266 25800 8696 2.4766457080841064
0 322 3 17059 25800 8696 1.3377578258514404
0 323 2 13581 25800 8696 1.4531738758087158
0 321 4 16392 25800 8696 1.333846092224121
0 322 3 16381 25800 8696 1.2684664726257324
0 323 2 14253 25800 8696 1.3460347652435303
0 319 6 13254 25800 8696 1.3243606090545654
0 322 3 16609 25800 8696 1.661849021911621
0 323 2 17430 20466 8696 1.4504389762878418
0 323 2 12041 20466 8696 1.3039469718933105
0 323 2 16241 20466 8696 1.9221320152282715
0 324 1 17492 20466 8696 1.3259215354919434
0 324 1 17633 20466 8696 1.3534398078918457
0 323 2 14709 20466 8696 1.9207441806793213
0 324 1 17628 20466 8696 2.0624594688415527
0 322 3 13739 20466 8696 1.2729008197784424
0 323 2 16206 20466 8696 1.3473517894744873
0 324 1 16023 20466 8696 1.2910115718841553
0 323 2 20481 31523 8696 1.2701950073242188
0 323 2 26138 31523 8696 1.9385206699371338
0 323 2 28382 31523 8696 1.3907859325408936
0 323 2 21937 31523 8696 1.2961654663085938
0 324 1 24852 31523 8696 1.2546119689941406
0 320 5 18690 31523 8696 1.259394645690918
0 323 2 24292 31523 8696 1.237349271774292
0 323 2 18404 31523 8696 1.280921459197998
0 323 2 20539 31523 8696 1.2795391082763672
0 322 3 18687 31523 8696 1.2504866123199463
0 322 3 21548 28700 8696 1.2216792106628418
0 323 2 22714 28700 8696 1.9667415618896484
0 324 1 26277 28700 8696 1.2438290119171143
0 322 3 20447 28700 8696 1.4572982788085938
0 320 5 17410 28700 8696 1.853236436843872
0 322 3 20303 28700 8696 1.8253111839294434
0 321 4 16766 28700 8696 1.287416934967041
0 323 2 24584 28700 8696 1.2452311515808105
0 324 1 19218 28700 8696 1.6051883697509766
0 322 3 20599 28700 8696 1.2404522895812988
0 324 1 21265 24729 8696 1.2621569633483887
0 323 2 16777 24729 8696 2.186728000640869
0 323 2 20876 24729 8696 1.2566163539886475
1 325 0 23315 24729 8696 1.283289909362793
0 322 3 15904 24729 8696 1.279310703277588
0 324 1 17743 24729 8696 1.7499661445617676
0 323 2 19295 24729 8696 1.4957709312438965
0 322 3 14925 24729 8696 1.3192856311798096
0 323 2 17122 24729 8696 1.2607054710388184
0 323 2 16265 24729 8696 1.269139051437378
0 324 1 18743 22975 8696 1.2468652725219727
0 324 1 18847 22975 8696 1.3102571964263916
0 323 2 18049 22975 8696 1.8679652214050293
0 324 1 19310 22975 8696 1.855412483215332
0 323 2 16863 22975 8696 1.8249292373657227
0 324 1 19531 22975 8696 1.2569503784179688
0 323 2 17510 22975 8696 1.2581148147583008
0 324 1 19685 22975 8696 1.2872529029846191
0 323 2 17519 22975 8696 1.23683762550354
1 325 0 21539 22975 8696 1.3144102096557617
0 323 2 15121 20396 8696 1.234304428100586
0 323 2 14877 20396 8696 1.2752442359924316
0 324 1 15166 20396 8696 1.244948148727417
0 323 2 14846 20396 8696 1.287398338317871
0 323 2 12698 20396 8696 1.283726692199707
1 325 0 18945 20396 8696 1.3798487186431885
0 324 1 15170 20396 8696 1.2637834548950195
0 323 2 13930 20396 8696 1.2931914329528809
0 324 1 14005 20396 8696 1.8956992626190186
0 323 2 13811 20396 8696 1.3385603427886963
1 325 0 25253 28737 8696 1.2751519680023193
1 325 0 27904 28737 8696 1.2794020175933838
0 324 1 17244 28737 8696 1.260788917541504
1 325 0 24857 28737 8696 1.2791037559509277
1 325 0 26867 28737 8696 1.9664950370788574
1 325 0 26747 28737 8696 1.3108878135681152
1 325 0 27469 28737 8696 1.227935791015625
1 325 0 26843 28737 8696 1.4712965488433838
1 325 0 25332 28737 8696 1.3241686820983887
1 325 0 23719 28737 8696 1.2496247291564941
0 322 3 12995 19184 8696 1.257073163986206
0 322 3 13429 19184 8696 1.6196117401123047
0 323 2 11291 19184 8696 1.7429955005645752
0 323 2 14488 19184 8696 1.3652873039245605
0 322 3 16872 19184 8696 1.282259225845337
0 323 2 12084 19184 8696 1.7789301872253418
0 323 2 15415 19184 8696 1.302262306213379
0 323 2 12771 19184 8696 1.3023581504821777
0 323 2 14693 19184 8696 2.5435643196105957
0 323 2 17283 19184 8696 1.252762794494629
0 321 4 16967 20380 8696 1.2932367324829102
0 322 3 11539 20380 8696 1.2528724670410156
1 325 0 19853 20380 8696 1.2791404724121094
0 324 1 19427 20380 8696 1.2484445571899414
0 323 2 12265 20380 8696 1.2431185245513916
1 325 0 19643 20380 8696 1.2288577556610107
0 324 1 12975 20380 8696 1.2891724109649658
0 323 2 15358 20380 8696 1.280869722366333
0 323 2 13303 20380 8696 1.2465341091156006
0 323 2 17151 20380 8696 2.011688470840454
0 323 2 16280 25348 8696 1.27034592628479
0 323 2 18744 25348 8696 1.3135204315185547
0 324 1 18626 25348 8696 1.26680588722229
0 324 1 16425 25348 8696 1.974329948425293
0 323 2 14260 25348 8696 1.3500604629516602
0 324 1 15233 25348 8696 1.4717082977294922
0 324 1 18626 25348 8696 1.2581617832183838
0 321 4 15827 25348 8696 1.2888662815093994
0 323 2 13871 25348 8696 2.05710506439209
0 323 2 17627 25348 8696 1.36423659324646
0 323 2 9183 16731 8696 1.2758605480194092
0 324 1 11095 16731 8696 1.2603180408477783
0 324 1 15219 16731 8696 1.2927815914154053
1 325 0 16195 16731 8696 1.353717565536499
0 324 1 10658 16731 8696 1.301776647567749
0 323 2 11038 16731 8696 1.6687910556793213
1 325 0 15267 16731 8696 1.4125187397003174
0 322 3 9584 16731 8696 1.3719909191131592
0 324 1 14999 16731 8696 1.4797070026397705
0 323 2 14085 16731 8696 1.3098702430725098
0 323 2 20960 26931 8696 1.422165870666504
1 325 0 26931 26931 8696 2.32841157913208
0 322 3 21322 26931 8696 2.012425661087036
0 324 1 17787 26931 8696 1.304218053817749
0 324 1 16694 26931 8696 2.5205159187316895
0 322 3 19831 26931 8696 1.3050496578216553
1 325 0 26267 26931 8696 1.257429599761963
0 322 3 14077 26931 8696 1.610562801361084
0 324 1 16536 26931 8696 1.9955635070800781
0 324 1 21744 26931 8696 1.2963106632232666
0 323 2 14674 22741 8696 1.3534488677978516
0 322 3 10919 22741 8696 1.39310884475708
0 323 2 14276 22741 8696 1.2837464809417725
0 323 2 14408 22741 8696 1.274965524673462
0 322 3 13805 22741 8696 1.3028497695922852
0 322 3 18179 22741 8696 1.2723181247711182
0 323 2 17232 22741 8696 1.2836403846740723
0 324 1 12529 22741 8696 2.3877737522125244
0 322 3 13603 22741 8696 1.2366983890533447
0 323 2 15684 22741 8696 1.2543346881866455
0 322 3 15926 26208 8696 1.2918610572814941
0 322 3 14951 26208 8696 1.54972505569458
0 324 1 21763 26208 8696 1.7072296142578125
0 322 3 10941 26208 8696 1.3959736824035645
0 323 2 17445 26208 8696 1.295300006866455
0 323 2 15014 26208 8696 1.2646892070770264
0 323 2 15947 26208 8696 1.3083584308624268
0 322 3 14170 26208 8696 1.2911653518676758
0 324 1 17324 26208 8696 1.2910029888153076
0 324 1 17759 26208 8696 1.3010990619659424
0 324 1 16577 25279 8696 1.3262126445770264
0 323 2 16039 25279 8696 2.270961284637451
0 321 4 18238 25279 8696 1.4898827075958252
0 323 2 17875 25279 8696 1.3252108097076416
0 323 2 21528 25279 8696 1.2717561721801758
0 324 1 12724 25279 8696 1.3031926155090332
0 322 3 15421 25279 8696 2.0369479656219482
0 324 1 13398 25279 8696 1.2464022636413574
0 323 2 17009 25279 8696 1.2750201225280762
1 325 0 24986 25279 8696 1.2726655006408691
1 325 0 16183 20455 8696 2.2786245346069336
1 325 0 17433 20455 8696 1.3116307258605957
1 325 0 16924 20455 8696 1.74005126953125
1 325 0 16681 20455 8696 1.260359764099121
0 323 2 15727 20455 8696 2.1534125804901123
1 325 0 18032 20455 8696 1.2944011688232422
1 325 0 18313 20455 8696 1.5902917385101318
0 324 1 17572 20455 8696 1.661653757095337
0 324 1 15824 20455 8696 1.255342721939087
0 324 1 19425 20455 8696 1.2850866317749023
0 324 1 12706 20186 8696 1.2699944972991943
0 322 3 11381 20186 8696 1.3034870624542236
0 324 1 16065 20186 8696 1.276921272277832
0 323 2 15304 20186 8696 1.597764015197754
0 323 2 15824 20186 8696 2.062722682952881
0 324 1 12431 20186 8696 1.2354023456573486
0 323 2 14706 20186 8696 1.3335022926330566
0 323 2 13900 20186 8696 1.2550413608551025
0 323 2 12433 20186 8696 1.329425573348999
0 323 2 16359 20186 8696 1.7025103569030762
0 324 1 19782 27711 8696 2.2088143825531006
0 324 1 23142 27711 8696 1.6205620765686035
1 325 0 20079 27711 8696 1.5129508972167969
0 324 1 19552 27711 8696 1.3738610744476318
0 324 1 21179 27711 8696 1.2828619480133057
1 325 0 26519 27711 8696 1.2756094932556152
0 323 2 19602 27711 8696 2.0603041648864746
0 324 1 20944 27711 8696 1.3028061389923096
0 321 4 18661 27711 8696 1.79886794090271
0 322 3 18253 27711 8696 1.8219280242919922
0 323 2 19862 27933 8696 1.2581636905670166
0 322 3 20537 27933 8696 1.2860677242279053
0 322 3 16276 27933 8696 1.2734529972076416
0 323 2 15160 27933 8696 1.276918888092041
0 323 2 16845 27933 8696 1.557084083557129
0 322 3 17177 27933 8696 1.6934149265289307
0 320 5 16391 27933 8696 1.2654857635498047
0 323 2 22665 27933 8696 1.3364200592041016
0 321 4 18183 27933 8696 1.8787868022918701
0 322 3 16499 27933 8696 2.2024600505828857
0 323 2 15158 27370 8696 1.272996187210083
0 321 4 17210 27370 8696 1.2722854614257812
0 323 2 18671 27370 8696 1.2728548049926758
0 322 3 20234 27370 8696 1.2985479831695557
0 322 3 15492 27370 8696 1.8738117218017578
0 323 2 13702 27370 8696 1.52986741065979
0 323 2 15048 27370 8696 1.3471319675445557
0 322 3 14259 27370 8696 1.247288703918457
0 323 2 12617 27370 8696 1.4260890483856201
0 321 4 18179 27370 8696 1.8148329257965088
0 319 6 15948 25801 8696 1.2793097496032715
0 320 5 17285 25801 8696 1.29359769821167
0 321 4 14101 25801 8696 1.2481169700622559
0 320 5 16501 25801 8696 1.570115327835083
0 320 5 15440 25801 8696 1.361825704574585
0 321 4 15099 25801 8696 1.29050612449646
0 321 4 12691 25801 8696 1.2486424446105957
0 323 2 16892 25801 8696 1.4598970413208008
0 320 5 12749 25801 8696 2.1039271354675293
0 320 5 14373 25801 8696 1.7838106155395508
1 325 0 24134 25506 8696 1.2550132274627686
1 325 0 25169 25506 8696 1.3099865913391113
0 323 2 17534 25506 8696 1.2661175727844238
1 325 0 24808 25506 8696 1.9892780780792236
0 323 2 18039 25506 8696 1.8075625896453857
0 323 2 20151 25506 8696 1.2381632328033447
0 323 2 20006 25506 8696 1.7823357582092285
0 323 2 19143 25506 8696 1.5763063430786133
1 325 0 24471 25506 8696 1.2484323978424072
0 320 5 14489 25506 8696 1.286017894744873
0 320 5 19301 24453 8696 2.2606940269470215
0 322 3 17284 24453 8696 1.4877455234527588
0 323 2 10777 24453 8696 1.2541649341583252
0 323 2 14143 24453 8696 2.411376714706421
0 322 3 16616 24453 8696 1.2592799663543701
0 320 5 14375 24453 8696 1.308199405670166
0 323 2 16391 24453 8696 1.3062186241149902
0 321 4 11234 24453 8696 1.2759034633636475
0 323 2 19297 24453 8696 1.2273118495941162
0 321 4 13476 24453 8696 1.3076977729797363
0 323 2 16412 24296 8696 1.3004860877990723
0 324 1 13992 24296 8696 1.9155964851379395
0 324 1 15698 24296 8696 1.2890748977661133
0 323 2 13947 24296 8696 1.2538528442382812
0 323 2 11037 24296 8696 1.2785263061523438
0 322 3 11976 24296 8696 1.2713184356689453
0 322 3 15067 24296 8696 1.24342679977417
0 323 2 13945 24296 8696 1.7320749759674072
0 321 4 13943 24296 8696 2.307143211364746
0 323 2 14660 24296 8696 1.3201186656951904
0 321 4 15946 25576 8696 1.280622959136963
0 323 2 15388 25576 8696 1.2884314060211182
0 322 3 19302 25576 8696 1.875627040863037
0 320 5 17518 25576 8696 1.282588005065918
0 322 3 19529 25576 8696 1.288158893585205
0 320 5 11460 25576 8696 1.8686091899871826
0 322 3 15155 25576 8696 1.2512407302856445
0 320 5 16500 25576 8696 1.3299682140350342
0 319 6 15490 25576 8696 1.5072946548461914
0 323 2 19528 25576 8696 2.0857818126678467
0 323 2 17810 24792 8696 1.3105671405792236
0 324 1 18552 24792 8696 2.026731491088867
0 324 1 17264 24792 8696 1.540616750717163
0 323 2 17652 24792 8696 1.2529857158660889
0 324 1 21372 24792 8696 1.2799928188323975
0 322 3 18059 24792 8696 1.2981197834014893
0 323 2 17332 24792 8696 2.1400771141052246
1 325 0 24165 24792 8696 2.571178436279297
0 321 4 15160 24792 8696 1.4308397769927979
1 325 0 23184 24792 8696 1.7147002220153809
0 323 2 18536 24777 8696 1.249936819076538
0 324 1 19139 24777 8696 1.299818992614746
0 323 2 22243 24777 8696 1.2527084350585938
0 323 2 18487 24777 8696 1.5097265243530273
0 323 2 20219 24777 8696 1.5883417129516602
0 323 2 22012 24777 8696 1.2548837661743164
0 322 3 20430 24777 8696 1.2780301570892334
0 323 2 19632 24777 8696 1.6530673503875732
0 324 1 20754 24777 8696 1.9810872077941895
0 323 2 23330 24777 8696 1.2577438354492188
0 322 3 12293 23558 8696 1.3495557308197021
0 324 1 11122 23558 8696 1.2769775390625
0 321 4 12968 23558 8696 2.295830488204956
0 322 3 13813 23558 8696 1.3148367404937744
0 322 3 12467 23558 8696 1.4696180820465088
0 323 2 18008 23558 8696 1.4634137153625488
0 322 3 10450 23558 8696 2.4781579971313477
0 323 2 19523 23558 8696 1.9218387603759766
0 320 5 12135 23558 8696 1.2907776832580566
0 320 5 9104 23558 8696 2.346231460571289
0 323 2 15649 24209 8696 1.265190601348877
0 323 2 16968 24209 8696 1.277498483657837
1 325 0 23646 24209 8696 1.3125627040863037
0 323 2 15318 24209 8696 2.3548951148986816
0 324 1 16844 24209 8696 1.2560663223266602
0 323 2 13155 24209 8696 1.2943363189697266
0 323 2 16177 24209 8696 1.3116204738616943
0 323 2 12212 24209 8696 2.3640823364257812
0 323 2 15686 24209 8696 1.495046854019165
0 324 1 13215 24209 8696 1.2377216815948486
0 323 2 19865 25239 8696 1.2387890815734863
0 321 4 15828 25239 8696 2.303999423980713
0 321 4 15157 25239 8696 1.8034121990203857
1 325 0 25239 25239 8696 2.5898020267486572
0 321 4 10452 25239 8696 1.2794995307922363
0 323 2 16496 25239 8696 1.4437048435211182
0 323 2 18859 25239 8696 1.9964487552642822
0 324 1 16500 25239 8696 1.2485098838806152
0 324 1 17507 25239 8696 1.2554295063018799
0 322 3 13479 25239 8696 1.6822669506072998
0 324 1 18005 20031 8696 2.0409536361694336
0 324 1 17063 20031 8696 1.2385272979736328
0 324 1 16570 20031 8696 1.2862169742584229
0 323 2 13351 20031 8696 1.2518043518066406
0 324 1 16955 20031 8696 1.3074588775634766
1 325 0 17420 20031 8696 1.9921541213989258
0 324 1 17431 20031 8696 1.647839069366455
0 324 1 16504 20031 8696 1.2729160785675049
0 322 3 12382 20031 8696 1.254634141921997
0 323 2 19296 20031 8696 1.2987303733825684
0 322 3 16158 23576 8696 1.3399302959442139
0 322 3 14080 23576 8696 2.4784445762634277
0 323 2 20278 23576 8696 1.309190273284912
0 323 2 16687 23576 8696 1.9290270805358887
0 324 1 12522 23576 8696 1.3611648082733154
0 322 3 14611 23576 8696 1.263984203338623
0 323 2 12766 23576 8696 1.256079912185669
0 323 2 17744 23576 8696 1.421816349029541
0 321 4 12092 23576 8696 1.2372965812683105
0 322 3 16405 23576 8696 1.2531311511993408
0 324 1 13164 22467 8696 1.3327734470367432
0 323 2 14077 22467 8696 1.3063230514526367
0 323 2 15122 22467 8696 1.2758376598358154
0 323 2 15795 22467 8696 1.3643882274627686
0 323 2 13252 22467 8696 1.7796738147735596
0 323 2 13835 22467 8696 1.5817925930023193
0 323 2 18379 22467 8696 1.4451072216033936
0 324 1 20728 22467 8696 2.1792783737182617
0 324 1 12738 22467 8696 1.2794687747955322
0 324 1 13930 22467 8696 1.2469382286071777
0 321 4 17513 27932 8696 1.26096510887146
0 323 2 19753 27932 8696 1.2760517597198486
0 323 2 19866 27932 8696 1.3114855289459229
0 321 4 18069 27932 8696 2.097851514816284
0 322 3 12809 27932 8696 1.2383973598480225
0 323 2 17394 27932 8696 1.3342981338500977
0 323 2 21210 27932 8696 1.301131248474121
0 322 3 18184 27932 8696 1.9544661045074463
0 321 4 16501 27932 8696 1.248260736465454
0 322 3 21549 27932 8696 1.2751617431640625
0 321 4 15681 24488 8696 1.2757339477539062
0 322 3 18641 24488 8696 1.413703441619873
0 324 1 17974 24488 8696 1.7310256958007812
1 325 0 22479 24488 8696 1.261812448501587
0 324 1 20717 24488 8696 1.2890141010284424
1 325 0 23130 24488 8696 1.2817606925964355
0 324 1 20677 24488 8696 2.0462427139282227
0 323 2 16073 24488 8696 1.2863178253173828
0 322 3 18474 24488 8696 3.000115394592285
0 321 4 17331 24488 8696 1.3061110973358154
0 323 2 15495 26586 8696 1.2842340469360352
0 322 3 17956 26586 8696 1.349818468093872
0 323 2 17968 26586 8696 1.520817756652832
0 323 2 21212 26586 8696 3.025153398513794
0 321 4 19870 26586 8696 1.4625937938690186
0 322 3 20651 26586 8696 1.3159193992614746
0 323 2 13146 26586 8696 1.9188575744628906
0 322 3 19641 26586 8696 1.2988100051879883
0 323 2 18300 26586 8696 1.5212070941925049
0 322 3 14268 26586 8696 1.6192095279693604
0 323 2 15481 22234 8696 2.0788369178771973
0 323 2 15280 22234 8696 1.2324798107147217
0 323 2 12188 22234 8696 1.27779221534729
0 323 2 13829 22234 8696 1.9667730331420898
0 324 1 12464 22234 8696 1.5141167640686035
0 322 3 11905 22234 8696 1.2943487167358398
0 324 1 11116 22234 8696 1.8339803218841553
0 324 1 12170 22234 8696 1.338987112045288
0 323 2 16932 22234 8696 1.2764313220977783
0 323 2 13202 22234 8696 2.1483070850372314
0 321 4 20588 25119 8696 1.2804105281829834
0 322 3 11283 25119 8696 1.8927524089813232
0 323 2 22482 25119 8696 1.5328667163848877
0 322 3 17378 25119 8696 1.7967920303344727
0 321 4 18907 25119 8696 1.409233570098877
0 322 3 18215 25119 8696 1.6712474822998047
0 323 2 21974 25119 8696 1.2345786094665527
0 323 2 21953 25119 8696 1.2911100387573242
0 320 5 14564 25119 8696 1.257018804550171
0 319 6 14529 25119 8696 1.245955467224121
0 324 1 9961 21131 8696 1.2580506801605225
0 324 1 11999 21131 8696 1.7461919784545898
0 324 1 18991 21131 8696 1.29331636428833
0 323 2 14369 21131 8696 1.2974226474761963
0 322 3 14026 21131 8696 1.573725700378418
0 323 2 15676 21131 8696 1.389906406402588
0 324 1 11518 21131 8696 1.2758567333221436
0 324 1 11447 21131 8696 1.9048089981079102
1 325 0 19790 21131 8696 1.251434564590454
0 323 2 18766 21131 8696 1.2353622913360596
0 323 2 11910 25800 8696 1.3123598098754883
0 323 2 12914 25800 8696 2.4311652183532715
0 324 1 14482 25800 8696 1.2739720344543457
0 324 1 12241 25800 8696 1.2881717681884766
0 324 1 14483 25800 8696 1.404191017150879
0 323 2 13586 25800 8696 1.8829479217529297
0 321 4 15605 25800 8696 1.775099754333496
0 323 2 14481 25800 8696 1.2728400230407715
0 322 3 16620 25800 8696 1.3285112380981445
0 323 2 19410 25800 8696 2.4092440605163574
1 325 0 22440 22534 8696 1.2661311626434326
0 324 1 20384 22534 8696 1.2570655345916748
0 321 4 16237 22534 8696 1.2917492389678955
0 323 2 14612 22534 8696 1.8041605949401855
0 324 1 14512 22534 8696 1.6818864345550537
0 322 3 17210 22534 8696 1.300959825515747
0 322 3 12197 22534 8696 1.301943063735962
0 324 1 16074 22534 8696 1.2558627128601074
0 322 3 12940 22534 8696 1.2401299476623535
0 321 4 13322 22534 8696 1.7779583930969238
1 325 0 22099 22436 8696 1.5438592433929443
0 323 2 19526 22436 8696 1.292311429977417
0 323 2 14152 22436 8696 2.010592222213745
0 323 2 20765 22436 8696 1.522019624710083
0 323 2 16506 22436 8696 2.938131332397461
0 323 2 20877 22436 8696 1.2678325176239014
0 322 3 15159 22436 8696 1.26802396774292
0 322 3 12698 22436 8696 2.0590717792510986
0 322 3 17065 22436 8696 1.2680208683013916
0 323 2 15492 22436 8696 1.2457020282745361
0 323 2 18514 28282 8696 1.663928747177124
0 323 2 18037 28282 8696 2.100242853164673
0 323 2 17063 28282 8696 1.237090826034546
0 324 1 19524 28282 8696 2.005810022354126
0 321 4 15387 28282 8696 1.5056567192077637
0 324 1 16176 28282 8696 1.250596523284912
0 323 2 18531 28282 8696 1.2487449645996094
0 324 1 26419 28282 8696 1.3035950660705566
0 323 2 19423 28282 8696 1.2639048099517822
0 323 2 21701 28282 8696 1.2735891342163086
0 323 2 18944 29228 8696 1.3293299674987793
0 322 3 16421 29228 8696 1.2971217632293701
0 321 4 14714 29228 8696 1.3211405277252197
0 323 2 22016 29228 8696 1.7227065563201904
0 321 4 16826 29228 8696 1.2659649848937988
0 323 2 19781 29228 8696 1.3200101852416992
0 323 2 19052 29228 8696 1.738945722579956
0 323 2 25071 29228 8696 1.9575576782226562
0 324 1 25688 29228 8696 1.2676396369934082
0 323 2 21559 29228 8696 1.9102060794830322
0 324 1 23226 26883 8696 1.4274492263793945
0 323 2 22849 26883 8696 1.3185880184173584
0 322 3 16733 26883 8696 2.1705143451690674
0 321 4 17700 26883 8696 1.2410922050476074
0 323 2 19156 26883 8696 1.2584319114685059
0 322 3 17844 26883 8696 1.2801473140716553
0 324 1 15645 26883 8696 1.2361371517181396
0 323 2 19419 26883 8696 1.2783100605010986
0 322 3 18891 26883 8696 1.3716380596160889
0 323 2 18776 26883 8696 1.2948887348175049
0 321 4 11249 24256 8696 1.5577659606933594
0 321 4 14560 24256 8696 1.885071039199829
0 322 3 12265 24256 8696 1.6143741607666016
0 322 3 13632 24256 8696 1.2607738971710205
0 324 1 18119 24256 8696 1.289046287536621
0 320 5 10759 24256 8696 1.8594307899475098
0 321 4 16390 24256 8696 1.2960867881774902
0 324 1 13116 24256 8696 1.8799479007720947
0 321 4 14033 24256 8696 1.6725869178771973
0 324 1 20087 24256 8696 1.2576794624328613
1 325 0 16883 23820 8696 1.7792749404907227
0 323 2 13054 23820 8696 1.4172852039337158
0 319 6 15600 23820 8696 1.2960283756256104
0 322 3 8719 23820 8696 1.251415729522705
0 319 6 11922 23820 8696 1.2870347499847412
0 323 2 15983 23820 8696 1.6336557865142822
1 325 0 16883 23820 8696 2.2501742839813232
0 320 5 17004 23820 8696 1.2550132274627686
0 322 3 12096 23820 8696 1.282747507095337
0 323 2 10001 23820 8696 1.2862915992736816
0 321 4 11728 25574 8696 1.8817107677459717
0 322 3 12535 25574 8696 1.3136537075042725
0 321 4 17581 25574 8696 2.174699068069458
0 322 3 18522 25574 8696 1.5218796730041504
0 323 2 19796 25574 8696 1.2523646354675293
0 323 2 21474 25574 8696 1.2740516662597656
0 321 4 14683 25574 8696 1.9319956302642822
0 321 4 14756 25574 8696 1.779881238937378
0 323 2 16360 25574 8696 1.2337236404418945
0 321 4 9845 25574 8696 1.26416015625
0 324 1 22208 24654 8696 1.581331491470337
0 324 1 22923 24654 8696 2.0937535762786865
0 324 1 20539 24654 8696 1.269822359085083
0 323 2 18881 24654 8696 1.2478437423706055
0 322 3 18099 24654 8696 1.8243694305419922
0 324 1 17281 24654 8696 2.033827781677246
0 324 1 22025 24654 8696 1.3187165260314941
0 324 1 23007 24654 8696 2.9228944778442383
0 323 2 16388 24654 8696 1.8502697944641113
0 322 3 19797 24654 8696 2.61993145942688
0 324 1 14609 19979 8696 1.3068881034851074
0 323 2 11769 19979 8696 1.348172664642334
0 324 1 15045 19979 8696 1.255601167678833
0 322 3 14115 19979 8696 2.1018922328948975
0 323 2 14320 19979 8696 1.3994486331939697
0 324 1 15792 19979 8696 1.2517836093902588
0 324 1 15347 19979 8696 1.235328197479248
0 323 2 16031 19979 8696 1.7692170143127441
0 324 1 16567 19979 8696 1.7866895198822021
0 324 1 17322 19979 8696 1.2612440586090088
0 321 4 11511 21340 8696 1.4858641624450684
0 324 1 16065 21340 8696 1.5650608539581299
0 324 1 15918 21340 8696 1.571153163909912
0 323 2 14367 21340 8696 1.270744800567627
1 325 0 20235 21340 8696 1.2707679271697998
0 324 1 16632 21340 8696 1.4408226013183594
0 323 2 14759 21340 8696 1.2847979068756104
1 325 0 21019 21340 8696 1.5910637378692627
1 325 0 20307 21340 8696 1.2861485481262207
0 324 1 12216 21340 8696 1.2750227451324463
0 322 3 15823 25075 8696 2.482969045639038
0 324 1 19466 25075 8696 1.4784913063049316
0 324 1 19444 25075 8696 1.250654697418213
0 324 1 19565 25075 8696 1.2634928226470947
0 322 3 18188 25075 8696 1.2589542865753174
0 324 1 19678 25075 8696 1.261575698852539
0 324 1 19022 25075 8696 1.2770578861236572
0 322 3 14585 25075 8696 1.2742419242858887
0 324 1 20221 25075 8696 1.2656378746032715
0 324 1 17274 25075 8696 1.2700674533843994
0 322 3 12916 22213 8696 1.2713737487792969
1 325 0 21539 22213 8696 2.3759684562683105
0 320 5 14035 22213 8696 1.2529327869415283
0 323 2 13133 22213 8696 1.272362470626831
0 321 4 14819 22213 8696 1.2584853172302246
0 323 2 12689 22213 8696 1.3426501750946045
0 322 3 16053 22213 8696 1.3275480270385742
1 325 0 21202 22213 8696 1.899592638015747
0 322 3 14593 22213 8696 1.2718021869659424
0 322 3 14367 22213 8696 1.4826619625091553
0 324 1 20366 26054 8696 1.7930338382720947
0 322 3 16072 26054 8696 1.2585868835449219
1 325 0 24240 26054 8696 1.2496776580810547
0 324 1 19980 26054 8696 1.2509989738464355
0 324 1 18874 26054 8696 1.2543630599975586
0 324 1 20651 26054 8696 1.2310066223144531
0 323 2 20453 26054 8696 1.7979907989501953
0 324 1 22617 26054 8696 1.2522199153900146
1 325 0 24485 26054 8696 1.253777265548706
0 324 1 17646 26054 8696 1.6391234397888184
0 324 1 11457 18635 8696 1.3152518272399902
0 324 1 16720 18635 8696 1.2735443115234375
0 324 1 10416 18635 8696 1.2781143188476562
0 324 1 16348 18635 8696 2.3713669776916504
0 323 2 17342 18635 8696 1.2903571128845215
0 321 4 13857 18635 8696 1.6551611423492432
0 324 1 15748 18635 8696 1.9180498123168945
0 323 2 16578 18635 8696 1.2356042861938477
0 322 3 16185 18635 8696 1.2669689655303955
0 324 1 11113 18635 8696 1.2751972675323486
0 323 2 15391 20922 8696 2.117103338241577
0 322 3 13708 20922 8696 1.7382709980010986
0 323 2 14043 20922 8696 1.2785999774932861
0 323 2 15175 20922 8696 1.24467134475708
0 321 4 12853 20922 8696 1.4461400508880615
0 322 3 14076 20922 8696 2.313631534576416
0 323 2 15083 20922 8696 1.2680704593658447
0 323 2 11871 20922 8696 1.4966175556182861
0 324 1 13829 20922 8696 1.2608821392059326
0 324 1 18814 20922 8696 1.9000484943389893
1 325 0 26651 27023 8696 1.2887024879455566
0 324 1 21090 27023 8696 2.065976142883301
0 323 2 13797 27023 8696 1.5463576316833496
0 324 1 21915 27023 8696 1.3095808029174805
0 323 2 19465 27023 8696 2.3584108352661133
0 321 4 15021 27023 8696 1.2693040370941162
0 321 4 13866 27023 8696 1.2659449577331543
0 324 1 18350 27023 8696 2.0019025802612305
0 324 1 17117 27023 8696 1.275651454925537
0 320 5 14837 27023 8696 1.2539176940917969
0 322 3 11043 23695 8696 1.24631929397583
0 324 1 15664 23695 8696 2.349060297012329
0 323 2 14415 23695 8696 1.2432963848114014
0 324 1 19354 23695 8696 1.3294646739959717
0 323 2 17599 23695 8696 2.640941858291626
0 324 1 18539 23695 8696 1.2926859855651855
0 323 2 15171 23695 8696 1.2263031005859375
0 321 4 15582 23695 8696 2.2603654861450195
0 322 3 16338 23695 8696 1.3872499465942383
0 323 2 16611 23695 8696 1.2516405582427979
0 324 1 14894 18100 8696 1.3497376441955566
0 323 2 11166 18100 8696 1.2483131885528564
0 323 2 14753 18100 8696 1.257524013519287
0 324 1 12650 18100 8696 1.244880199432373
0 322 3 10455 18100 8696 1.2435145378112793
0 323 2 9839 18100 8696 1.243797779083252
0 323 2 12350 18100 8696 1.265775442123413
0 323 2 15470 18100 8696 1.2366764545440674
0 324 1 11961 18100 8696 2.099729537963867
0 324 1 13800 18100 8696 1.3820843696594238
0 324 1 12170 18370 8696 1.2684016227722168
0 323 2 12873 18370 8696 1.266927719116211
0 323 2 13292 18370 8696 2.5380005836486816
0 321 4 14712 18370 8696 1.2577168941497803
0 324 1 12857 18370 8696 1.3108301162719727
0 323 2 13577 18370 8696 1.8078281879425049
1 325 0 16212 18370 8696 1.8697423934936523
0 324 1 11277 18370 8696 1.2477920055389404
0 324 1 11830 18370 8696 1.294114351272583
0 321 4 12121 18370 8696 1.7396938800811768
0 321 4 10230 18796 8696 1.3140063285827637
0 323 2 10231 18796 8696 1.253375768661499
0 323 2 13732 18796 8696 1.881018877029419
1 325 0 18260 18796 8696 1.7793335914611816
1 325 0 17930 18796 8696 1.3155601024627686
0 323 2 11010 18796 8696 2.220233917236328
0 321 4 10842 18796 8696 1.3741998672485352
0 322 3 13702 18796 8696 1.4137840270996094
0 323 2 10005 18796 8696 1.888481855392456
0 322 3 10161 18796 8696 1.2418620586395264
0 323 2 18923 25980 8696 1.4514448642730713
0 324 1 18697 25980 8696 2.4427356719970703
0 322 3 16869 25980 8696 1.7842295169830322
0 324 1 18792 25980 8696 1.2704548835754395
0 323 2 18805 25980 8696 1.2468347549438477
0 321 4 15514 25980 8696 2.1420230865478516
0 324 1 17548 25980 8696 1.6479644775390625
0 323 2 22156 25980 8696 1.2885043621063232
1 325 0 18128 25980 8696 1.5253736972808838
0 323 2 16039 25980 8696 1.446413278579712
0 323 2 13783 21436 8696 1.2919180393218994
0 322 3 9394 21436 8696 1.2773046493530273
0 324 1 17122 21436 8696 1.2741472721099854
0 323 2 15667 21436 8696 1.2695765495300293
0 324 1 13919 21436 8696 1.2367548942565918
0 324 1 17017 21436 8696 1.9745957851409912
0 323 2 18570 21436 8696 1.8972909450531006
0 324 1 14735 21436 8696 1.2546131610870361
0 324 1 14040 21436 8696 1.2620370388031006
0 321 4 16906 21436 8696 1.7652149200439453
1 325 0 25780 26749 8696 1.3758628368377686
0 324 1 22949 26749 8696 1.8834195137023926
1 325 0 19477 26749 8696 1.2732572555541992
0 324 1 22527 26749 8696 1.367445945739746
1 325 0 24237 26749 8696 2.0028340816497803
0 323 2 19781 26749 8696 1.2582111358642578
0 324 1 22958 26749 8696 1.2362003326416016
0 324 1 19784 26749 8696 1.2566065788269043
0 323 2 20676 26749 8696 1.2571702003479004
0 323 2 20180 26749 8696 1.294989824295044
1 325 0 25254 25743 8696 1.25966215133667
0 319 6 14574 25743 8696 1.272278070449829
0 323 2 19615 25743 8696 1.2430980205535889
0 323 2 17233 25743 8696 1.2405223846435547
0 321 4 16409 25743 8696 1.6475393772125244
0 321 4 13621 25743 8696 1.8284025192260742
0 323 2 14864 25743 8696 1.306962013244629
0 323 2 20705 25743 8696 1.263519525527954
0 322 3 16956 25743 8696 1.5800538063049316
0 321 4 16008 25743 8696 1.6622247695922852
0 324 1 18149 21714 8696 1.8972089290618896
0 319 6 11850 21714 8696 1.342498540878296
0 324 1 16158 21714 8696 1.2561440467834473
1 325 0 20163 21714 8696 1.3556149005889893
0 323 2 11506 21714 8696 1.3082807064056396
0 320 5 9121 21714 8696 1.2856075763702393
0 324 1 11726 21714 8696 1.8673219680786133
1 325 0 21225 21714 8696 1.4266493320465088
0 323 2 20214 21714 8696 1.2772188186645508
0 321 4 14936 21714 8696 1.2822191715240479
0 324 1 16778 23053 8696 1.274503231048584
0 322 3 19247 23053 8696 1.8198070526123047
0 322 3 14570 23053 8696 1.2454113960266113
0 322 3 12950 23053 8696 1.2765734195709229
0 321 4 13747 23053 8696 1.2762563228607178
0 322 3 12644 23053 8696 2.3906891345977783
0 324 1 13717 23053 8696 1.2688274383544922
0 323 2 13572 23053 8696 1.330235481262207
0 322 3 16911 23053 8696 1.7135035991668701
0 324 1 16630 23053 8696 1.366011142730713
0 323 2 18140 23544 8696 2.023766279220581
0 324 1 20435 23544 8696 1.6200311183929443
0 324 1 13830 23544 8696 1.2296857833862305
1 325 0 21030 23544 8696 1.2954344749450684
0 324 1 14211 23544 8696 1.2264630794525146
0 323 2 17191 23544 8696 1.3331284523010254
0 323 2 13725 23544 8696 1.7434122562408447
0 323 2 19424 23544 8696 1.4781813621520996
0 324 1 16351 23544 8696 1.2625551223754883
1 325 0 22459 23544 8696 1.2491281032562256
0 322 3 11637 21536 8696 2.1451711654663086
0 322 3 15297 21536 8696 1.5694212913513184
0 321 4 8200 21536 8696 1.2379024028778076
0 323 2 11755 21536 8696 1.3126220703125
1 325 0 20862 21536 8696 1.2626049518585205
0 321 4 16122 21536 8696 1.3023815155029297
0 321 4 11226 21536 8696 2.1048357486724854
0 324 1 18995 21536 8696 2.13516902923584
0 323 2 15720 21536 8696 1.3039946556091309
0 321 4 15191 21536 8696 1.340071439743042
0 324 1 18882 22393 8696 1.259474754333496
1 325 0 22393 22393 8696 1.3135871887207031
1 325 0 20791 22393 8696 1.2647314071655273
1 325 0 21626 22393 8696 1.4811148643493652
0 324 1 15350 22393 8696 1.476020097732544
0 323 2 16083 22393 8696 1.302842378616333
0 323 2 15022 22393 8696 2.20272159576416
0 322 3 13732 22393 8696 1.2412834167480469
0 322 3 12738 22393 8696 1.2549827098846436
0 321 4 14851 22393 8696 1.3732638359069824
0 321 4 12989 23566 8696 2.3812806606292725
0 323 2 14401 23566 8696 1.2858688831329346
0 323 2 12351 23566 8696 1.2551825046539307
0 324 1 17214 23566 8696 1.2603528499603271
0 322 3 13288 23566 8696 2.4041998386383057
0 323 2 16567 23566 8696 1.2701411247253418
0 322 3 11776 23566 8696 1.2683591842651367
0 323 2 12896 23566 8696 2.195474147796631
0 321 4 14679 23566 8696 1.3181216716766357
0 323 2 14757 23566 8696 2.0589547157287598
0 324 1 25201 26957 8696 1.5293419361114502
0 323 2 21791 26957 8696 1.2301340103149414
0 321 4 18507 26957 8696 1.2564117908477783
0 320 5 14621 26957 8696 1.2736923694610596
1 325 0 26733 26957 8696 1.2288095951080322
0 321 4 19698 26957 8696 1.3449814319610596
0 321 4 12813 26957 8696 1.9382987022399902
0 321 4 14431 26957 8696 1.400505781173706
0 323 2 20259 26957 8696 1.6065187454223633
1 325 0 26733 26957 8696 1.2968652248382568
1 325 0 17040 21480 8696 1.2879951000213623
0 324 1 15117 21480 8696 1.247196912765503
0 324 1 15067 21480 8696 1.2554900646209717
0 324 1 14899 21480 8696 1.2610530853271484
0 323 2 15853 21480 8696 1.2290441989898682
1 325 0 15349 21480 8696 1.286313533782959
0 324 1 17073 21480 8696 2.020338296890259
0 324 1 17804 21480 8696 1.2980177402496338
0 323 2 19339 21480 8696 1.3214614391326904
0 324 1 19182 21480 8696 1.230647325515747
1 325 0 27949 27949 8696 1.9459688663482666
0 323 2 20110 27949 8696 1.242736577987671
0 323 2 19574 27949 8696 1.2561793327331543
0 323 2 23420 27949 8696 1.2597110271453857
0 323 2 18093 27949 8696 2.3033885955810547
0 323 2 16559 27949 8696 1.6780498027801514
0 323 2 19442 27949 8696 1.88084077835083
0 323 2 17889 27949 8696 1.5359392166137695
0 323 2 13990 27949 8696 1.26646089553833
0 321 4 19222 27949 8696 1.2455854415893555
1 325 0 22479 26644 8696 1.3012280464172363
0 323 2 21156 26644 8696 2.3715882301330566
1 325 0 24735 26644 8696 1.2336077690124512
1 325 0 22595 26644 8696 1.2732431888580322
0 323 2 18255 26644 8696 1.244741439819336
1 325 0 25024 26644 8696 1.2762746810913086
1 325 0 20141 26644 8696 1.2260057926177979
1 325 0 25059 26644 8696 1.2346341609954834
1 325 0 25319 26644 8696 1.46028470993042
0 323 2 21104 26644 8696 1.9162378311157227
0 324 1 19197 22468 8696 1.2810487747192383
0 324 1 18393 22468 8696 1.5127623081207275
0 324 1 18776 22468 8696 1.685969591140747
0 324 1 19512 22468 8696 1.2592859268188477
0 324 1 20473 22468 8696 1.4639158248901367
1 325 0 22468 22468 8696 1.3258898258209229
1 325 0 22333 22468 8696 1.9709618091583252
0 324 1 19672 22468 8696 1.2335011959075928
0 324 1 20534 22468 8696 1.2423582077026367
0 323 2 18540 22468 8696 1.473146915435791
0 324 1 17342 19881 8696 1.2479407787322998
0 323 2 16998 19881 8696 1.7103219032287598
0 323 2 13996 19881 8696 1.4156606197357178
0 324 1 12358 19881 8696 1.2432060241699219
1 325 0 19090 19881 8696 1.2498621940612793
1 325 0 19201 19881 8696 1.2642536163330078
0 324 1 14977 19881 8696 1.2486603260040283
1 325 0 18376 19881 8696 1.737206220626831
0 324 1 12238 19881 8696 1.5719757080078125
0 321 4 11236 19881 8696 1.274294376373291
0 323 2 14286 23468 8696 2.3005478382110596
0 322 3 14641 23468 8696 1.362173318862915
0 323 2 11014 23468 8696 1.2703404426574707
0 324 1 20053 23468 8696 1.9570317268371582
0 324 1 12270 23468 8696 1.2605054378509521
0 323 2 15979 23468 8696 1.2330095767974854
0 323 2 13652 23468 8696 1.278040885925293
0 322 3 15649 23468 8696 1.299469232559204
0 323 2 11956 23468 8696 1.5576961040496826
0 321 4 9726 23468 8696 1.8228514194488525
0 324 1 13475 18847 8696 1.2830333709716797
0 323 2 12804 18847 8696 1.2860450744628906
0 322 3 13595 18847 8696 1.258836269378662
0 324 1 16277 18847 8696 1.347496509552002
0 323 2 13253 18847 8696 2.2680935859680176
0 324 1 13472 18847 8696 1.4108548164367676
0 323 2 9660 18847 8696 1.2558224201202393
0 323 2 12795 18847 8696 1.2251336574554443
0 324 1 11351 18847 8696 2.432194948196411
0 323 2 11122 18847 8696 1.8505737781524658
0 322 3 17851 25239 8696 1.8149745464324951
0 322 3 17845 25239 8696 1.2573726177215576
0 323 2 20200 25239 8696 1.2913212776184082
0 323 2 14146 25239 8696 1.3026385307312012
0 322 3 18182 25239 8696 1.2536303997039795
0 322 3 15828 25239 8696 2.3437891006469727
0 321 4 19193 25239 8696 1.3448882102966309
0 322 3 15492 25239 8696 1.2836878299713135
0 323 2 17175 25239 8696 1.2504642009735107
0 323 2 18186 25239 8696 1.304732322692871
1 325 0 25957 26636 8696 1.2814388275146484
1 325 0 25919 26636 8696 1.2839915752410889
0 321 4 13817 26636 8696 2.099698781967163
0 322 3 17587 26636 8696 1.6623785495758057
0 323 2 19680 26636 8696 1.235541582107544
0 324 1 19399 26636 8696 2.3891968727111816
0 324 1 14521 26636 8696 1.3731682300567627
0 322 3 13790 26636 8696 1.367786169052124
0 324 1 18723 26636 8696 2.196359157562256
0 323 2 13058 26636 8696 1.9969713687896729
1 325 0 20075 21982 8696 1.3037471771240234
0 322 3 14034 21982 8696 2.2544424533843994
0 324 1 18375 21982 8696 1.2737171649932861
0 323 2 16742 21982 8696 1.254849910736084
0 324 1 17998 21982 8696 1.2859764099121094
0 324 1 18428 21982 8696 2.179612636566162
0 322 3 13196 21982 8696 1.4429662227630615
0 324 1 16907 21982 8696 1.279721975326538
0 324 1 16769 21982 8696 2.027362585067749
1 325 0 21281 21982 8696 1.2444651126861572
0 323 2 14989 21274 8696 1.3106613159179688
1 325 0 19949 21274 8696 1.2565593719482422
0 323 2 17477 21274 8696 1.7946808338165283
1 325 0 20603 21274 8696 1.4357380867004395
0 323 2 16837 21274 8696 1.2788381576538086
0 323 2 17071 21274 8696 2.3085110187530518
0 323 2 17077 21274 8696 1.2385423183441162
0 324 1 15646 21274 8696 1.2445638179779053
0 324 1 16655 21274 8696 1.2821297645568848
0 323 2 17422 21274 8696 1.7878913879394531
0 323 2 13351 25036 8696 2.348710060119629
0 322 3 9987 25036 8696 1.2354333400726318
0 319 6 9626 25036 8696 1.2419531345367432
0 324 1 19379 25036 8696 1.299823522567749
0 324 1 20341 25036 8696 1.3007838726043701
0 323 2 16633 25036 8696 1.2614648342132568
0 320 5 13266 25036 8696 1.3642823696136475
0 320 5 14385 25036 8696 1.2442572116851807
0 322 3 15737 25036 8696 1.266927719116211
0 322 3 19406 25036 8696 1.275580644607544
0 322 3 19595 29209 8696 1.2804505825042725
0 324 1 19822 29209 8696 2.0915088653564453
0 323 2 18384 29209 8696 1.2358052730560303
0 322 3 18962 29209 8696 1.2408382892608643
0 324 1 18136 29209 8696 1.2689743041992188
0 323 2 20402 29209 8696 1.5224130153656006
0 323 2 19594 29209 8696 1.6346664428710938
0 322 3 17786 29209 8696 1.234377384185791
0 324 1 21812 29209 8696 1.3400557041168213
0 323 2 15656 29209 8696 2.7918732166290283
0 322 3 16598 29616 8696 1.3747503757476807
0 322 3 15930 29616 8696 2.2420756816864014
0 322 3 18851 29616 8696 1.2674531936645508
0 321 4 16335 29616 8696 1.257599115371704
0 322 3 17169 29616 8696 2.084775686264038
0 322 3 14311 29616 8696 1.2515294551849365
1 325 0 29616 29616 8696 1.2446472644805908
0 322 3 12733 29616 8696 1.31545090675354
0 323 2 15656 29616 8696 1.6771323680877686
0 323 2 18290 29616 8696 1.262683629989624
0 324 1 19904 23116 8696 1.2799272537231445
0 323 2 13848 23116 8696 2.149303913116455
0 323 2 16298 23116 8696 1.2870845794677734
1 325 0 21521 23116 8696 1.5773005485534668
0 324 1 19795 23116 8696 1.6026725769042969
0 323 2 19033 23116 8696 1.2590694427490234
0 323 2 17217 23116 8696 1.3861980438232422
0 323 2 16744 23116 8696 1.6523346900939941
1 325 0 22256 23116 8696 1.2788262367248535
0 323 2 14683 23116 8696 1.4125194549560547
0 324 1 19343 21962 8696 1.525804042816162
0 324 1 16104 21962 8696 1.296567678451538
1 325 0 20520 21962 8696 1.2502110004425049
0 324 1 16536 21962 8696 1.2738630771636963
0 323 2 15518 21962 8696 1.9847040176391602
0 323 2 12416 21962 8696 1.2575814723968506
1 325 0 21639 21962 8696 1.2318499088287354
0 322 3 13179 21962 8696 1.7853515148162842
0 324 1 13626 21962 8696 1.336787223815918
0 322 3 13342 21962 8696 1.3723030090332031
1 325 0 21324 22554 8696 1.8003661632537842
0 324 1 17710 22554 8696 1.2778658866882324
0 324 1 18210 22554 8696 1.94431471824646
0 323 2 17152 22554 8696 1.2921340465545654
0 323 2 15555 22554 8696 1.2858359813690186
0 324 1 20039 22554 8696 1.9997689723968506
0 324 1 19916 22554 8696 1.2518501281738281
1 325 0 21547 22554 8696 1.3116180896759033
0 322 3 13448 22554 8696 1.2684681415557861
0 322 3 15774 22554 8696 1.9083995819091797
