0 324 1 17364 26573 86991 13.298568487167358
1 325 0 26387 26573 86991 16.134158849716187
1 325 0 26573 26573 86991 14.011102199554443
0 323 2 20906 26573 86991 14.975389003753662
1 325 0 26573 26573 86991 14.021135330200195
0 323 2 13997 26573 86991 16.05705213546753
1 325 0 26573 26573 86991 14.45901083946228
0 324 1 17695 26573 86991 13.879932403564453
0 324 1 18837 26573 86991 14.771817684173584
0 324 1 19689 26573 86991 15.691928148269653
1 325 0 17171 18638 86991 13.968193054199219
0 324 1 15084 18638 86991 13.934591293334961
1 325 0 18342 18638 86991 15.487470388412476
1 325 0 16680 18638 86991 14.651772022247314
0 324 1 15875 18638 86991 16.06602168083191
1 325 0 18636 18638 86991 14.980550289154053
1 325 0 18397 18638 86991 13.958085060119629
1 325 0 18352 18638 86991 15.365782737731934
1 325 0 17792 18638 86991 15.022780895233154
1 325 0 17776 18638 86991 15.838180303573608
0 324 1 18902 24430 86991 14.84179973602295
0 324 1 15876 24430 86991 15.21558666229248
0 324 1 19445 24430 86991 15.776992559432983
0 324 1 14488 24430 86991 15.346095561981201
1 325 0 24430 24430 86991 15.594416618347168
0 324 1 19626 24430 86991 14.912693977355957
1 325 0 24430 24430 86991 15.699229001998901
0 324 1 19682 24430 86991 15.087466716766357
1 325 0 24430 24430 86991 16.621570110321045
0 324 1 20594 24430 86991 14.548850059509277
0 322 3 10670 26137 86991 17.270875930786133
1 325 0 26137 26137 86991 14.404412031173706
0 324 1 10893 26137 86991 15.80475640296936
0 324 1 14030 26137 86991 15.492792844772339
0 323 2 13138 26137 86991 14.253677606582642
0 324 1 13364 26137 86991 16.502305269241333
1 325 0 26137 26137 86991 15.46611213684082
0 324 1 14144 26137 86991 16.820002555847168
0 324 1 15716 26137 86991 14.356374263763428
0 324 1 13925 26137 86991 15.874963283538818
1 325 0 23062 24689 86991 16.167692184448242
1 325 0 23141 24689 86991 15.591976165771484
1 325 0 24689 24689 86991 16.218224048614502
1 325 0 23062 24689 86991 14.433540105819702
1 325 0 23613 24689 86991 15.653604984283447
1 325 0 24606 24689 86991 15.361051321029663
1 325 0 23062 24689 86991 14.425416469573975
1 325 0 23613 24689 86991 15.648563623428345
0 324 1 19317 24689 86991 14.918140888214111
1 325 0 23857 24689 86991 15.660540580749512
1 325 0 22540 24016 86991 16.073570013046265
1 325 0 23709 24016 86991 16.054818868637085
0 323 2 14272 24016 86991 17.2396240234375
1 325 0 23396 24016 86991 14.624582767486572
1 325 0 15932 24016 86991 15.540050745010376
0 324 1 14884 24016 86991 14.067964315414429
0 324 1 20535 24016 86991 15.226958990097046
1 325 0 23247 24016 86991 15.846747398376465
0 324 1 15187 24016 86991 14.385489702224731
1 325 0 22233 24016 86991 16.021545886993408
0 323 2 21783 26123 86991 15.10782504081726
1 325 0 26123 26123 86991 14.520546436309814
0 324 1 16424 26123 86991 14.153249025344849
0 324 1 17028 26123 86991 16.783229112625122
1 325 0 26123 26123 86991 14.29512333869934
0 324 1 19728 26123 86991 15.40123462677002
1 325 0 26123 26123 86991 14.430339813232422
0 324 1 20520 26123 86991 14.769709348678589
0 324 1 24081 26123 86991 14.26927399635315
0 324 1 18283 26123 86991 14.078002691268921
0 323 2 13389 25071 86991 14.155329704284668
0 324 1 20887 25071 86991 14.248409986495972
0 324 1 19607 25071 86991 15.555933713912964
1 325 0 25071 25071 86991 14.212970972061157
1 325 0 25071 25071 86991 15.181325674057007
0 324 1 18276 25071 86991 14.207000255584717
1 325 0 23909 25071 86991 15.226820945739746
1 325 0 25071 25071 86991 15.180171728134155
0 324 1 21040 25071 86991 14.131740093231201
0 324 1 19608 25071 86991 14.433328866958618
1 325 0 21037 21278 86991 15.255593061447144
0 324 1 16089 21278 86991 14.212887048721313
1 325 0 20070 21278 86991 15.41372299194336
0 324 1 14792 21278 86991 15.839597225189209
1 325 0 20027 21278 86991 14.141483068466187
0 324 1 14892 21278 86991 16.863688945770264
1 325 0 20674 21278 86991 14.15447735786438
1 325 0 21205 21278 86991 16.2442409992218
1 325 0 20928 21278 86991 14.24282956123352
1 325 0 21037 21278 86991 14.226153373718262
1 325 0 21950 22180 86991 14.242943048477173
1 325 0 21723 22180 86991 14.37160587310791
1 325 0 19921 22180 86991 16.568488836288452
1 325 0 21495 22180 86991 14.271294116973877
1 325 0 22180 22180 86991 15.458996534347534
1 325 0 21716 22180 86991 14.318313121795654
1 325 0 21954 22180 86991 15.444622039794922
1 325 0 20138 22180 86991 15.04284381866455
0 323 2 18135 22180 86991 19.309018850326538
1 325 0 20411 22180 86991 16.630892276763916
0 324 1 15044 25800 86991 16.31816530227661
1 325 0 25800 25800 86991 15.96972918510437
1 325 0 25800 25800 86991 14.408438444137573
0 324 1 15381 25800 86991 16.306578397750854
1 325 0 25800 25800 86991 14.183004140853882
0 324 1 14705 25800 86991 13.959675073623657
1 325 0 25800 25800 86991 14.513559579849243
0 322 3 14037 25800 86991 14.09929895401001
0 324 1 16053 25800 86991 15.662304639816284
1 325 0 25800 25800 86991 14.427309274673462
1 325 0 20466 20466 86991 15.317756652832031
1 325 0 20232 20466 86991 14.563104629516602
1 325 0 20310 20466 86991 14.109625101089478
1 325 0 17858 20466 86991 14.240131378173828
1 325 0 18590 20466 86991 16.28378963470459
1 325 0 20045 20466 86991 14.1565260887146
0 323 2 14742 20466 86991 16.277997970581055
1 325 0 20232 20466 86991 14.451306343078613
1 325 0 17903 20466 86991 15.34678053855896
1 325 0 20409 20466 86991 14.90647578239441
0 324 1 22611 31523 86991 14.331491708755493
1 325 0 31298 31523 86991 16.806669235229492
1 325 0 31523 31523 86991 14.192044496536255
1 325 0 31523 31523 86991 16.224668741226196
1 325 0 31298 31523 86991 14.206992387771606
0 324 1 22163 31523 86991 14.148371934890747
0 324 1 28605 31523 86991 14.253126621246338
0 324 1 22724 31523 86991 14.224252223968506
0 324 1 23395 31523 86991 14.309151411056519
1 325 0 31523 31523 86991 14.190819263458252
1 325 0 27789 28700 86991 14.156903743743896
1 325 0 27856 28700 86991 15.427032709121704
1 325 0 28002 28700 86991 14.24922513961792
0 324 1 17591 28700 86991 14.908536434173584
1 325 0 27935 28700 86991 14.181310176849365
1 325 0 28123 28700 86991 14.764642238616943
1 325 0 28123 28700 86991 14.00191617012024
1 325 0 28549 28700 86991 14.461757898330688
0 324 1 15198 28700 86991 15.992083549499512
1 325 0 28123 28700 86991 14.010603427886963
1 325 0 23984 24729 86991 14.644482851028442
1 325 0 23572 24729 86991 13.99814748764038
1 325 0 23984 24729 86991 15.096717119216919
0 324 1 22157 24729 86991 14.231496572494507
1 325 0 23702 24729 86991 14.246291160583496
1 325 0 23702 24729 86991 14.873733282089233
1 325 0 24166 24729 86991 14.576066970825195
1 325 0 24170 24729 86991 13.439166784286499
1 325 0 24465 24729 86991 14.520409345626831
0 322 3 18337 24729 86991 14.612978458404541
0 324 1 17210 22975 86991 13.69235897064209
0 324 1 18024 22975 86991 15.971147298812866
0 324 1 17995 22975 86991 14.496813297271729
0 324 1 18662 22975 86991 14.739139080047607
0 324 1 17509 22975 86991 13.578953504562378
0 324 1 20197 22975 86991 15.109760522842407
0 324 1 19763 22975 86991 14.644890546798706
0 324 1 15942 22975 86991 13.595343351364136
0 324 1 19853 22975 86991 14.715864181518555
0 324 1 18897 22975 86991 13.56484341621399
0 324 1 12761 20396 86991 15.145817041397095
0 324 1 11505 20396 86991 14.382269620895386
1 325 0 19538 20396 86991 13.724616289138794
0 324 1 11629 20396 86991 14.547213315963745
0 324 1 12320 20396 86991 14.693802118301392
0 324 1 12828 20396 86991 13.719946146011353
0 324 1 14685 20396 86991 14.652467966079712
0 324 1 14470 20396 86991 15.016456127166748
0 324 1 13807 20396 86991 13.687934637069702
1 325 0 19901 20396 86991 16.450657844543457
1 325 0 28110 28737 86991 13.929515361785889
1 325 0 28240 28737 86991 14.85486912727356
1 325 0 28387 28737 86991 13.341130256652832
1 325 0 28146 28737 86991 16.031163930892944
1 325 0 28031 28737 86991 13.490793943405151
1 325 0 26936 28737 86991 15.19023060798645
1 325 0 28007 28737 86991 14.52141284942627
1 325 0 26992 28737 86991 13.55497932434082
1 325 0 26960 28737 86991 15.717599868774414
1 325 0 28017 28737 86991 13.437840700149536
0 323 2 12192 19184 86991 15.021676063537598
1 325 0 16191 19184 86991 13.664432525634766
0 324 1 15164 19184 86991 14.822760820388794
0 324 1 12800 19184 86991 14.521100282669067
0 324 1 13684 19184 86991 13.651687383651733
1 325 0 19184 19184 86991 14.740550518035889
0 324 1 9390 19184 86991 13.611318349838257
0 324 1 10979 19184 86991 15.6505765914917
0 324 1 13399 19184 86991 13.81149673461914
0 323 2 10031 19184 86991 13.677262544631958
1 325 0 17418 20380 86991 14.863610982894897
1 325 0 19749 20380 86991 13.453130722045898
1 325 0 19601 20380 86991 16.15207600593567
0 324 1 16111 20380 86991 14.406153440475464
1 325 0 19853 20380 86991 15.216264247894287
1 325 0 19853 20380 86991 14.450572490692139
0 323 2 14778 20380 86991 14.972406387329102
1 325 0 15724 20380 86991 14.052420616149902
0 323 2 16213 20380 86991 14.568138837814331
1 325 0 19853 20380 86991 14.142866373062134
1 325 0 25348 25348 86991 14.509148836135864
0 324 1 18045 25348 86991 13.718135833740234
0 324 1 18838 25348 86991 15.004101276397705
0 324 1 15797 25348 86991 14.657126426696777
0 324 1 18597 25348 86991 13.644735336303711
0 324 1 15080 25348 86991 14.737675666809082
0 324 1 15773 25348 86991 13.780542612075806
0 324 1 13674 25348 86991 14.282004833221436
0 324 1 17452 25348 86991 13.503862857818604
0 324 1 16896 25348 86991 15.367085933685303
0 324 1 10904 16731 86991 13.422041177749634
1 325 0 16670 16731 86991 15.230247259140015
1 325 0 16475 16731 86991 14.701385021209717
0 324 1 11280 16731 86991 13.547045946121216
1 325 0 16731 16731 86991 14.655409336090088
1 325 0 15510 16731 86991 14.660650491714478
0 323 2 9562 16731 86991 13.584065914154053
1 325 0 16731 16731 86991 15.318389415740967
1 325 0 16544 16731 86991 15.60996699333191
0 324 1 10518 16731 86991 14.47177791595459
1 325 0 21292 26931 86991 15.256973028182983
1 325 0 26890 26931 86991 16.619066953659058
1 325 0 26869 26931 86991 14.748696565628052
1 325 0 26174 26931 86991 15.846670627593994
1 325 0 19420 26931 86991 14.961451292037964
1 325 0 20577 26931 86991 15.846981048583984
1 325 0 21412 26931 86991 14.632489681243896
0 324 1 16682 26931 86991 14.702178716659546
1 325 0 21987 26931 86991 13.350490093231201
1 325 0 20577 26931 86991 13.809696435928345
0 324 1 11993 22741 86991 15.109049320220947
0 324 1 14411 22741 86991 13.414347410202026
0 324 1 18509 22741 86991 14.360324382781982
0 324 1 11386 22741 86991 14.810788631439209
0 324 1 18106 22741 86991 13.366945505142212
0 324 1 12404 22741 86991 15.804148435592651
0 324 1 10378 22741 86991 13.48293399810791
1 325 0 22741 22741 86991 14.33301043510437
0 323 2 14683 22741 86991 14.106376886367798
0 324 1 13470 22741 86991 14.369075298309326
0 324 1 16778 26208 86991 14.230030059814453
0 322 3 12287 26208 86991 13.582283020019531
1 325 0 26208 26208 86991 13.5935697555542
0 324 1 22061 26208 86991 13.55601191520691
0 324 1 13834 26208 86991 16.12705659866333
1 325 0 26208 26208 86991 13.451474666595459
1 325 0 26196 26208 86991 14.766245126724243
0 324 1 16049 26208 86991 14.20153546333313
0 324 1 15023 26208 86991 13.288873195648193
0 324 1 15424 26208 86991 15.37904167175293
0 324 1 16564 25279 86991 13.688708543777466
0 324 1 22870 25279 86991 15.37049412727356
0 324 1 22013 25279 86991 15.440532684326172
0 323 2 16092 25279 86991 14.566680908203125
0 324 1 16230 25279 86991 14.859019041061401
1 325 0 25279 25279 86991 13.516742944717407
0 324 1 14559 25279 86991 15.352851867675781
0 323 2 12873 25279 86991 13.661703109741211
0 324 1 13733 25279 86991 13.406927108764648
0 324 1 12723 25279 86991 14.642222166061401
1 325 0 19713 20455 86991 14.470787048339844
1 325 0 19018 20455 86991 15.750538110733032
1 325 0 18037 20455 86991 13.135565042495728
1 325 0 19815 20455 86991 14.665884971618652
1 325 0 19552 20455 86991 14.601167917251587
1 325 0 19632 20455 86991 13.134734869003296
1 325 0 19910 20455 86991 14.380902528762817
1 325 0 19504 20455 86991 14.177087783813477
1 325 0 17077 20455 86991 13.432130336761475
1 325 0 19354 20455 86991 14.183438777923584
0 324 1 14640 20186 86991 14.97413682937622
0 324 1 12960 20186 86991 13.34450101852417
0 324 1 16402 20186 86991 13.40186071395874
0 324 1 13207 20186 86991 14.770634174346924
1 325 0 20186 20186 86991 14.297597646713257
1 325 0 20186 20186 86991 14.864720344543457
1 325 0 15112 20186 86991 13.411371231079102
0 324 1 12034 20186 86991 14.486448764801025
1 325 0 20186 20186 86991 14.783502101898193
0 324 1 18584 20186 86991 13.298519134521484
1 325 0 27436 27711 86991 14.455301761627197
1 325 0 27031 27711 86991 14.478574991226196
1 325 0 27377 27711 86991 14.259524583816528
0 324 1 25015 27711 86991 13.568496704101562
0 324 1 16143 27711 86991 14.49079966545105
0 324 1 20290 27711 86991 15.423411846160889
1 325 0 20366 27711 86991 14.33406949043274
0 323 2 15172 27711 86991 14.87760305404663
1 325 0 27436 27711 86991 13.120890378952026
1 325 0 27711 27711 86991 15.13904356956482
0 323 2 15944 27933 86991 13.865941047668457
0 323 2 18635 27933 86991 14.719492435455322
0 323 2 14482 27933 86991 13.393905639648438
0 322 3 14710 27933 86991 14.702994585037231
0 323 2 19301 27933 86991 14.091417074203491
0 322 3 16277 27933 86991 14.169830799102783
0 324 1 22218 27933 86991 13.261852502822876
0 324 1 25913 27933 86991 14.561958074569702
0 323 2 17738 27933 86991 14.570415496826172
0 323 2 14259 27933 86991 14.85304880142212
0 323 2 18075 27370 86991 13.62261414527893
1 325 0 27370 27370 86991 14.5290846824646
0 324 1 17286 27370 86991 14.317514419555664
0 324 1 17288 27370 86991 14.292820930480957
0 323 2 24566 27370 86991 15.539522647857666
0 324 1 19003 27370 86991 14.455335140228271
0 324 1 21581 27370 86991 15.740173816680908
0 324 1 19195 27370 86991 13.210751056671143
0 324 1 18405 27370 86991 15.24625039100647
0 324 1 20800 27370 86991 14.08307933807373
0 322 3 14930 25801 86991 15.425156354904175
0 320 5 13926 25801 86991 13.49769377708435
0 322 3 19916 25801 86991 14.422642946243286
0 322 3 18629 25801 86991 14.530395746231079
0 323 2 17792 25801 86991 14.339043140411377
0 322 3 16784 25801 86991 14.278318405151367
0 322 3 14988 25801 86991 15.755115747451782
0 323 2 12411 25801 86991 14.490613460540771
0 323 2 13083 25801 86991 14.518041610717773
0 322 3 18293 25801 86991 13.31603455543518
0 324 1 21621 25506 86991 15.528338432312012
0 324 1 19264 25506 86991 14.454066753387451
1 325 0 25506 25506 86991 14.561324119567871
1 325 0 25506 25506 86991 14.654222249984741
1 325 0 25506 25506 86991 15.646203994750977
1 325 0 25340 25506 86991 13.606678247451782
0 324 1 16238 25506 86991 15.937936067581177
0 324 1 20273 25506 86991 14.091738224029541
1 325 0 25506 25506 86991 15.136580228805542
1 325 0 25193 25506 86991 14.288864850997925
0 323 2 11902 24453 86991 16.40930986404419
0 323 2 17061 24453 86991 14.230937242507935
0 322 3 10566 24453 86991 16.251492023468018
0 322 3 10779 24453 86991 14.098564147949219
0 324 1 17952 24453 86991 14.590056657791138
0 323 2 19753 24453 86991 15.153895378112793
0 323 2 17282 24453 86991 14.54292631149292
0 323 2 16395 24453 86991 15.686023473739624
1 325 0 24453 24453 86991 15.179272651672363
0 323 2 17066 24453 86991 15.147465705871582
0 323 2 15941 24296 86991 14.165366172790527
0 323 2 14214 24296 86991 15.385430335998535
1 325 0 24296 24296 86991 14.085391998291016
0 324 1 14351 24296 86991 15.687488555908203
0 324 1 15071 24296 86991 14.252299785614014
0 324 1 22056 24296 86991 17.036269187927246
0 324 1 13454 24296 86991 14.14028024673462
1 325 0 24296 24296 86991 14.910735845565796
0 323 2 11030 24296 86991 14.508453607559204
0 324 1 15067 24296 86991 16.11614990234375
1 325 0 25576 25576 86991 14.39684510231018
0 324 1 23563 25576 86991 14.475151538848877
0 324 1 17173 25576 86991 15.491997003555298
0 324 1 15162 25576 86991 14.98072624206543
0 324 1 19866 25576 86991 14.886006116867065
0 324 1 14488 25576 86991 16.231006145477295
0 324 1 15943 25576 86991 15.392950773239136
0 324 1 19857 25576 86991 16.455475568771362
0 324 1 16499 25576 86991 13.508495569229126
0 324 1 16058 25576 86991 14.558555603027344
0 323 2 17992 24792 86991 14.01335096359253
0 323 2 14653 24792 86991 14.74084210395813
1 325 0 24146 24792 86991 14.120030403137207
1 325 0 24042 24792 86991 17.30297327041626
0 324 1 21857 24792 86991 14.507012128829956
0 323 2 17263 24792 86991 15.768686294555664
1 325 0 21880 24792 86991 15.122987985610962
0 324 1 19645 24792 86991 14.633780479431152
1 325 0 24792 24792 86991 15.708197116851807
1 325 0 24452 24792 86991 14.086958885192871
0 323 2 15822 24777 86991 15.74825382232666
0 324 1 20382 24777 86991 15.491865396499634
1 325 0 22133 24777 86991 14.518144130706787
0 324 1 21331 24777 86991 17.268384218215942
1 325 0 22133 24777 86991 14.134383201599121
0 323 2 21755 24777 86991 15.396854400634766
0 324 1 20167 24777 86991 14.353298902511597
0 324 1 20876 24777 86991 16.985452890396118
0 323 2 20248 24777 86991 15.17079782485962
0 324 1 17360 24777 86991 14.99807858467102
0 324 1 12128 23558 86991 14.544722557067871
0 324 1 20366 23558 86991 15.866165161132812
0 324 1 11794 23558 86991 14.885322570800781
0 324 1 19525 23558 86991 16.737823963165283
1 325 0 23558 23558 86991 14.656192779541016
1 325 0 23558 23558 86991 15.649978399276733
0 323 2 15492 23558 86991 16.227813720703125
1 325 0 23558 23558 86991 14.306222915649414
1 325 0 23558 23558 86991 15.346849203109741
0 324 1 12300 23558 86991 16.410402297973633
0 324 1 15435 24209 86991 14.427302360534668
0 324 1 15119 24209 86991 16.88211154937744
1 325 0 23874 24209 86991 14.430353164672852
1 325 0 24209 24209 86991 17.31391477584839
0 324 1 17378 24209 86991 14.32380485534668
0 324 1 16726 24209 86991 16.35443949699402
1 325 0 23990 24209 86991 14.261572360992432
0 324 1 16722 24209 86991 16.55595326423645
1 325 0 23990 24209 86991 15.069955110549927
1 325 0 23990 24209 86991 14.712881088256836
0 324 1 24231 25239 86991 14.355329275131226
0 324 1 17172 25239 86991 14.482130289077759
0 323 2 16505 25239 86991 14.633376836776733
0 324 1 17843 25239 86991 15.502286434173584
0 323 2 12803 25239 86991 14.530964851379395
1 325 0 25239 25239 86991 14.526103496551514
0 324 1 16160 25239 86991 14.392869710922241
0 324 1 18178 25239 86991 14.828082799911499
0 324 1 15491 25239 86991 14.528332710266113
0 324 1 15825 25239 86991 15.946448564529419
1 325 0 18659 20031 86991 14.794310092926025
1 325 0 19932 20031 86991 15.108827352523804
1 325 0 19363 20031 86991 14.454042911529541
0 324 1 17325 20031 86991 14.5628821849823
0 324 1 13511 20031 86991 14.368381261825562
1 325 0 19510 20031 86991 14.436625480651855
0 324 1 15802 20031 86991 14.94270634651184
1 325 0 18402 20031 86991 14.37725019454956
1 325 0 19176 20031 86991 15.136924505233765
1 325 0 18766 20031 86991 14.519909620285034
0 324 1 13282 23576 86991 15.267713785171509
1 325 0 17391 23576 86991 14.671327590942383
1 325 0 17391 23576 86991 15.491690635681152
1 325 0 23576 23576 86991 14.452006101608276
0 324 1 12723 23576 86991 14.61860466003418
1 325 0 17391 23576 86991 14.58178448677063
1 325 0 17391 23576 86991 14.48751974105835
0 324 1 11694 23576 86991 14.274224996566772
0 324 1 13478 23576 86991 14.765196323394775
0 324 1 21784 23576 86991 14.409390687942505
0 324 1 11246 22467 86991 14.783124208450317
1 325 0 21412 22467 86991 14.206050634384155
1 325 0 20469 22467 86991 15.071526050567627
0 324 1 13873 22467 86991 13.072872877120972
1 325 0 22422 22467 86991 15.023605585098267
0 324 1 11516 22467 86991 13.426183700561523
0 324 1 12313 22467 86991 14.70966649055481
1 325 0 20469 22467 86991 14.44511604309082
0 324 1 17010 22467 86991 13.573920488357544
1 325 0 20469 22467 86991 15.836670637130737
0 323 2 16839 27932 86991 14.166750192642212
0 323 2 11121 27932 86991 14.748044967651367
0 323 2 13135 27932 86991 14.669480323791504
0 323 2 20537 27932 86991 14.341928482055664
0 324 1 17175 27932 86991 15.9099440574646
0 324 1 18742 27932 86991 13.30097246170044
1 325 0 27932 27932 86991 15.145625591278076
0 324 1 16950 27932 86991 13.519579887390137
0 324 1 20421 27932 86991 14.285147905349731
0 323 2 15154 27932 86991 14.429072380065918
1 325 0 23111 24488 86991 14.696229696273804
0 324 1 18937 24488 86991 14.582057476043701
1 325 0 23332 24488 86991 14.521510362625122
1 325 0 23012 24488 86991 14.652291536331177
1 325 0 23179 24488 86991 14.272707223892212
1 325 0 24488 24488 86991 16.14255428314209
1 325 0 24252 24488 86991 13.4091317653656
0 324 1 18244 24488 86991 15.920012474060059
1 325 0 23183 24488 86991 14.555274248123169
0 324 1 19968 24488 86991 15.45313835144043
0 323 2 14601 26586 86991 14.301196813583374
0 323 2 18520 26586 86991 14.227118730545044
0 323 2 14155 26586 86991 14.420393705368042
0 324 1 20536 26586 86991 16.168386459350586
0 324 1 22660 26586 86991 14.459239721298218
0 323 2 19532 26586 86991 14.751092910766602
0 322 3 18852 26586 86991 13.486300945281982
1 325 0 26586 26586 86991 16.72408390045166
1 325 0 26586 26586 86991 14.586829900741577
1 325 0 26586 26586 86991 13.302757024765015
0 324 1 13977 22234 86991 15.344421148300171
0 324 1 15731 22234 86991 13.274860143661499
0 324 1 13387 22234 86991 15.388393878936768
0 324 1 14051 22234 86991 14.882807970046997
0 323 2 13382 22234 86991 15.169022798538208
0 324 1 16696 22234 86991 14.370911121368408
0 324 1 15624 22234 86991 15.578848361968994
1 325 0 22234 22234 86991 14.405986785888672
0 324 1 13217 22234 86991 14.600007772445679
0 324 1 11852 22234 86991 15.037940263748169
0 323 2 15152 25119 86991 13.287513017654419
1 325 0 25119 25119 86991 14.504650115966797
0 322 3 12732 25119 86991 14.722688436508179
1 325 0 24383 25119 86991 14.901278495788574
1 325 0 24383 25119 86991 16.565415620803833
1 325 0 24383 25119 86991 14.7075355052948
1 325 0 24962 25119 86991 15.296147346496582
0 324 1 24242 25119 86991 14.613673210144043
1 325 0 24383 25119 86991 14.507334232330322
1 325 0 25119 25119 86991 14.362000226974487
1 325 0 19959 21131 86991 15.282228708267212
0 324 1 14302 21131 86991 14.992625951766968
0 324 1 12436 21131 86991 14.447040796279907
0 324 1 10977 21131 86991 15.64641284942627
0 324 1 11617 21131 86991 13.671160221099854
0 324 1 15226 21131 86991 16.150062322616577
0 324 1 11910 21131 86991 14.273613691329956
0 324 1 13572 21131 86991 15.643080711364746
0 323 2 16577 21131 86991 13.820805788040161
0 324 1 11862 21131 86991 14.16365385055542
0 324 1 12916 25800 86991 14.5988028049469
0 324 1 16612 25800 86991 14.602795600891113
0 324 1 15160 25800 86991 14.318194150924683
0 324 1 14932 25800 86991 15.84083890914917
0 324 1 12242 25800 86991 15.414371967315674
0 324 1 13586 25800 86991 14.436322689056396
0 324 1 13587 25800 86991 14.583882808685303
0 324 1 13926 25800 86991 14.556499004364014
0 324 1 16951 25800 86991 13.887714624404907
0 324 1 12913 25800 86991 15.500965595245361
1 325 0 22534 22534 86991 14.177353620529175
0 323 2 15195 22534 86991 17.236084699630737
1 325 0 22534 22534 86991 14.402665853500366
0 323 2 9232 22534 86991 17.070939540863037
0 324 1 14797 22534 86991 20.960286855697632
0 324 1 10953 22534 86991 16.566263914108276
1 325 0 22228 22534 86991 18.658294916152954
0 323 2 16867 22534 86991 20.18943762779236
1 325 0 22534 22534 86991 18.979722261428833
0 324 1 16302 22534 86991 16.812169790267944
1 325 0 22436 22436 86991 17.05156970024109
0 324 1 19194 22436 86991 16.860049724578857
0 323 2 12362 22436 86991 17.626316785812378
0 324 1 20875 22436 86991 16.491213083267212
0 324 1 18521 22436 86991 16.248952627182007
0 324 1 15495 22436 86991 17.093879222869873
0 324 1 17178 22436 86991 17.18678379058838
0 324 1 20760 22436 86991 16.03492498397827
0 323 2 12473 22436 86991 15.67984390258789
0 323 2 14493 22436 86991 16.7030246257782
0 324 1 21056 28282 86991 17.20954465866089
0 324 1 19416 28282 86991 15.737094163894653
0 323 2 21437 28282 86991 16.872320652008057
0 324 1 18722 28282 86991 16.549559116363525
0 324 1 21866 28282 86991 16.360438585281372
1 325 0 27825 28282 86991 16.71665644645691
1 325 0 28234 28282 86991 17.420654296875
0 323 2 18222 28282 86991 17.40215563774109
1 325 0 16504 28282 86991 16.231067895889282
0 324 1 23459 28282 86991 16.751554250717163
1 325 0 26776 29228 86991 18.85940170288086
1 325 0 29044 29228 86991 17.304798126220703
0 323 2 22002 29228 86991 17.216728925704956
0 324 1 24206 29228 86991 16.74891448020935
1 325 0 28910 29228 86991 16.459292888641357
0 324 1 23754 29228 86991 16.9173321723938
1 325 0 25504 29228 86991 15.908891201019287
0 324 1 22508 29228 86991 17.500696182250977
0 324 1 23117 29228 86991 16.868438482284546
0 324 1 23399 29228 86991 17.367819786071777
0 324 1 18338 26883 86991 17.540064334869385
0 324 1 16492 26883 86991 17.731096029281616
0 324 1 17964 26883 86991 16.623355388641357
0 324 1 18743 26883 86991 17.417064428329468
0 324 1 18299 26883 86991 16.961275100708008
0 323 2 22809 26883 86991 17.178528785705566
0 323 2 16619 26883 86991 16.671223878860474
0 323 2 20466 26883 86991 17.503506660461426
0 324 1 18639 26883 86991 16.66795325279236
0 324 1 21802 26883 86991 16.883902072906494
0 323 2 14563 24256 86991 17.291187524795532
0 323 2 15070 24256 86991 17.76691174507141
1 325 0 22995 24256 86991 17.762304544448853
0 324 1 14262 24256 86991 16.82769465446472
0 324 1 20732 24256 86991 16.113850593566895
0 324 1 21387 24256 86991 17.201651573181152
1 325 0 24256 24256 86991 16.881355047225952
1 325 0 24117 24256 86991 16.546767711639404
0 323 2 16591 24256 86991 18.32466959953308
0 323 2 16346 24256 86991 17.109108209609985
1 325 0 23820 23820 86991 17.553038835525513
0 323 2 13253 23820 86991 16.778778314590454
1 325 0 16937 23820 86991 19.280892610549927
0 323 2 14154 23820 86991 18.45520305633545
0 324 1 20287 23820 86991 17.043455123901367
0 323 2 18592 23820 86991 17.672333240509033
0 324 1 20340 23820 86991 16.46900725364685
0 323 2 16206 23820 86991 16.322822093963623
0 324 1 19952 23820 86991 15.916802406311035
0 324 1 17746 23820 86991 17.531579732894897
0 324 1 23086 25574 86991 16.804160118103027
0 324 1 17782 25574 86991 17.98197102546692
0 324 1 16238 25574 86991 16.78902554512024
0 324 1 17583 25574 86991 17.474135398864746
0 324 1 16768 25574 86991 16.974538803100586
0 324 1 16768 25574 86991 17.35529398918152
0 323 2 14217 25574 86991 18.117271423339844
1 325 0 25574 25574 86991 16.98380994796753
1 325 0 25574 25574 86991 16.904961585998535
0 324 1 18117 25574 86991 16.134814023971558
1 325 0 24083 24654 86991 16.671615839004517
1 325 0 23870 24654 86991 16.138702630996704
1 325 0 24382 24654 86991 17.588871717453003
1 325 0 24338 24654 86991 16.391973733901978
1 325 0 24505 24654 86991 16.50560188293457
1 325 0 23870 24654 86991 16.71894359588623
0 323 2 14807 24654 86991 14.896614074707031
0 324 1 21567 24654 86991 15.680322170257568
1 325 0 24654 24654 86991 15.807369232177734
1 325 0 24382 24654 86991 14.713123321533203
0 324 1 14583 19979 86991 15.944083452224731
1 325 0 18687 19979 86991 14.630714178085327
0 324 1 14556 19979 86991 15.79511547088623
0 324 1 13524 19979 86991 14.52942705154419
0 324 1 14501 19979 86991 16.19921588897705
0 324 1 13036 19979 86991 15.182672262191772
0 324 1 15319 19979 86991 15.860998153686523
1 325 0 16164 19979 86991 15.638377666473389
0 324 1 14972 19979 86991 14.664387464523315
0 324 1 13972 19979 86991 14.947269678115845
0 323 2 16160 21340 86991 14.846864938735962
1 325 0 19877 21340 86991 14.798824071884155
0 324 1 12783 21340 86991 15.113871812820435
1 325 0 21259 21340 86991 14.397641897201538
1 325 0 21340 21340 86991 14.730031490325928
1 325 0 19877 21340 86991 14.093225002288818
1 325 0 21340 21340 86991 14.210372924804688
1 325 0 19877 21340 86991 14.566901683807373
1 325 0 21340 21340 86991 15.318183422088623
1 325 0 19799 21340 86991 16.19929337501526
1 325 0 25075 25075 86991 14.244189739227295
1 325 0 21175 25075 86991 15.460538625717163
1 325 0 24625 25075 86991 14.996173620223999
1 325 0 20025 25075 86991 14.910699129104614
1 325 0 24784 25075 86991 16.394240379333496
1 325 0 24945 25075 86991 15.237348318099976
1 325 0 24638 25075 86991 15.51098108291626
0 324 1 16892 25075 86991 14.22925615310669
0 323 2 16064 25075 86991 15.09668779373169
1 325 0 24679 25075 86991 14.07660174369812
0 324 1 17726 22213 86991 17.41560435295105
1 325 0 22213 22213 86991 14.949077844619751
1 325 0 22213 22213 86991 15.485133647918701
0 323 2 14706 22213 86991 17.78431797027588
0 323 2 14032 22213 86991 15.757306575775146
1 325 0 22213 22213 86991 15.519190311431885
1 325 0 21988 22213 86991 14.477989435195923
1 325 0 22213 22213 86991 15.384740591049194
0 323 2 12021 22213 86991 15.46821117401123
0 323 2 13700 22213 86991 15.469261884689331
1 325 0 23149 26054 86991 14.4231276512146
1 325 0 25596 26054 86991 15.860271215438843
1 325 0 25093 26054 86991 15.15924882888794
0 324 1 17896 26054 86991 15.105005264282227
0 324 1 20102 26054 86991 15.372193574905396
1 325 0 24726 26054 86991 14.112588167190552
0 324 1 18524 26054 86991 15.554529905319214
0 324 1 20324 26054 86991 15.354513168334961
1 325 0 23449 26054 86991 14.122591972351074
1 325 0 25918 26054 86991 15.906797885894775
0 324 1 16500 18635 86991 15.943792581558228
0 324 1 10241 18635 86991 14.60201358795166
0 323 2 13793 18635 86991 15.48323655128479
0 324 1 10314 18635 86991 15.358408689498901
1 325 0 18245 18635 86991 15.22788405418396
0 324 1 13595 18635 86991 15.580546617507935
1 325 0 18635 18635 86991 14.671546697616577
0 324 1 11911 18635 86991 15.525137662887573
0 323 2 12577 18635 86991 15.413364887237549
0 324 1 10290 18635 86991 14.334431648254395
0 324 1 16767 20922 86991 15.959940433502197
0 324 1 16640 20922 86991 15.327900886535645
0 324 1 15695 20922 86991 15.736433267593384
0 324 1 15054 20922 86991 15.090555191040039
0 324 1 16246 20922 86991 14.32706880569458
0 323 2 13068 20922 86991 15.461682796478271
0 324 1 15817 20922 86991 15.45048713684082
0 324 1 17040 20922 86991 16.22342801094055
0 324 1 16612 20922 86991 14.320539474487305
1 325 0 19515 20922 86991 15.142123460769653
1 325 0 26746 27023 86991 15.29359245300293
0 324 1 23078 27023 86991 15.66618824005127
1 325 0 26718 27023 86991 15.647148609161377
1 325 0 24134 27023 86991 14.763566970825195
1 325 0 26870 27023 86991 14.603898286819458
1 325 0 26718 27023 86991 13.411241054534912
0 324 1 17053 27023 86991 14.963700294494629
1 325 0 26870 27023 86991 14.580888986587524
1 325 0 25705 27023 86991 14.49781084060669
0 324 1 18033 27023 86991 14.483713626861572
1 325 0 19414 23695 86991 14.227065563201904
0 324 1 18370 23695 86991 14.255329132080078
0 324 1 18285 23695 86991 14.291869401931763
0 324 1 16586 23695 86991 14.340485334396362
1 325 0 19414 23695 86991 13.519799947738647
0 324 1 19291 23695 86991 14.431042194366455
0 324 1 17501 23695 86991 15.516232967376709
1 325 0 19414 23695 86991 16.04031205177307
0 324 1 17262 23695 86991 13.833786964416504
0 324 1 17404 23695 86991 15.01973557472229
1 325 0 14499 18100 86991 14.752544403076172
0 324 1 11899 18100 86991 14.210753202438354
0 324 1 12653 18100 86991 14.872194766998291
0 324 1 11645 18100 86991 14.420886516571045
1 325 0 14499 18100 86991 14.446231842041016
1 325 0 15866 18100 86991 13.21548867225647
0 324 1 14960 18100 86991 13.261913061141968
0 324 1 12012 18100 86991 14.277605533599854
0 324 1 14343 18100 86991 14.13387155532837
0 324 1 14276 18100 86991 14.49447226524353
0 324 1 12247 18370 86991 14.398120641708374
0 324 1 14678 18370 86991 13.394935846328735
1 325 0 17536 18370 86991 14.416819095611572
1 325 0 17781 18370 86991 14.32774829864502
1 325 0 17607 18370 86991 14.270382165908813
1 325 0 18055 18370 86991 13.451322078704834
1 325 0 16412 18370 86991 14.38910698890686
1 325 0 17709 18370 86991 14.601742029190063
1 325 0 17561 18370 86991 14.248565673828125
1 325 0 17908 18370 86991 13.327860832214355
0 324 1 15471 18796 86991 14.573073863983154
1 325 0 18796 18796 86991 14.80694031715393
1 325 0 18796 18796 86991 14.705707311630249
0 324 1 10345 18796 86991 15.46054983139038
1 325 0 18696 18796 86991 14.25155782699585
0 324 1 10935 18796 86991 14.847348928451538
0 324 1 14325 18796 86991 15.714809656143188
1 325 0 18396 18796 86991 13.35836148262024
1 325 0 15719 18796 86991 16.21634006500244
0 324 1 12154 18796 86991 14.692702531814575
0 324 1 15764 25980 86991 16.00144076347351
1 325 0 25980 25980 86991 13.700916290283203
1 325 0 24634 25980 86991 13.585998058319092
0 324 1 18081 25980 86991 13.520691156387329
1 325 0 25980 25980 86991 14.99020528793335
1 325 0 18132 25980 86991 14.50860595703125
0 324 1 18013 25980 86991 15.408610820770264
1 325 0 18128 25980 86991 15.996387004852295
0 324 1 18938 25980 86991 15.448454856872559
1 325 0 24810 25980 86991 13.9602792263031
0 324 1 14578 21436 86991 13.311463356018066
1 325 0 16127 21436 86991 14.828325033187866
0 324 1 13488 21436 86991 14.33003282546997
0 324 1 17390 21436 86991 14.313052654266357
0 324 1 16011 21436 86991 15.66332459449768
1 325 0 16183 21436 86991 15.146683931350708
0 324 1 12081 21436 86991 13.773296594619751
0 324 1 9921 21436 86991 16.006232500076294
0 324 1 13237 21436 86991 13.945735931396484
0 324 1 16717 21436 86991 14.173549890518188
1 325 0 26267 26749 86991 15.278298616409302
1 325 0 26165 26749 86991 14.06230640411377
0 324 1 22030 26749 86991 14.585395336151123
1 325 0 24645 26749 86991 14.790116310119629
1 325 0 25868 26749 86991 15.13867974281311
1 325 0 26243 26749 86991 14.073752164840698
1 325 0 26267 26749 86991 14.505733489990234
1 325 0 26193 26749 86991 13.92307424545288
1 325 0 26071 26749 86991 16.921621084213257
1 325 0 26490 26749 86991 14.648921251296997
0 324 1 20236 25743 86991 16.259138345718384
0 324 1 16547 25743 86991 13.712551832199097
0 324 1 20589 25743 86991 16.442481756210327
0 322 3 14877 25743 86991 14.068886995315552
1 325 0 25743 25743 86991 15.842505931854248
0 324 1 23774 25743 86991 13.193548917770386
1 325 0 24853 25743 86991 13.961633205413818
1 325 0 24967 25743 86991 14.1056227684021
1 325 0 25743 25743 86991 15.692039489746094
0 324 1 20645 25743 86991 13.578447341918945
0 324 1 18106 21714 86991 16.203400135040283
0 324 1 10396 21714 86991 14.899657249450684
0 324 1 19696 21714 86991 13.089761018753052
1 325 0 21456 21714 86991 14.865406036376953
1 325 0 21456 21714 86991 14.81609034538269
1 325 0 21714 21714 86991 13.319121837615967
0 324 1 11108 21714 86991 14.476214170455933
1 325 0 21456 21714 86991 14.32987904548645
0 323 2 16254 21714 86991 14.417220830917358
0 324 1 14610 21714 86991 14.370514392852783
0 324 1 13700 23053 86991 13.287738561630249
0 323 2 20020 23053 86991 14.332129716873169
0 323 2 16011 23053 86991 14.211090326309204
0 324 1 16760 23053 86991 15.428175926208496
0 323 2 11532 23053 86991 13.646862983703613
0 323 2 14093 23053 86991 16.078295707702637
0 323 2 18227 23053 86991 14.189319133758545
1 325 0 23053 23053 86991 13.362179517745972
0 323 2 15420 23053 86991 14.762247323989868
0 324 1 16936 23053 86991 14.332582235336304
1 325 0 21828 23544 86991 14.982612371444702
1 325 0 21739 23544 86991 13.189386129379272
1 325 0 21974 23544 86991 14.483795166015625
1 325 0 21388 23544 86991 14.282887935638428
0 323 2 15629 23544 86991 13.125717401504517
1 325 0 21739 23544 86991 15.267591953277588
1 325 0 21974 23544 86991 14.814704895019531
1 325 0 22793 23544 86991 14.242130279541016
0 324 1 14975 23544 86991 13.351222276687622
1 325 0 21711 23544 86991 14.30833649635315
0 324 1 8736 21536 86991 15.356310844421387
0 323 2 11789 21536 86991 14.460989475250244
0 323 2 14713 21536 86991 13.573588609695435
0 323 2 15048 21536 86991 13.327385187149048
0 323 2 15639 21536 86991 14.793514490127563
0 323 2 10365 21536 86991 14.541778564453125
0 323 2 15307 21536 86991 13.459563970565796
0 324 1 10003 21536 86991 15.233803749084473
0 323 2 16007 21536 86991 14.527909755706787
1 325 0 20042 21536 86991 13.640740156173706
0 324 1 18053 22393 86991 13.375776767730713
1 325 0 21626 22393 86991 14.474719285964966
1 325 0 21538 22393 86991 14.450149059295654
1 325 0 21420 22393 86991 13.2999906539917
0 324 1 14609 22393 86991 14.55588698387146
0 324 1 14213 22393 86991 14.23172926902771
1 325 0 21626 22393 86991 14.367972135543823
1 325 0 21626 22393 86991 14.114848852157593
1 325 0 21626 22393 86991 14.26587724685669
1 325 0 22393 22393 86991 14.468372106552124
0 324 1 15871 23566 86991 14.03179669380188
0 323 2 11582 23566 86991 15.908241987228394
0 324 1 13202 23566 86991 13.130693912506104
0 323 2 15100 23566 86991 14.825986623764038
0 324 1 15500 23566 86991 14.784360408782959
0 324 1 16269 23566 86991 13.413239479064941
0 323 2 13349 23566 86991 14.830637216567993
1 325 0 23566 23566 86991 14.251039505004883
1 325 0 23566 23566 86991 16.230863571166992
0 324 1 14478 23566 86991 14.85591197013855
0 323 2 15180 26957 86991 14.248409509658813
1 325 0 26957 26957 86991 15.267393350601196
1 325 0 26957 26957 86991 14.732208251953125
1 325 0 26957 26957 86991 15.442665338516235
0 322 3 16750 26957 86991 14.158450365066528
1 325 0 24230 26957 86991 13.051567792892456
1 325 0 24230 26957 86991 14.640044927597046
1 325 0 26957 26957 86991 14.312937021255493
0 323 2 18538 26957 86991 14.900307178497314
1 325 0 26957 26957 86991 13.146211862564087
1 325 0 20940 21480 86991 14.710268259048462
0 324 1 16363 21480 86991 14.201438665390015
0 324 1 14051 21480 86991 14.244676113128662
1 325 0 21009 21480 86991 13.904551982879639
1 325 0 21480 21480 86991 13.29672384262085
1 325 0 15349 21480 86991 13.674852132797241
0 324 1 14912 21480 86991 14.361849546432495
1 325 0 20864 21480 86991 14.700992345809937
0 324 1 15252 21480 86991 13.440674304962158
1 325 0 20842 21480 86991 14.306114912033081
0 323 2 18134 27949 86991 13.380853176116943
0 324 1 18124 27949 86991 14.423787593841553
1 325 0 27949 27949 86991 14.631048917770386
0 324 1 26010 27949 86991 14.543132066726685
0 324 1 23848 27949 86991 14.761915445327759
0 324 1 17451 27949 86991 14.445374488830566
0 324 1 16107 27949 86991 13.391313076019287
0 324 1 27460 27949 86991 14.899689674377441
0 324 1 13685 27949 86991 13.255715131759644
0 324 1 18674 27949 86991 15.878670692443848
1 325 0 26072 26644 86991 14.230204582214355
1 325 0 25679 26644 86991 13.469856023788452
1 325 0 25825 26644 86991 13.91051173210144
1 325 0 25993 26644 86991 14.35610294342041
1 325 0 25738 26644 86991 16.483939170837402
1 325 0 25801 26644 86991 13.672907590866089
1 325 0 26145 26644 86991 14.21288800239563
1 325 0 25064 26644 86991 13.625899076461792
1 325 0 24834 26644 86991 15.94303274154663
1 325 0 26322 26644 86991 13.623370170593262
0 324 1 17977 22468 86991 14.570999383926392
0 324 1 17727 22468 86991 13.84917163848877
0 324 1 19111 22468 86991 14.800079584121704
0 324 1 17068 22468 86991 13.321961164474487
0 324 1 17719 22468 86991 15.713478326797485
1 325 0 19679 22468 86991 14.163595914840698
0 324 1 17357 22468 86991 14.615253686904907
0 324 1 20352 22468 86991 13.2566659450531
0 324 1 19312 22468 86991 14.909399509429932
0 324 1 21136 22468 86991 14.611452341079712
0 324 1 12954 19881 86991 13.428731203079224
1 325 0 19332 19881 86991 14.764588832855225
0 324 1 14849 19881 86991 14.434765815734863
0 324 1 14466 19881 86991 14.702296733856201
0 323 2 15335 19881 86991 13.418169975280762
0 324 1 13928 19881 86991 14.57352876663208
1 325 0 19452 19881 86991 13.3436439037323
1 325 0 18963 19881 86991 14.728058099746704
0 324 1 12220 19881 86991 14.842608451843262
1 325 0 18026 19881 86991 13.548388242721558
0 324 1 16675 23468 86991 13.52936863899231
0 324 1 16747 23468 86991 15.517215251922607
0 323 2 10341 23468 86991 13.666808366775513
1 325 0 23326 23468 86991 14.662046432495117
0 324 1 18988 23468 86991 13.43550705909729
0 324 1 12592 23468 86991 14.641223192214966
0 324 1 17279 23468 86991 13.714306116104126
0 324 1 18514 23468 86991 13.360029935836792
0 323 2 11357 23468 86991 14.914953470230103
0 324 1 17311 23468 86991 14.605667114257812
0 324 1 12462 18847 86991 15.483927249908447
0 324 1 11456 18847 86991 13.638288736343384
0 324 1 11791 18847 86991 17.335035800933838
0 324 1 14254 18847 86991 18.130291223526
0 324 1 16164 18847 86991 14.474290132522583
0 324 1 11454 18847 86991 14.321681499481201
0 324 1 13811 18847 86991 15.148712873458862
0 324 1 16500 18847 86991 14.306465864181519
0 324 1 16161 18847 86991 13.296988487243652
0 324 1 13359 18847 86991 14.637456893920898
0 323 2 15493 25239 86991 14.252756118774414
0 324 1 18520 25239 86991 13.569567918777466
1 325 0 25239 25239 86991 14.342461585998535
0 323 2 23221 25239 86991 14.274049282073975
0 324 1 15494 25239 86991 13.65251874923706
0 324 1 17850 25239 86991 14.928937911987305
0 324 1 15497 25239 86991 13.400530815124512
0 323 2 22553 25239 86991 14.477232694625854
0 324 1 18185 25239 86991 14.459720849990845
0 323 2 16506 25239 86991 14.594370365142822
1 325 0 18349 26636 86991 14.386682271957397
1 325 0 18349 26636 86991 14.708063840866089
1 325 0 26411 26636 86991 13.225986957550049
1 325 0 18349 26636 86991 13.611981630325317
0 324 1 20300 26636 86991 13.585124254226685
1 325 0 26391 26636 86991 14.491662979125977
0 324 1 18541 26636 86991 13.62448000907898
0 324 1 11964 26636 86991 14.570433616638184
0 323 2 17091 26636 86991 13.405109405517578
0 324 1 15795 26636 86991 16.193472862243652
1 325 0 21064 21982 86991 13.670151948928833
1 325 0 21300 21982 86991 13.734619140625
1 325 0 21597 21982 86991 13.979366302490234
1 325 0 21824 21982 86991 13.379260301589966
0 324 1 17804 21982 86991 15.616039514541626
1 325 0 20000 21982 86991 13.584197998046875
1 325 0 21616 21982 86991 14.18522024154663
1 325 0 20998 21982 86991 13.96951961517334
1 325 0 21241 21982 86991 14.814859628677368
1 325 0 21519 21982 86991 13.49216604232788
1 325 0 20251 21274 86991 13.365191459655762
1 325 0 20070 21274 86991 15.84658670425415
1 325 0 20778 21274 86991 13.450003147125244
1 325 0 20703 21274 86991 13.947564363479614
1 325 0 20515 21274 86991 13.748164415359497
1 325 0 21274 21274 86991 13.535783529281616
1 325 0 21153 21274 86991 14.004606246948242
1 325 0 20778 21274 86991 14.018569946289062
0 324 1 18729 21274 86991 13.514379501342773
1 325 0 21274 21274 86991 15.161524057388306
1 325 0 25036 25036 86991 13.97323489189148
0 324 1 20664 25036 86991 13.627055168151855
1 325 0 25036 25036 86991 13.57976222038269
1 325 0 25036 25036 86991 15.232162475585938
0 324 1 17175 25036 86991 13.621952295303345
0 324 1 17061 25036 86991 14.645030498504639
0 324 1 18182 25036 86991 13.639317750930786
1 325 0 25036 25036 86991 14.721827030181885
1 325 0 25036 25036 86991 13.558820486068726
0 324 1 21013 25036 86991 15.703729629516602
0 324 1 22306 29209 86991 13.354976177215576
0 324 1 20100 29209 86991 15.517051935195923
0 324 1 23579 29209 86991 13.385571718215942
0 324 1 18045 29209 86991 13.468398571014404
0 324 1 21441 29209 86991 13.481319904327393
0 324 1 24130 29209 86991 13.487904071807861
0 324 1 20902 29209 86991 13.457464694976807
0 324 1 20085 29209 86991 13.49617052078247
0 324 1 16642 29209 86991 13.282678842544556
0 324 1 22367 29209 86991 15.166147232055664
0 324 1 26892 29616 86991 13.394381284713745
0 324 1 13641 29616 86991 14.265978336334229
0 323 2 20199 29616 86991 13.341578722000122
0 324 1 14816 29616 86991 13.749303817749023
0 324 1 14581 29616 86991 13.37567663192749
0 324 1 13401 29616 86991 13.583580493927002
0 324 1 15152 29616 86991 15.285581350326538
0 324 1 16163 29616 86991 13.388058185577393
0 324 1 20802 29616 86991 14.95632791519165
0 324 1 25851 29616 86991 13.57150411605835
1 325 0 22174 23116 86991 14.274591207504272
1 325 0 23063 23116 86991 13.413212060928345
1 325 0 22085 23116 86991 14.33413052558899
1 325 0 22845 23116 86991 13.507679224014282
1 325 0 22572 23116 86991 15.836589097976685
1 325 0 22390 23116 86991 13.328460454940796
1 325 0 22607 23116 86991 13.366718053817749
1 325 0 22899 23116 86991 14.667909622192383
0 324 1 17977 23116 86991 14.81704330444336
1 325 0 22941 23116 86991 13.331211805343628
0 324 1 16803 21962 86991 15.864246368408203
0 324 1 17536 21962 86991 13.416722536087036
0 324 1 16470 21962 86991 13.623937606811523
1 325 0 21962 21962 86991 13.763300657272339
0 324 1 14295 21962 86991 14.881012439727783
0 324 1 20439 21962 86991 13.76723575592041
0 324 1 17181 21962 86991 13.464229106903076
0 324 1 17292 21962 86991 16.250288724899292
0 324 1 15738 21962 86991 13.449958324432373
1 325 0 20338 21962 86991 13.981980562210083
1 325 0 20430 22554 86991 14.364514589309692
1 325 0 19803 22554 86991 13.271752119064331
1 325 0 15274 22554 86991 14.071604490280151
1 325 0 21336 22554 86991 14.323247909545898
1 325 0 21438 22554 86991 13.724173545837402
1 325 0 21588 22554 86991 14.05501651763916
1 325 0 21358 22554 86991 13.080340385437012
1 325 0 22235 22554 86991 15.424698114395142
0 324 1 14893 22554 86991 13.277058839797974
1 325 0 22235 22554 86991 14.329170227050781
