0 317 8 16297 26573 895 0.14090180397033691
0 316 9 13030 26573 895 0.13986921310424805
0 313 12 15253 26573 895 0.13977646827697754
0 314 11 18266 26573 895 0.13045597076416016
0 317 8 15523 26573 895 0.14423203468322754
0 319 6 12960 26573 895 0.13585162162780762
0 316 9 14135 26573 895 0.15821218490600586
0 315 10 15367 26573 895 0.1430199146270752
0 315 10 17901 26573 895 0.16723394393920898
0 314 11 12246 26573 895 0.13490080833435059
0 318 7 15259 18638 895 0.13816452026367188
0 319 6 14845 18638 895 0.1471097469329834
0 318 7 11200 18638 895 0.15193676948547363
0 318 7 10103 18638 895 0.13984227180480957
0 316 9 12625 18638 895 0.14242339134216309
0 320 5 16240 18638 895 0.1529862880706787
0 318 7 13041 18638 895 0.15506482124328613
0 317 8 14778 18638 895 0.12923598289489746
0 316 9 14115 18638 895 0.13378119468688965
0 317 8 11541 18638 895 0.134263277053833
0 319 6 17534 24430 895 0.2769780158996582
0 316 9 14922 24430 895 0.2515835762023926
0 317 8 17720 24430 895 0.13125872611999512
0 316 9 18047 24430 895 0.140061616897583
0 317 8 17028 24430 895 0.1287527084350586
0 313 12 17016 24430 895 0.19965505599975586
0 319 6 21722 24430 895 0.13076066970825195
0 314 11 13079 24430 895 0.13239598274230957
0 317 8 20214 24430 895 0.12710905075073242
0 320 5 21304 24430 895 0.16387104988098145
0 317 8 14033 26137 895 0.13047552108764648
0 317 8 11348 26137 895 0.13117289543151855
0 318 7 15382 26137 895 0.12848925590515137
0 313 12 10337 26137 895 0.13756847381591797
0 314 11 13698 26137 895 0.13267827033996582
0 315 10 10897 26137 895 0.14700865745544434
0 314 11 17740 26137 895 0.1451854705810547
0 316 9 15723 26137 895 0.13246965408325195
0 319 6 11683 26137 895 0.13695025444030762
0 317 8 16391 26137 895 0.13039565086364746
0 315 10 18032 24689 895 0.14483141899108887
0 319 6 16895 24689 895 0.13769173622131348
0 321 4 14761 24689 895 0.12752580642700195
0 322 3 20422 24689 895 0.1311039924621582
0 319 6 18745 24689 895 0.13216280937194824
0 316 9 14522 24689 895 0.12801146507263184
0 316 9 15224 24689 895 0.131028413772583
0 317 8 19736 24689 895 0.1633744239807129
0 319 6 17328 24689 895 0.12941527366638184
0 314 11 15291 24689 895 0.1341540813446045
0 319 6 15412 24016 895 0.13248896598815918
0 315 10 10508 24016 895 0.12739181518554688
0 318 7 10221 24016 895 0.12657785415649414
0 315 10 19781 24016 895 0.1305692195892334
0 319 6 16234 24016 895 0.12981414794921875
0 317 8 10689 24016 895 0.12807464599609375
0 312 13 12949 24016 895 0.12679529190063477
0 315 10 14474 24016 895 0.12604355812072754
0 315 10 16040 24016 895 0.12767577171325684
0 317 8 12928 24016 895 0.13035249710083008
0 317 8 14588 26123 895 0.1258091926574707
0 317 8 15679 26123 895 0.13916635513305664
0 318 7 16103 26123 895 0.13030195236206055
0 313 12 19205 26123 895 0.1252152919769287
0 317 8 14040 26123 895 0.12937188148498535
0 317 8 18486 26123 895 0.13051962852478027
0 316 9 17192 26123 895 0.12296390533447266
0 315 10 15652 26123 895 0.12868833541870117
0 316 9 13418 26123 895 0.15993547439575195
0 318 7 13178 26123 895 0.13028955459594727
0 318 7 12486 25071 895 0.13044023513793945
0 316 9 14870 25071 895 0.13183856010437012
0 315 10 17795 25071 895 0.12790679931640625
0 316 9 17283 25071 895 0.12816500663757324
0 314 11 14988 25071 895 0.12259674072265625
0 316 9 16539 25071 895 0.13011455535888672
0 315 10 12836 25071 895 0.1326444149017334
0 318 7 15077 25071 895 0.13060760498046875
0 316 9 14837 25071 895 0.12696075439453125
0 318 7 12183 25071 895 0.13378119468688965
0 319 6 14464 21278 895 0.13650226593017578
0 318 7 14315 21278 895 0.13164305686950684
0 318 7 11884 21278 895 0.13463616371154785
0 317 8 14160 21278 895 0.13066792488098145
0 316 9 13270 21278 895 0.14374041557312012
0 317 8 12052 21278 895 0.14563393592834473
0 317 8 14902 21278 895 0.13633990287780762
0 316 9 13186 21278 895 0.15358185768127441
0 317 8 13917 21278 895 0.21541810035705566
0 317 8 12762 21278 895 0.2207491397857666
0 315 10 12252 22180 895 0.1383516788482666
0 316 9 18674 22180 895 0.1296098232269287
0 316 9 13335 22180 895 0.20221924781799316
0 317 8 12765 22180 895 0.13687443733215332
0 315 10 14677 22180 895 0.14008569717407227
0 319 6 14189 22180 895 0.22362327575683594
0 315 10 15034 22180 895 0.2309098243713379
0 312 13 13896 22180 895 0.13646793365478516
0 318 7 13176 22180 895 0.12839746475219727
0 318 7 12739 22180 895 0.12952494621276855
0 315 10 12243 25800 895 0.13293766975402832
0 314 11 14042 25800 895 0.13245081901550293
0 316 9 17960 25800 895 0.13929319381713867
0 312 13 15610 25800 895 0.1305835247039795
0 313 12 11345 25800 895 0.1352710723876953
0 313 12 16275 25800 895 0.14035868644714355
0 314 11 17625 25800 895 0.129166841506958
0 315 10 9214 25800 895 0.1315295696258545
0 312 13 12924 25800 895 0.18176984786987305
0 317 8 14594 25800 895 0.13335251808166504
0 316 9 13402 20466 895 0.13291430473327637
0 315 10 14529 20466 895 0.13010048866271973
0 313 12 11821 20466 895 0.1273806095123291
0 317 8 12890 20466 895 0.1280052661895752
0 317 8 15434 20466 895 0.14410138130187988
0 316 9 13385 20466 895 0.14142489433288574
0 319 6 14151 20466 895 0.14386439323425293
0 314 11 15698 20466 895 0.12584376335144043
0 314 11 10274 20466 895 0.12885737419128418
0 315 10 10890 20466 895 0.13331842422485352
0 316 9 21826 31523 895 0.12502121925354004
0 320 5 25749 31523 895 0.13918495178222656
0 318 7 21714 31523 895 0.12904071807861328
0 322 3 21546 31523 895 0.1280839443206787
0 316 9 18965 31523 895 0.13258075714111328
0 319 6 21434 31523 895 0.13401079177856445
0 314 11 17509 31523 895 0.1267235279083252
0 315 10 14986 31523 895 0.1298823356628418
0 318 7 18073 31523 895 0.13011837005615234
0 317 8 21380 31523 895 0.16384315490722656
0 313 12 16191 28700 895 0.13393115997314453
0 313 12 15296 28700 895 0.1324753761291504
0 311 14 18920 28700 895 0.132155179977417
0 315 10 19633 28700 895 0.13171172142028809
0 315 10 18251 28700 895 0.1319563388824463
0 320 5 22648 28700 895 0.1365504264831543
0 319 6 15630 28700 895 0.1296532154083252
0 316 9 18337 28700 895 0.12987875938415527
0 311 14 17362 28700 895 0.1293783187866211
0 319 6 22969 28700 895 0.13473820686340332
0 316 9 18547 24729 895 0.13883113861083984
0 314 11 18368 24729 895 0.1292707920074463
0 318 7 12681 24729 895 0.13492321968078613
0 316 9 15754 24729 895 0.13358330726623535
0 320 5 17981 24729 895 0.13114404678344727
0 317 8 16502 24729 895 0.1322460174560547
0 316 9 19599 24729 895 0.1296846866607666
0 312 13 16867 24729 895 0.12992191314697266
0 312 13 16214 24729 895 0.13096141815185547
0 315 10 15239 24729 895 0.14737868309020996
0 319 6 16173 22975 895 0.13227510452270508
0 315 10 15078 22975 895 0.13002991676330566
0 316 9 10733 22975 895 0.12724995613098145
0 319 6 11261 22975 895 0.13268446922302246
0 319 6 13778 22975 895 0.1283130645751953
0 315 10 15702 22975 895 0.13592052459716797
0 316 9 14608 22975 895 0.14037322998046875
0 321 4 19089 22975 895 0.1455397605895996
0 315 10 16969 22975 895 0.1331801414489746
0 319 6 18292 22975 895 0.14085006713867188
0 313 12 13948 20396 895 0.13444995880126953
0 315 10 9730 20396 895 0.13807392120361328
0 318 7 11174 20396 895 0.1442866325378418
0 315 10 12034 20396 895 0.14150309562683105
0 320 5 15270 20396 895 0.14146041870117188
0 314 11 13342 20396 895 0.13083171844482422
0 313 12 11398 20396 895 0.13863492012023926
0 319 6 13976 20396 895 0.14069294929504395
0 318 7 12507 20396 895 0.14011120796203613
0 317 8 10253 20396 895 0.12679100036621094
0 318 7 24842 28737 895 0.13394665718078613
0 317 8 17327 28737 895 0.1322495937347412
0 315 10 22317 28737 895 0.12541985511779785
0 317 8 20505 28737 895 0.12612032890319824
0 321 4 22578 28737 895 0.15053653717041016
0 320 5 22017 28737 895 0.12584137916564941
0 320 5 21891 28737 895 0.12832427024841309
0 318 7 20251 28737 895 0.13211870193481445
0 318 7 24219 28737 895 0.12392902374267578
0 319 6 20375 28737 895 0.1259632110595703
0 318 7 11386 19184 895 0.1346876621246338
0 319 6 12149 19184 895 0.12873625755310059
0 316 9 10249 19184 895 0.13266921043395996
0 321 4 11447 19184 895 0.12975072860717773
0 320 5 14643 19184 895 0.13097906112670898
0 317 8 12908 19184 895 0.1575756072998047
0 318 7 12598 19184 895 0.14563441276550293
0 318 7 11603 19184 895 0.13462400436401367
0 317 8 11106 19184 895 0.12535667419433594
0 318 7 11124 19184 895 0.1229088306427002
0 320 5 16034 20380 895 0.13098931312561035
0 318 7 14592 20380 895 0.14699673652648926
0 320 5 14605 20380 895 0.21739840507507324
0 318 7 13488 20380 895 0.2340695858001709
0 315 10 14119 20380 895 0.24310660362243652
0 314 11 11167 20380 895 0.2582528591156006
0 321 4 14743 20380 895 0.126784086227417
0 318 7 13061 20380 895 0.13167667388916016
0 315 10 13343 20380 895 0.1286625862121582
0 318 7 15148 20380 895 0.12694072723388672
0 319 6 13635 25348 895 0.13023924827575684
0 318 7 14778 25348 895 0.13509249687194824
0 316 9 15216 25348 895 0.12557291984558105
0 320 5 14838 25348 895 0.1326906681060791
0 319 6 15001 25348 895 0.1304781436920166
0 321 4 15409 25348 895 0.12659907341003418
0 321 4 20134 25348 895 0.12791800498962402
0 317 8 15389 25348 895 0.13009929656982422
0 316 9 18737 25348 895 0.1255795955657959
0 318 7 18352 25348 895 0.12795519828796387
0 314 11 8381 16731 895 0.1412489414215088
0 317 8 11744 16731 895 0.1242678165435791
0 317 8 10609 16731 895 0.1270153522491455
0 316 9 9004 16731 895 0.12927675247192383
0 317 8 11589 16731 895 0.12653684616088867
0 317 8 10164 16731 895 0.12789320945739746
0 317 8 11156 16731 895 0.1299431324005127
0 316 9 12226 16731 895 0.12680554389953613
0 317 8 10810 16731 895 0.13587093353271484
0 318 7 12199 16731 895 0.12948131561279297
0 319 6 13415 26931 895 0.1568899154663086
0 321 4 17390 26931 895 0.13499021530151367
0 318 7 20250 26931 895 0.13315868377685547
0 317 8 15609 26931 895 0.1455538272857666
0 317 8 16721 26931 895 0.13576054573059082
0 316 9 16702 26931 895 0.1400747299194336
0 316 9 17213 26931 895 0.2136855125427246
0 317 8 16631 26931 895 0.13962960243225098
0 319 6 17939 26931 895 0.14773201942443848
0 316 9 20383 26931 895 0.13967204093933105
0 314 11 13601 22741 895 0.16059637069702148
0 317 8 11049 22741 895 0.12999868392944336
0 314 11 13941 22741 895 0.13895773887634277
0 313 12 15287 22741 895 0.15541458129882812
0 318 7 13477 22741 895 0.2514379024505615
0 317 8 12401 22741 895 0.16043543815612793
0 314 11 11929 22741 895 0.1983649730682373
0 318 7 16695 22741 895 0.1315157413482666
0 317 8 12259 22741 895 0.19073200225830078
0 316 9 16425 22741 895 0.15921711921691895
0 316 9 14552 26208 895 0.23150372505187988
0 314 11 15525 26208 895 0.14154505729675293
0 316 9 9260 26208 895 0.13841986656188965
0 312 13 13456 26208 895 0.12789249420166016
0 317 8 17353 26208 895 0.12890148162841797
0 317 8 15394 26208 895 0.13284611701965332
0 321 4 18776 26208 895 0.12553834915161133
0 315 10 13656 26208 895 0.13395333290100098
0 319 6 13823 26208 895 0.13370609283447266
0 317 8 17173 26208 895 0.12745094299316406
0 316 9 15372 25279 895 0.13138985633850098
0 319 6 10310 25279 895 0.13243961334228516
0 317 8 15087 25279 895 0.1258256435394287
0 319 6 11553 25279 895 0.12838196754455566
0 319 6 19439 25279 895 0.1373424530029297
0 319 6 17051 25279 895 0.1425487995147705
0 311 14 19056 25279 895 0.13333487510681152
0 313 12 16798 25279 895 0.14500784873962402
0 321 4 16620 25279 895 0.12719225883483887
0 317 8 17361 25279 895 0.1320657730102539
0 318 7 13949 20455 895 0.13031268119812012
0 323 2 13657 20455 895 0.12456679344177246
0 321 4 17004 20455 895 0.12798571586608887
0 312 13 13804 20455 895 0.1358950138092041
0 321 4 13086 20455 895 0.13187241554260254
0 317 8 12815 20455 895 0.24739623069763184
0 319 6 13763 20455 895 0.24291038513183594
0 313 12 13106 20455 895 0.21796822547912598
0 317 8 12127 20455 895 0.12366390228271484
0 314 11 11698 20455 895 0.12874817848205566
0 314 11 14223 20186 895 0.15275216102600098
0 315 10 11454 20186 895 0.12689900398254395
0 316 9 12989 20186 895 0.13592958450317383
0 317 8 15285 20186 895 0.13176417350769043
0 313 12 16235 20186 895 0.12754297256469727
0 318 7 16053 20186 895 0.128401517868042
0 317 8 15958 20186 895 0.1313939094543457
0 318 7 10171 20186 895 0.12680268287658691
0 315 10 10938 20186 895 0.13614273071289062
0 318 7 14390 20186 895 0.13033008575439453
0 314 11 15497 27711 895 0.1335303783416748
0 313 12 15787 27711 895 0.13104939460754395
0 317 8 12317 27711 895 0.13488149642944336
0 318 7 14078 27711 895 0.20543551445007324
0 315 10 17784 27711 895 0.13652634620666504
0 314 11 16238 27711 895 0.1543588638305664
0 316 9 16450 27711 895 0.12754392623901367
0 316 9 16559 27711 895 0.1289670467376709
0 313 12 13025 27711 895 0.13775849342346191
0 315 10 19157 27711 895 0.12284588813781738
0 315 10 18185 27933 895 0.1308913230895996
0 315 10 13142 27933 895 0.19160938262939453
0 316 9 19196 27933 895 0.12444877624511719
0 315 10 19197 27933 895 0.13516497611999512
0 313 12 20653 27933 895 0.13407444953918457
0 315 10 15490 27933 895 0.12403559684753418
0 313 12 15839 27933 895 0.1535491943359375
0 317 8 16954 27933 895 0.13222885131835938
0 311 14 12014 27933 895 0.12749552726745605
0 317 8 14151 27933 895 0.13171648979187012
0 316 9 18406 27370 895 0.15894865989685059
0 316 9 17551 27370 895 0.1248161792755127
0 318 7 15642 27370 895 0.13615989685058594
0 323 2 14861 27370 895 0.1366426944732666
0 320 5 21242 27370 895 0.12209057807922363
0 317 8 20684 27370 895 0.12692904472351074
0 317 8 15529 27370 895 0.1437244415283203
0 317 8 16500 27370 895 0.12670516967773438
0 320 5 14525 27370 895 0.12811517715454102
0 317 8 13813 27370 895 0.13670134544372559
0 318 7 16953 25801 895 0.12558555603027344
0 312 13 13749 25801 895 0.1338515281677246
0 310 15 15938 25801 895 0.1351032257080078
0 314 11 14092 25801 895 0.13089466094970703
0 314 11 14144 25801 895 0.13187241554260254
0 314 11 15444 25801 895 0.14011907577514648
0 318 7 11507 25801 895 0.12632369995117188
0 313 12 13813 25801 895 0.12845396995544434
0 313 12 10560 25801 895 0.12917637825012207
0 311 14 13590 25801 895 0.1275005340576172
0 315 10 15376 25506 895 0.12909460067749023
0 315 10 12295 25506 895 0.1326909065246582
0 314 11 13952 25506 895 0.16283845901489258
0 308 17 11485 25506 895 0.13800811767578125
0 316 9 19383 25506 895 0.22464752197265625
0 317 8 18806 25506 895 0.20147299766540527
0 318 7 15564 25506 895 0.2002403736114502
0 317 8 18402 25506 895 0.1366875171661377
0 318 7 19291 25506 895 0.1313772201538086
0 316 9 13425 25506 895 0.143477201461792
0 314 11 13923 24453 895 0.13597869873046875
0 311 14 15048 24453 895 0.19700098037719727
0 317 8 15051 24453 895 0.13147830963134766
0 318 7 19305 24453 895 0.13721752166748047
0 315 10 15050 24453 895 0.12954282760620117
0 320 5 15269 24453 895 0.12816357612609863
0 315 10 15938 24453 895 0.1347191333770752
0 316 9 20427 24453 895 0.12714624404907227
0 318 7 14369 24453 895 0.13220834732055664
0 319 6 16389 24453 895 0.13272809982299805
0 318 7 11930 24296 895 0.12457418441772461
0 316 9 15737 24296 895 0.14170026779174805
0 314 11 9686 24296 895 0.1480247974395752
0 316 9 13521 24296 895 0.18306803703308105
0 314 11 12783 24296 895 0.2578914165496826
0 314 11 14392 24296 895 0.2273404598236084
0 313 12 7488 24296 895 0.18487143516540527
0 317 8 10160 24296 895 0.14757633209228516
0 317 8 13965 24296 895 0.13318943977355957
0 317 8 17287 24296 895 0.16738080978393555
0 313 12 13809 25576 895 0.23765277862548828
0 309 16 10330 25576 895 0.22521328926086426
0 315 10 14822 25576 895 0.1508622169494629
0 317 8 14489 25576 895 0.1404097080230713
0 317 8 18628 25576 895 0.15228748321533203
0 315 10 15495 25576 895 0.14389824867248535
0 319 6 16498 25576 895 0.22817349433898926
0 318 7 15151 25576 895 0.15420126914978027
0 309 16 15269 25576 895 0.14310717582702637
0 317 8 14821 25576 895 0.14065241813659668
0 311 14 11832 24792 895 0.14492082595825195
0 321 4 17048 24792 895 0.14316153526306152
0 314 11 14563 24792 895 0.18559718132019043
0 317 8 17839 24792 895 0.14696216583251953
0 319 6 13574 24792 895 0.14340996742248535
0 318 7 16425 24792 895 0.1416459083557129
0 315 10 14236 24792 895 0.14295268058776855
0 319 6 14762 24792 895 0.1763019561767578
0 314 11 17163 24792 895 0.15174198150634766
0 318 7 15256 24792 895 0.16071057319641113
0 313 12 16787 24777 895 0.24090075492858887
0 321 4 19597 24777 895 0.21483564376831055
0 315 10 21249 24777 895 0.1388869285583496
0 313 12 16891 24777 895 0.14177942276000977
0 317 8 15584 24777 895 0.15187788009643555
0 317 8 19908 24777 895 0.14526748657226562
0 319 6 16074 24777 895 0.13945364952087402
0 316 9 15727 24777 895 0.14292335510253906
0 318 7 18716 24777 895 0.18242597579956055
0 315 10 12919 24777 895 0.263714075088501
0 314 11 12462 23558 895 0.3892555236816406
0 314 11 11962 23558 895 0.2698221206665039
0 316 9 11455 23558 895 0.2581448554992676
0 312 13 11792 23558 895 0.17130208015441895
0 318 7 11955 23558 895 0.12995481491088867
0 317 8 11116 23558 895 0.15337395668029785
0 315 10 13809 23558 895 0.1356205940246582
0 313 12 13645 23558 895 0.1408069133758545
0 318 7 14649 23558 895 0.18713116645812988
0 318 7 18010 23558 895 0.1467576026916504
0 319 6 13121 24209 895 0.13452386856079102
0 318 7 11593 24209 895 0.13205790519714355
0 318 7 11897 24209 895 0.12501144409179688
0 320 5 16874 24209 895 0.13024258613586426
0 314 11 11775 24209 895 0.13733434677124023
0 317 8 12901 24209 895 0.12995219230651855
0 317 8 13124 24209 895 0.13302993774414062
0 323 2 19488 24209 895 0.2088935375213623
0 320 5 18035 24209 895 0.12824702262878418
0 311 14 15072 24209 895 0.13019585609436035
0 315 10 14483 25239 895 0.1387019157409668
0 318 7 15497 25239 895 0.12904977798461914
0 317 8 14824 25239 895 0.13833355903625488
0 318 7 17511 25239 895 0.132857084274292
0 317 8 18522 25239 895 0.12774443626403809
0 314 11 14492 25239 895 0.1338798999786377
0 315 10 14825 25239 895 0.1328730583190918
0 317 8 12802 25239 895 0.13351702690124512
0 317 8 20198 25239 895 0.12576055526733398
0 316 9 13139 25239 895 0.13268017768859863
0 312 13 12426 20031 895 0.1363987922668457
0 321 4 14215 20031 895 0.13334012031555176
0 318 7 15526 20031 895 0.13573741912841797
0 317 8 14299 20031 895 0.1357405185699463
0 319 6 17519 20031 895 0.12705779075622559
0 319 6 13041 20031 895 0.13903427124023438
0 314 11 12952 20031 895 0.1296231746673584
0 317 8 14603 20031 895 0.12766408920288086
0 316 9 18183 20031 895 0.13358688354492188
0 319 6 13072 20031 895 0.12966060638427734
0 314 11 12283 23576 895 0.13188958168029785
0 317 8 14130 23576 895 0.1326465606689453
0 319 6 16453 23576 895 0.13731074333190918
0 317 8 18848 23576 895 0.14050936698913574
0 317 8 16073 23576 895 0.1313471794128418
0 314 11 12632 23576 895 0.13498759269714355
0 316 9 14854 23576 895 0.13084673881530762
0 318 7 14121 23576 895 0.13417410850524902
0 318 7 12598 23576 895 0.12993168830871582
0 318 7 16313 23576 895 0.12940406799316406
0 317 8 13227 22467 895 0.14580559730529785
0 314 11 14793 22467 895 0.13391733169555664
0 313 12 12492 22467 895 0.14213204383850098
0 319 6 11955 22467 895 0.12774395942687988
0 316 9 13163 22467 895 0.1338670253753662
0 318 7 15946 22467 895 0.13734698295593262
0 321 4 14192 22467 895 0.13508844375610352
0 318 7 12087 22467 895 0.13550806045532227
0 318 7 15052 22467 895 0.12813830375671387
0 319 6 12529 22467 895 0.133742094039917
0 316 9 13136 27932 895 0.13730645179748535
0 316 9 13476 27932 895 0.1380019187927246
0 316 9 19085 27932 895 0.12910747528076172
0 316 9 16056 27932 895 0.13201189041137695
0 315 10 15152 27932 895 0.1301884651184082
0 317 8 19871 27932 895 0.1274430751800537
0 315 10 17398 27932 895 0.1373908519744873
0 317 8 16508 27932 895 0.13851189613342285
0 315 10 17518 27932 895 0.1318354606628418
0 318 7 21103 27932 895 0.14063501358032227
0 314 11 18486 24488 895 0.13452982902526855
0 314 11 15446 24488 895 0.1317441463470459
0 317 8 12377 24488 895 0.135040283203125
0 312 13 10594 24488 895 0.13824963569641113
0 320 5 20126 24488 895 0.12958836555480957
0 313 12 16293 24488 895 0.13830947875976562
0 317 8 15067 24488 895 0.1394209861755371
0 313 12 13073 24488 895 0.12740182876586914
0 310 15 17228 24488 895 0.13317227363586426
0 316 9 16138 24488 895 0.13316011428833008
0 310 15 12918 26586 895 0.12777352333068848
0 317 8 14151 26586 895 0.13038349151611328
0 319 6 15266 26586 895 0.1382453441619873
0 316 9 16841 26586 895 0.12607383728027344
0 316 9 19309 26586 895 0.13376402854919434
0 318 7 18190 26586 895 0.13580083847045898
0 316 9 13477 26586 895 0.1300945281982422
0 318 7 14156 26586 895 0.13745331764221191
0 315 10 17292 26586 895 0.12808585166931152
0 318 7 18189 26586 895 0.13336920738220215
0 313 12 12798 22234 895 0.13518381118774414
0 317 8 13961 22234 895 0.14056062698364258
0 317 8 12399 22234 895 0.12762212753295898
0 314 11 13212 22234 895 0.13129734992980957
0 314 11 13986 22234 895 0.13088393211364746
0 317 8 10770 22234 895 0.13818955421447754
0 320 5 13268 22234 895 0.12532854080200195
0 314 11 10682 22234 895 0.1670989990234375
0 316 9 15351 22234 895 0.1397390365600586
0 318 7 13581 22234 895 0.16093683242797852
0 316 9 17622 25119 895 0.13020658493041992
0 319 6 17872 25119 895 0.19901013374328613
0 316 9 13482 25119 895 0.22464728355407715
0 315 10 12926 25119 895 0.20873117446899414
0 318 7 18894 25119 895 0.1448960304260254
0 317 8 17742 25119 895 0.14165925979614258
0 318 7 18435 25119 895 0.13788986206054688
0 313 12 21485 25119 895 0.12939119338989258
0 315 10 14498 25119 895 0.13135933876037598
0 318 7 20040 25119 895 0.13666367530822754
0 317 8 12759 21131 895 0.13074398040771484
0 317 8 13313 21131 895 0.12671256065368652
0 313 12 15002 21131 895 0.13513994216918945
0 315 10 14861 21131 895 0.16391587257385254
0 318 7 12422 21131 895 0.13037753105163574
0 312 13 12402 21131 895 0.1297001838684082
0 316 9 16538 21131 895 0.1282036304473877
0 319 6 15163 21131 895 0.13057446479797363
0 317 8 14063 21131 895 0.18332695960998535
0 313 12 11986 21131 895 0.21385693550109863
0 312 13 20427 25800 895 0.1388719081878662
0 318 7 16056 25800 895 0.13582515716552734
0 315 10 18748 25800 895 0.12665343284606934
0 314 11 15381 25800 895 0.1402571201324463
0 318 7 15380 25800 895 0.12972259521484375
0 320 5 17847 25800 895 0.12973451614379883
0 318 7 18970 25800 895 0.13284778594970703
0 317 8 14932 25800 895 0.13934874534606934
0 317 8 12239 25800 895 0.12706303596496582
0 315 10 13699 25800 895 0.13251423835754395
0 317 8 14849 22534 895 0.14210939407348633
0 311 14 14013 22534 895 0.12788176536560059
0 320 5 13461 22534 895 0.17132949829101562
0 315 10 12486 22534 895 0.13248920440673828
0 318 7 15271 22534 895 0.12831330299377441
0 315 10 12359 22534 895 0.12938857078552246
0 314 11 16730 22534 895 0.12498617172241211
0 314 11 12174 22534 895 0.13620781898498535
0 317 8 15503 22534 895 0.1309804916381836
0 319 6 12812 22534 895 0.13649439811706543
0 315 10 16501 22436 895 0.13962244987487793
0 318 7 13707 22436 895 0.12834572792053223
0 319 6 12136 22436 895 0.13477396965026855
0 315 10 12018 22436 895 0.13357305526733398
0 319 6 14480 22436 895 0.13094019889831543
0 316 9 12362 22436 895 0.13162612915039062
0 312 13 8769 22436 895 0.13597536087036133
0 317 8 14152 22436 895 0.12780237197875977
0 319 6 18078 22436 895 0.13708138465881348
0 312 13 15722 22436 895 0.13873505592346191
0 315 10 13797 28282 895 0.1731419563293457
0 316 9 14666 28282 895 0.15436387062072754
0 317 8 16913 28282 895 0.13977694511413574
0 318 7 13994 28282 895 0.13622593879699707
0 315 10 14897 28282 895 0.13485932350158691
0 321 4 16831 28282 895 0.14146089553833008
0 317 8 13162 28282 895 0.14802789688110352
0 319 6 15354 28282 895 0.12921524047851562
0 321 4 21690 28282 895 0.1296677589416504
0 320 5 20116 28282 895 0.1377568244934082
0 316 9 15699 29228 895 0.20728707313537598
0 317 8 16310 29228 895 0.12336277961730957
0 319 6 19104 29228 895 0.1284499168395996
0 322 3 21687 29228 895 0.13620448112487793
0 319 6 15662 29228 895 0.12791919708251953
0 321 4 23575 29228 895 0.1349189281463623
0 320 5 21630 29228 895 0.13554072380065918
0 318 7 21532 29228 895 0.12917733192443848
0 316 9 23743 29228 895 0.1377718448638916
0 316 9 18720 29228 895 0.13202166557312012
0 317 8 18441 26883 895 0.137345552444458
0 318 7 19078 26883 895 0.12933349609375
0 317 8 14518 26883 895 0.1338808536529541
0 319 6 17815 26883 895 0.13142919540405273
0 316 9 14038 26883 895 0.12978196144104004
0 318 7 16384 26883 895 0.1392674446105957
0 322 3 19147 26883 895 0.1268610954284668
0 315 10 16130 26883 895 0.13872432708740234
0 317 8 18295 26883 895 0.13764238357543945
0 318 7 17174 26883 895 0.1328423023223877
0 317 8 12771 24256 895 0.1300654411315918
0 318 7 15578 24256 895 0.1376171112060547
0 318 7 18503 24256 895 0.12601685523986816
0 317 8 13551 24256 895 0.1282205581665039
0 320 5 13664 24256 895 0.1421668529510498
0 316 9 16065 24256 895 0.12811946868896484
0 315 10 12034 24256 895 0.1355907917022705
0 312 13 11376 24256 895 0.13464975357055664
0 314 11 15236 24256 895 0.13191747665405273
0 315 10 15506 24256 895 0.13135576248168945
0 316 9 10402 23820 895 0.13112854957580566
0 317 8 12752 23820 895 0.13343119621276855
0 319 6 11111 23820 895 0.13112425804138184
0 315 10 15580 23820 895 0.13695764541625977
0 316 9 19694 23820 895 0.15688419342041016
0 315 10 11276 23820 895 0.1408674716949463
0 317 8 11410 23820 895 0.1427304744720459
0 316 9 20723 23820 895 0.13431191444396973
0 314 11 12666 23820 895 0.1331946849822998
0 316 9 12838 23820 895 0.20934319496154785
0 316 9 15091 25574 895 0.13586139678955078
0 316 9 13140 25574 895 0.20058012008666992
0 316 9 17243 25574 895 0.1349196434020996
0 316 9 15832 25574 895 0.20393061637878418
0 313 12 13548 25574 895 0.13166260719299316
0 313 12 13945 25574 895 0.12989115715026855
0 315 10 13144 25574 895 0.13629412651062012
0 317 8 20606 25574 895 0.13939285278320312
0 314 11 14287 25574 895 0.1497635841369629
0 316 9 17039 25574 895 0.13109421730041504
0 319 6 14728 24654 895 0.1337871551513672
0 319 6 18100 24654 895 0.13949179649353027
0 318 7 19665 24654 895 0.1328742504119873
0 316 9 17175 24654 895 0.1352698802947998
0 321 4 19209 24654 895 0.13563156127929688
0 317 8 16808 24654 895 0.13923192024230957
0 320 5 23402 24654 895 0.13060617446899414
0 320 5 19523 24654 895 0.13539576530456543
0 318 7 19019 24654 895 0.19645118713378906
0 316 9 15446 24654 895 0.27097010612487793
0 317 8 10916 19979 895 0.285297155380249
0 315 10 14689 19979 895 0.13367366790771484
0 317 8 11397 19979 895 0.1249856948852539
0 317 8 14196 19979 895 0.13794445991516113
0 318 7 14886 19979 895 0.13512325286865234
0 317 8 15132 19979 895 0.127457857131958
0 319 6 16193 19979 895 0.1374375820159912
0 316 9 9962 19979 895 0.13731122016906738
0 320 5 15586 19979 895 0.12869524955749512
0 318 7 13303 19979 895 0.13727474212646484
0 320 5 16783 21340 895 0.13278603553771973
0 319 6 13990 21340 895 0.13156771659851074
0 319 6 15753 21340 895 0.13273859024047852
0 319 6 14960 21340 895 0.13436198234558105
0 319 6 12526 21340 895 0.14899659156799316
0 316 9 11570 21340 895 0.12871646881103516
0 314 11 10554 21340 895 0.12960410118103027
0 320 5 13963 21340 895 0.13254618644714355
0 317 8 14375 21340 895 0.13336515426635742
0 315 10 8931 21340 895 0.1372988224029541
0 318 7 18025 25075 895 0.13609075546264648
0 317 8 16645 25075 895 0.13177943229675293
0 317 8 16577 25075 895 0.12808561325073242
0 316 9 13644 25075 895 0.12905025482177734
0 312 13 12731 25075 895 0.13098382949829102
0 317 8 17815 25075 895 0.12855792045593262
0 309 16 12326 25075 895 0.13218092918395996
0 320 5 16282 25075 895 0.13260221481323242
0 319 6 16300 25075 895 0.13519501686096191
0 318 7 15546 25075 895 0.13210558891296387
0 321 4 18063 22213 895 0.1324319839477539
0 318 7 16056 22213 895 0.12776947021484375
0 313 12 8435 22213 895 0.129075288772583
0 319 6 12467 22213 895 0.13366293907165527
0 319 6 14146 22213 895 0.13412809371948242
0 316 9 15045 22213 895 0.13253402709960938
0 319 6 18747 22213 895 0.13455486297607422
0 317 8 15043 22213 895 0.14083528518676758
0 320 5 16951 22213 895 0.12621331214904785
0 318 7 17283 22213 895 0.13509106636047363
0 313 12 11150 26054 895 0.12879133224487305
0 319 6 16020 26054 895 0.1262364387512207
0 318 7 19849 26054 895 0.13553667068481445
0 321 4 18958 26054 895 0.1355750560760498
0 317 8 18838 26054 895 0.12943458557128906
0 317 8 16528 26054 895 0.13148117065429688
0 319 6 18434 26054 895 0.13358235359191895
0 318 7 16581 26054 895 0.13118672370910645
0 315 10 19624 26054 895 0.13303375244140625
0 318 7 16204 26054 895 0.1332395076751709
0 319 6 14819 18635 895 0.13255691528320312
0 320 5 10707 18635 895 0.13564014434814453
0 313 12 12470 18635 895 0.1338939666748047
0 317 8 11180 18635 895 0.13078022003173828
0 314 11 12496 18635 895 0.137284517288208
0 317 8 14189 18635 895 0.1311814785003662
0 317 8 11704 18635 895 0.12793636322021484
0 316 9 12348 18635 895 0.13557052612304688
0 316 9 12063 18635 895 0.1344456672668457
0 312 13 12372 18635 895 0.1302950382232666
0 315 10 11966 20922 895 0.13877272605895996
0 317 8 16122 20922 895 0.12928271293640137
0 318 7 15909 20922 895 0.1260085105895996
0 316 9 14840 20922 895 0.13405489921569824
0 317 8 18355 20922 895 0.1396474838256836
0 317 8 12457 20922 895 0.12923169136047363
0 316 9 12026 20922 895 0.1311931610107422
0 315 10 17041 20922 895 0.12756013870239258
0 317 8 15419 20922 895 0.1382288932800293
0 318 7 16549 20922 895 0.13127613067626953
0 316 9 12045 27023 895 0.1532759666442871
0 317 8 11413 27023 895 0.13921332359313965
0 314 11 15745 27023 895 0.1496894359588623
0 316 9 16861 27023 895 0.15099382400512695
0 316 9 19151 27023 895 0.20153188705444336
0 314 11 15891 27023 895 0.1449427604675293
0 315 10 17443 27023 895 0.21296262741088867
0 317 8 18660 27023 895 0.14594030380249023
0 318 7 18174 27023 895 0.14036798477172852
0 319 6 15376 27023 895 0.20660066604614258
0 319 6 14959 23695 895 0.1336207389831543
0 314 11 13150 23695 895 0.1300206184387207
0 321 4 17590 23695 895 0.13238525390625
0 316 9 17167 23695 895 0.13438153266906738
0 319 6 15387 23695 895 0.14073824882507324
0 319 6 15918 23695 895 0.1337907314300537
0 317 8 15249 23695 895 0.12891435623168945
0 320 5 14752 23695 895 0.13186216354370117
0 315 10 13475 23695 895 0.12987160682678223
0 317 8 13435 23695 895 0.13003230094909668
0 316 9 13076 18100 895 0.1363697052001953
0 321 4 10668 18100 895 0.1365668773651123
0 315 10 15933 18100 895 0.1334991455078125
0 317 8 14946 18100 895 0.12756896018981934
0 318 7 10145 18100 895 0.14090681076049805
0 315 10 13198 18100 895 0.12692666053771973
0 319 6 14935 18100 895 0.13430261611938477
0 315 10 8241 18100 895 0.1452333927154541
0 316 9 11878 18100 895 0.12982654571533203
0 318 7 10556 18100 895 0.13453221321105957
0 319 6 12547 18370 895 0.13888144493103027
0 318 7 13870 18370 895 0.13428759574890137
0 317 8 9180 18370 895 0.1338512897491455
0 319 6 11900 18370 895 0.1370394229888916
0 318 7 14381 18370 895 0.2073071002960205
0 315 10 13846 18370 895 0.13361072540283203
0 319 6 13634 18370 895 0.1238412857055664
0 318 7 13850 18370 895 0.1363534927368164
0 319 6 12342 18370 895 0.12959647178649902
0 317 8 13383 18370 895 0.13202452659606934
0 320 5 10083 18796 895 0.1356661319732666
0 317 8 14042 18796 895 0.1355292797088623
0 314 11 10695 18796 895 0.12900876998901367
0 317 8 12105 18796 895 0.13155031204223633
0 315 10 8248 18796 895 0.1346735954284668
0 317 8 11815 18796 895 0.1295931339263916
0 316 9 13416 18796 895 0.13552641868591309
0 316 9 10265 18796 895 0.15996289253234863
0 312 13 9828 18796 895 0.15675711631774902
0 316 9 8656 18796 895 0.1314542293548584
0 314 11 15724 25980 895 0.13333797454833984
0 317 8 18423 25980 895 0.13518667221069336
0 320 5 14753 25980 895 0.12714409828186035
0 319 6 16791 25980 895 0.14151930809020996
0 317 8 19266 25980 895 0.1281273365020752
0 310 15 16261 25980 895 0.1387467384338379
0 316 9 15349 25980 895 0.14802026748657227
0 314 11 19543 25980 895 0.12797093391418457
0 315 10 16852 25980 895 0.13830280303955078
0 316 9 13964 25980 895 0.13363099098205566
0 318 7 15911 21436 895 0.12374711036682129
0 315 10 12595 21436 895 0.13825631141662598
0 319 6 17187 21436 895 0.13340377807617188
0 313 12 12767 21436 895 0.13434147834777832
0 318 7 12062 21436 895 0.13576459884643555
0 313 12 13821 21436 895 0.1332542896270752
0 319 6 15907 21436 895 0.13153338432312012
0 315 10 11069 21436 895 0.25576281547546387
0 320 5 14185 21436 895 0.2541182041168213
0 317 8 12051 21436 895 0.24348735809326172
0 322 3 22888 26749 895 0.14001178741455078
0 316 9 16433 26749 895 0.13453459739685059
0 321 4 19456 26749 895 0.13671183586120605
0 317 8 16928 26749 895 0.1333777904510498
0 314 11 18529 26749 895 0.13849806785583496
0 316 9 20299 26749 895 0.12882041931152344
0 317 8 19114 26749 895 0.12955284118652344
0 314 11 18987 26749 895 0.1384718418121338
0 314 11 15963 26749 895 0.13146662712097168
0 318 7 20141 26749 895 0.13699126243591309
0 320 5 23506 25743 895 0.1340792179107666
0 316 9 16901 25743 895 0.13004374504089355
0 316 9 15809 25743 895 0.1415388584136963
0 314 11 21266 25743 895 0.13477253913879395
0 320 5 17515 25743 895 0.12842822074890137
0 320 5 21466 25743 895 0.1334364414215088
0 314 11 19546 25743 895 0.1417708396911621
0 314 11 18806 25743 895 0.12633991241455078
0 316 9 14217 25743 895 0.13061094284057617
0 321 4 16104 25743 895 0.13505125045776367
0 316 9 12963 21714 895 0.1373603343963623
0 317 8 14544 21714 895 0.12804675102233887
0 317 8 10558 21714 895 0.12994146347045898
0 314 11 10729 21714 895 0.12653875350952148
0 314 11 15335 21714 895 0.13671493530273438
0 318 7 13744 21714 895 0.14287590980529785
0 316 9 11745 21714 895 0.13021278381347656
0 315 10 13374 21714 895 0.13522028923034668
0 313 12 11140 21714 895 0.12990665435791016
0 318 7 14512 21714 895 0.13501954078674316
0 319 6 14267 23053 895 0.12688040733337402
0 314 11 13395 23053 895 0.13322687149047852
0 318 7 15484 23053 895 0.13425850868225098
0 317 8 16408 23053 895 0.13228368759155273
0 313 12 15709 23053 895 0.13785624504089355
0 319 6 14613 23053 895 0.1346902847290039
0 316 9 13787 23053 895 0.1393580436706543
0 316 9 17061 23053 895 0.13256049156188965
0 317 8 12896 23053 895 0.13361239433288574
0 317 8 12946 23053 895 0.13409996032714844
0 316 9 14302 23544 895 0.13582539558410645
0 313 12 12862 23544 895 0.12667346000671387
0 319 6 19387 23544 895 0.12251663208007812
0 320 5 15163 23544 895 0.13458657264709473
0 318 7 13885 23544 895 0.12853097915649414
0 319 6 17549 23544 895 0.15441560745239258
0 322 3 19306 23544 895 0.13898563385009766
0 314 11 13008 23544 895 0.13051819801330566
0 319 6 17805 23544 895 0.20492959022521973
0 316 9 9529 23544 895 0.12949299812316895
0 316 9 11352 21536 895 0.12993454933166504
0 315 10 10860 21536 895 0.13502120971679688
0 311 14 7908 21536 895 0.13558316230773926
0 312 13 10491 21536 895 0.12987470626831055
0 314 11 8546 21536 895 0.12686467170715332
0 315 10 11123 21536 895 0.13600993156433105
0 316 9 14338 21536 895 0.13556838035583496
0 315 10 12958 21536 895 0.12529516220092773
0 318 7 12982 21536 895 0.1332988739013672
0 315 10 16386 21536 895 0.12974309921264648
0 318 7 14811 22393 895 0.13701105117797852
0 317 8 11408 22393 895 0.13005375862121582
0 312 13 12797 22393 895 0.12906217575073242
0 313 12 13248 22393 895 0.12494611740112305
0 318 7 15749 22393 895 0.13149285316467285
0 315 10 13037 22393 895 0.18398475646972656
0 316 9 20427 22393 895 0.126723051071167
0 318 7 12325 22393 895 0.13163471221923828
0 315 10 10642 22393 895 0.13956165313720703
0 314 11 15845 22393 895 0.13616228103637695
0 316 9 13556 23566 895 0.13093137741088867
0 313 12 16219 23566 895 0.12992095947265625
0 318 7 13896 23566 895 0.12964129447937012
0 316 9 11374 23566 895 0.13305401802062988
0 315 10 13679 23566 895 0.13886213302612305
0 321 4 10080 23566 895 0.13706278800964355
0 315 10 12715 23566 895 0.12739133834838867
0 319 6 14683 23566 895 0.12870216369628906
0 318 7 14299 23566 895 0.12660431861877441
0 315 10 13824 23566 895 0.13163495063781738
0 311 14 12938 26957 895 0.13588190078735352
0 315 10 16457 26957 895 0.13209128379821777
0 315 10 12462 26957 895 0.13084673881530762
0 315 10 15540 26957 895 0.1302635669708252
0 313 12 19251 26957 895 0.12446069717407227
0 315 10 12525 26957 895 0.13317084312438965
0 313 12 15054 26957 895 0.13309168815612793
0 315 10 14390 26957 895 0.12628602981567383
0 317 8 9958 26957 895 0.13158273696899414
0 313 12 16288 26957 895 0.1276404857635498
0 317 8 16044 21480 895 0.12734389305114746
0 324 1 15637 21480 895 0.13047432899475098
0 318 7 13406 21480 895 0.12920546531677246
0 314 11 12224 21480 895 0.1268303394317627
0 315 10 10143 21480 895 0.13607096672058105
0 321 4 16263 21480 895 0.1338794231414795
0 319 6 15221 21480 895 0.13259005546569824
0 314 11 15718 21480 895 0.13080406188964844
0 315 10 12041 21480 895 0.12885427474975586
0 321 4 12395 21480 895 0.12741446495056152
0 317 8 17217 27949 895 0.1298067569732666
0 318 7 17095 27949 895 0.13221478462219238
0 310 15 15580 27949 895 0.1285419464111328
0 320 5 17016 27949 895 0.12852954864501953
0 317 8 15747 27949 895 0.12905573844909668
0 319 6 8893 27949 895 0.14865756034851074
0 317 8 20185 27949 895 0.12909960746765137
0 311 14 11830 27949 895 0.128678560256958
0 310 15 12406 27949 895 0.13846182823181152
0 318 7 16117 27949 895 0.12895870208740234
0 315 10 21258 26644 895 0.12828660011291504
0 316 9 17615 26644 895 0.1273634433746338
0 319 6 19013 26644 895 0.12803006172180176
0 318 7 13999 26644 895 0.15004920959472656
0 321 4 22019 26644 895 0.12740755081176758
0 319 6 18476 26644 895 0.13036298751831055
0 314 11 19780 26644 895 0.12692689895629883
0 317 8 19838 26644 895 0.12262511253356934
0 321 4 19326 26644 895 0.1355910301208496
0 316 9 17636 26644 895 0.12548375129699707
0 317 8 17307 22468 895 0.13859844207763672
0 316 9 16211 22468 895 0.13964414596557617
0 319 6 19382 22468 895 0.12633395195007324
0 319 6 18969 22468 895 0.12422776222229004
0 317 8 18942 22468 895 0.13708043098449707
0 316 9 17281 22468 895 0.12705636024475098
0 322 3 19430 22468 895 0.12527966499328613
0 322 3 18864 22468 895 0.1282637119293213
0 320 5 20517 22468 895 0.12703156471252441
0 321 4 19819 22468 895 0.13158798217773438
0 316 9 11698 19881 895 0.12796282768249512
0 319 6 13620 19881 895 0.12840938568115234
0 314 11 10715 19881 895 0.125046968460083
0 319 6 11497 19881 895 0.1263434886932373
0 317 8 12102 19881 895 0.12931442260742188
0 318 7 16423 19881 895 0.12853717803955078
0 317 8 14173 19881 895 0.1253046989440918
0 319 6 14364 19881 895 0.12706995010375977
0 315 10 13156 19881 895 0.1259169578552246
0 316 9 10920 19881 895 0.12892627716064453
0 319 6 13754 23468 895 0.1764206886291504
0 315 10 13018 23468 895 0.1277780532836914
0 316 9 14874 23468 895 0.13865137100219727
0 320 5 16151 23468 895 0.1263585090637207
0 317 8 13850 23468 895 0.13108468055725098
0 314 11 17390 23468 895 0.13144278526306152
0 318 7 11868 23468 895 0.13025522232055664
0 313 12 16802 23468 895 0.12886762619018555
0 316 9 12291 23468 895 0.13015389442443848
0 320 5 11548 23468 895 0.1246802806854248
0 317 8 10783 18847 895 0.12580466270446777
0 317 8 11346 18847 895 0.12768244743347168
0 316 9 10112 18847 895 0.1256554126739502
0 323 2 10898 18847 895 0.12047719955444336
0 315 10 14376 18847 895 0.12555432319641113
0 317 8 9888 18847 895 0.12695932388305664
0 318 7 12140 18847 895 0.12431859970092773
0 318 7 11015 18847 895 0.13492608070373535
0 317 8 10446 18847 895 0.12958884239196777
0 320 5 13811 18847 895 0.12394285202026367
0 314 11 16502 25239 895 0.13948607444763184
0 319 6 12804 25239 895 0.13027095794677734
0 315 10 17177 25239 895 0.12674832344055176
0 320 5 17512 25239 895 0.13253259658813477
0 317 8 12135 25239 895 0.12604212760925293
0 317 8 14150 25239 895 0.12465119361877441
0 312 13 12465 25239 895 0.1272585391998291
0 313 12 14818 25239 895 0.13039159774780273
0 316 9 14482 25239 895 0.1267995834350586
0 322 3 18860 25239 895 0.12930512428283691
0 317 8 18999 26636 895 0.12833213806152344
0 317 8 17051 26636 895 0.12784743309020996
0 313 12 18733 26636 895 0.24403166770935059
0 318 7 16983 26636 895 0.2511293888092041
0 315 10 19679 26636 895 0.24508333206176758
0 315 10 20154 26636 895 0.17193174362182617
0 318 7 22646 26636 895 0.13824748992919922
0 317 8 16680 26636 895 0.13011717796325684
0 317 8 14689 26636 895 0.127349853515625
0 315 10 18707 26636 895 0.13421177864074707
0 316 9 12248 21982 895 0.1277329921722412
0 319 6 15893 21982 895 0.12483596801757812
0 316 9 17685 21982 895 0.13501620292663574
0 320 5 16126 21982 895 0.1259160041809082
0 316 9 12132 21982 895 0.1309189796447754
0 317 8 13029 21982 895 0.12977004051208496
0 319 6 18289 21982 895 0.12845134735107422
0 317 8 12072 21982 895 0.11899304389953613
0 316 9 14660 21982 895 0.24570822715759277
0 320 5 18374 21982 895 0.24293756484985352
0 316 9 16716 21274 895 0.1651597023010254
0 314 11 13829 21274 895 0.1361987590789795
0 318 7 12965 21274 895 0.1476149559020996
0 320 5 17105 21274 895 0.13288378715515137
0 318 7 14943 21274 895 0.13080573081970215
0 323 2 15280 21274 895 0.12910032272338867
0 317 8 16671 21274 895 0.18133187294006348
0 317 8 13908 21274 895 0.12995362281799316
0 320 5 15873 21274 895 0.1286015510559082
0 315 10 12710 21274 895 0.12899017333984375
0 315 10 13496 25036 895 0.17796945571899414
0 314 11 14620 25036 895 0.25864624977111816
0 315 10 9731 25036 895 0.2527139186859131
0 312 13 14876 25036 895 0.21009469032287598
0 315 10 14172 25036 895 0.13717103004455566
0 312 13 9240 25036 895 0.13697361946105957
0 313 12 14248 25036 895 0.12982940673828125
0 315 10 13697 25036 895 0.13245463371276855
0 317 8 13942 25036 895 0.1377582550048828
0 314 11 11479 25036 895 0.1346578598022461
0 316 9 16363 29209 895 0.13529443740844727
0 316 9 16512 29209 895 0.1366274356842041
0 318 7 14791 29209 895 0.13297510147094727
0 318 7 18309 29209 895 0.13472437858581543
0 315 10 15549 29209 895 0.13038945198059082
0 318 7 19476 29209 895 0.12659597396850586
0 315 10 14507 29209 895 0.134749174118042
0 317 8 15273 29209 895 0.13299560546875
0 316 9 15736 29209 895 0.13535737991333008
0 315 10 20019 29209 895 0.1335914134979248
0 315 10 19632 29616 895 0.12990140914916992
0 316 9 17444 29616 895 0.13397955894470215
0 315 10 15657 29616 895 0.13506031036376953
0 318 7 13674 29616 895 0.13606595993041992
0 315 10 19123 29616 895 0.12677359580993652
0 317 8 16434 29616 895 0.13321161270141602
0 318 7 18529 29616 895 0.12926292419433594
0 314 11 18218 29616 895 0.18468046188354492
0 315 10 15327 29616 895 0.25117921829223633
0 316 9 17444 29616 895 0.2469778060913086
0 319 6 18507 23116 895 0.24499058723449707
0 315 10 13422 23116 895 0.18206119537353516
0 317 8 16467 23116 895 0.13286137580871582
0 319 6 19557 23116 895 0.12923502922058105
0 319 6 16656 23116 895 0.12990784645080566
0 316 9 15192 23116 895 0.1317126750946045
0 318 7 14316 23116 895 0.13091015815734863
0 316 9 13199 23116 895 0.1342918872833252
0 319 6 17554 23116 895 0.1361379623413086
0 313 12 14833 23116 895 0.13021492958068848
0 314 11 14483 21962 895 0.12790513038635254
0 316 9 14037 21962 895 0.13782429695129395
0 316 9 8517 21962 895 0.1300814151763916
0 312 13 15196 21962 895 0.12873268127441406
0 313 12 14941 21962 895 0.14635252952575684
0 317 8 13434 21962 895 0.13001108169555664
0 316 9 15734 21962 895 0.13231134414672852
0 320 5 18504 21962 895 0.13597536087036133
0 313 12 13467 21962 895 0.13241314888000488
0 316 9 15656 21962 895 0.129119873046875
0 317 8 15649 22554 895 0.12977099418640137
0 320 5 19022 22554 895 0.130631685256958
0 319 6 15439 22554 895 0.12826895713806152
0 320 5 17417 22554 895 0.13896393775939941
0 317 8 18666 22554 895 0.1331312656402588
0 315 10 11546 22554 895 0.12819147109985352
0 316 9 9339 22554 895 0.13980937004089355
0 317 8 17620 22554 895 0.14371728897094727
0 316 9 15702 22554 895 0.13031291961669922
0 319 6 17212 22554 895 0.13436079025268555
