0 324 1 21748 26573 8983 1.389350414276123
0 323 2 15996 26573 8983 1.3375515937805176
0 323 2 17055 26573 8983 1.2911536693572998
0 324 1 19283 26573 8983 1.3279051780700684
0 323 2 19537 26573 8983 1.277791976928711
0 322 3 15348 26573 8983 1.2882018089294434
0 324 1 21415 26573 8983 1.275010585784912
0 321 4 20416 26573 8983 1.325969934463501
0 323 2 17858 26573 8983 1.2916550636291504
0 322 3 16324 26573 8983 1.3431153297424316
0 324 1 14124 18638 8983 2.3584587574005127
0 324 1 16188 18638 8983 1.3108551502227783
0 323 2 15085 18638 8983 1.5048162937164307
0 324 1 14043 18638 8983 2.095158338546753
0 322 3 14912 18638 8983 1.3843777179718018
1 325 0 18127 18638 8983 1.3627750873565674
0 324 1 15802 18638 8983 1.3766515254974365
0 324 1 14303 18638 8983 1.3716354370117188
0 324 1 14156 18638 8983 1.4263269901275635
0 324 1 15465 18638 8983 1.3962225914001465
0 323 2 16310 24430 8983 1.376561164855957
0 323 2 20816 24430 8983 1.7721977233886719
0 323 2 20180 24430 8983 1.9782915115356445
0 324 1 17223 24430 8983 1.4475605487823486
0 322 3 18207 24430 8983 1.4006915092468262
0 322 3 19857 24430 8983 1.4218144416809082
0 323 2 14835 24430 8983 1.8232247829437256
0 324 1 19735 24430 8983 2.056109666824341
0 323 2 19172 24430 8983 1.536426305770874
0 324 1 23444 24430 8983 1.8927803039550781
0 320 5 12016 26137 8983 1.4496369361877441
0 323 2 20084 26137 8983 1.3414006233215332
0 321 4 16392 26137 8983 1.7807657718658447
0 323 2 14373 26137 8983 2.2586567401885986
0 322 3 15382 26137 8983 1.4702305793762207
0 323 2 15715 26137 8983 1.4165964126586914
0 324 1 24566 26137 8983 1.488830804824829
0 318 7 11682 26137 8983 2.1763346195220947
0 321 4 8320 26137 8983 1.471543312072754
0 323 2 10893 26137 8983 1.403231143951416
0 322 3 17598 24689 8983 1.4535865783691406
0 324 1 19799 24689 8983 1.3598427772521973
0 322 3 18744 24689 8983 1.398545265197754
0 324 1 20672 24689 8983 1.7038986682891846
0 322 3 18032 24689 8983 2.2132019996643066
0 324 1 22225 24689 8983 1.2881081104278564
1 325 0 22561 24689 8983 2.034214735031128
0 324 1 21037 24689 8983 1.9629402160644531
0 324 1 21307 24689 8983 1.5129780769348145
1 325 0 23062 24689 8983 1.3359174728393555
0 323 2 15081 24016 8983 1.381143569946289
0 324 1 13750 24016 8983 1.5220565795898438
0 323 2 11379 24016 8983 1.439136028289795
0 323 2 15283 24016 8983 1.467973232269287
0 323 2 18097 24016 8983 1.3720061779022217
0 322 3 16339 24016 8983 1.3747026920318604
0 323 2 20732 24016 8983 1.4250588417053223
0 323 2 11959 24016 8983 2.2367944717407227
0 323 2 13880 24016 8983 1.6737408638000488
0 322 3 11305 24016 8983 1.4113340377807617
0 321 4 16912 26123 8983 1.4006986618041992
0 323 2 14852 26123 8983 2.397592306137085
0 324 1 18853 26123 8983 1.3993666172027588
0 324 1 22466 26123 8983 1.3339288234710693
0 324 1 21302 26123 8983 1.566789150238037
0 323 2 14733 26123 8983 2.0631165504455566
0 323 2 23402 26123 8983 2.7139053344726562
0 323 2 17838 26123 8983 1.3940620422363281
0 324 1 21463 26123 8983 1.4233238697052002
0 321 4 14768 26123 8983 1.2853498458862305
0 322 3 16892 25071 8983 2.672401189804077
0 321 4 15917 25071 8983 1.482050895690918
0 318 7 16844 25071 8983 1.5066823959350586
0 324 1 21793 25071 8983 1.44138503074646
1 325 0 25071 25071 8983 1.3711013793945312
0 324 1 18863 25071 8983 1.4444546699523926
0 322 3 15024 25071 8983 1.3242292404174805
0 321 4 20285 25071 8983 1.3317344188690186
0 322 3 13891 25071 8983 1.8851349353790283
0 323 2 21224 25071 8983 1.6424643993377686
0 323 2 15711 21278 8983 1.3520803451538086
0 322 3 14214 21278 8983 1.3122363090515137
0 323 2 12358 21278 8983 1.2608041763305664
0 324 1 13788 21278 8983 1.3897449970245361
0 324 1 11032 21278 8983 1.461714744567871
0 323 2 14358 21278 8983 1.4156699180603027
0 324 1 16696 21278 8983 1.373384952545166
0 321 4 13718 21278 8983 1.3464384078979492
0 323 2 15278 21278 8983 1.3052995204925537
0 324 1 15289 21278 8983 1.2964839935302734
0 322 3 15212 22180 8983 1.3259820938110352
0 324 1 15399 22180 8983 2.3393640518188477
0 323 2 15629 22180 8983 1.3082292079925537
0 322 3 11205 22180 8983 1.3595390319824219
0 322 3 18422 22180 8983 1.890310525894165
0 323 2 17116 22180 8983 1.5346033573150635
0 322 3 15132 22180 8983 1.4228136539459229
0 324 1 14255 22180 8983 1.5020685195922852
1 325 0 19818 22180 8983 1.430715560913086
0 322 3 12356 22180 8983 1.3028762340545654
0 322 3 18967 25800 8983 1.3045217990875244
0 324 1 14038 25800 8983 1.285731315612793
0 322 3 17956 25800 8983 2.479810953140259
0 324 1 14710 25800 8983 1.4148907661437988
0 323 2 14931 25800 8983 1.404698133468628
0 323 2 16724 25800 8983 1.5567436218261719
0 324 1 15383 25800 8983 1.2869408130645752
0 324 1 14711 25800 8983 1.4552335739135742
0 321 4 19298 25800 8983 1.3893237113952637
0 322 3 17281 25800 8983 1.7712593078613281
0 324 1 17253 20466 8983 1.5542078018188477
0 323 2 9694 20466 8983 1.4051144123077393
1 325 0 13705 20466 8983 1.9894843101501465
0 323 2 18675 20466 8983 1.4281654357910156
0 322 3 13331 20466 8983 1.7599012851715088
0 324 1 16261 20466 8983 1.8112401962280273
0 321 4 9875 20466 8983 2.060091733932495
1 325 0 20310 20466 8983 1.2992339134216309
1 325 0 20466 20466 8983 1.400965929031372
0 323 2 15877 20466 8983 1.307166576385498
0 323 2 26929 31523 8983 1.3267550468444824
0 323 2 24685 31523 8983 2.0394999980926514
1 325 0 30849 31523 8983 1.4489562511444092
0 324 1 26756 31523 8983 1.3191287517547607
0 324 1 22050 31523 8983 1.296210765838623
0 323 2 22498 31523 8983 1.310300350189209
0 322 3 25417 31523 8983 1.3146092891693115
0 323 2 23341 31523 8983 1.320253849029541
0 323 2 25973 31523 8983 1.280745506286621
0 324 1 22388 31523 8983 1.3258662223815918
1 325 0 26899 28700 8983 1.3014883995056152
0 324 1 24797 28700 8983 2.033802032470703
0 324 1 20989 28700 8983 1.3117563724517822
0 324 1 16233 28700 8983 1.4332995414733887
0 322 3 18537 28700 8983 1.411933422088623
0 322 3 23776 28700 8983 1.3907506465911865
0 320 5 15392 28700 8983 1.3126227855682373
0 320 5 16756 28700 8983 1.3031866550445557
0 321 4 15196 28700 8983 1.4229846000671387
1 325 0 28327 28700 8983 1.3198928833007812
0 323 2 18131 24729 8983 1.3232972621917725
0 321 4 16720 24729 8983 2.2400882244110107
0 322 3 21584 24729 8983 1.2688696384429932
0 324 1 20495 24729 8983 1.303372859954834
0 324 1 19777 24729 8983 1.2923707962036133
0 322 3 16037 24729 8983 1.878418207168579
0 324 1 23180 24729 8983 1.490314245223999
0 324 1 19562 24729 8983 1.3591642379760742
0 322 3 16988 24729 8983 1.2778403759002686
0 323 2 21456 24729 8983 1.301170825958252
0 322 3 19145 22975 8983 1.309387445449829
1 325 0 22106 22975 8983 1.3621020317077637
0 324 1 22084 22975 8983 1.897322654724121
0 323 2 16798 22975 8983 1.3959128856658936
0 324 1 19184 22975 8983 1.4126999378204346
0 322 3 17417 22975 8983 1.282914161682129
0 323 2 17353 22975 8983 1.2962982654571533
0 324 1 18705 22975 8983 1.2888343334197998
0 323 2 19487 22975 8983 1.2564892768859863
0 324 1 18924 22975 8983 1.3621582984924316
0 324 1 17623 20396 8983 1.3418638706207275
1 325 0 19538 20396 8983 1.2700207233428955
0 321 4 12752 20396 8983 1.332731008529663
0 323 2 15862 20396 8983 1.3413825035095215
0 321 4 13558 20396 8983 1.3195810317993164
0 323 2 14744 20396 8983 1.4209470748901367
0 322 3 14905 20396 8983 1.2897531986236572
0 323 2 15318 20396 8983 1.2895243167877197
0 323 2 14461 20396 8983 2.0589840412139893
0 322 3 12594 20396 8983 1.4297888278961182
1 325 0 21603 28737 8983 1.3318371772766113
1 325 0 26291 28737 8983 1.3382678031921387
1 325 0 26449 28737 8983 1.3054077625274658
1 325 0 26119 28737 8983 1.2660629749298096
1 325 0 24888 28737 8983 2.1571567058563232
0 323 2 21904 28737 8983 1.3881993293762207
1 325 0 25639 28737 8983 1.2863001823425293
0 323 2 20815 28737 8983 1.586681842803955
1 325 0 27249 28737 8983 1.604403018951416
1 325 0 26954 28737 8983 1.2945146560668945
0 324 1 12889 19184 8983 1.3378667831420898
0 323 2 13731 19184 8983 1.506728172302246
0 321 4 10860 19184 8983 1.7876636981964111
0 323 2 11271 19184 8983 1.4958293437957764
0 324 1 14549 19184 8983 1.3712599277496338
0 322 3 12820 19184 8983 1.3759849071502686
0 323 2 12941 19184 8983 1.2927031517028809
0 322 3 9655 19184 8983 1.3062622547149658
0 324 1 15264 19184 8983 2.551656723022461
0 323 2 15505 19184 8983 1.303173542022705
0 323 2 13124 20380 8983 1.3462834358215332
0 322 3 15225 20380 8983 1.2850914001464844
0 323 2 14508 20380 8983 1.3371469974517822
0 324 1 14656 20380 8983 1.332026720046997
1 325 0 19360 20380 8983 1.2955808639526367
0 323 2 15512 20380 8983 1.3020758628845215
0 323 2 14611 20380 8983 1.3322315216064453
0 323 2 16628 20380 8983 1.296189546585083
0 324 1 17062 20380 8983 1.3765993118286133
0 320 5 17427 20380 8983 2.01694655418396
0 324 1 17787 25348 8983 1.2891674041748047
0 322 3 20140 25348 8983 1.3260548114776611
0 323 2 14607 25348 8983 1.3598272800445557
0 322 3 15767 25348 8983 2.0363569259643555
0 323 2 18497 25348 8983 1.671631097793579
0 323 2 18093 25348 8983 1.5455889701843262
0 323 2 14679 25348 8983 1.336622953414917
0 323 2 19971 25348 8983 1.349656105041504
0 324 1 16475 25348 8983 2.1043691635131836
0 324 1 15614 25348 8983 1.4373266696929932
0 322 3 10814 16731 8983 1.3238227367401123
0 324 1 15236 16731 8983 1.3386437892913818
0 324 1 13844 16731 8983 1.3777549266815186
0 322 3 11867 16731 8983 1.3672425746917725
0 324 1 12793 16731 8983 1.3253531455993652
0 323 2 10471 16731 8983 1.69022536277771
0 323 2 12122 16731 8983 1.5061824321746826
0 323 2 14143 16731 8983 1.4553120136260986
0 322 3 9073 16731 8983 1.524651288986206
0 324 1 10145 16731 8983 1.364241600036621
0 322 3 21833 26931 8983 1.4329845905303955
0 321 4 15745 26931 8983 2.477792263031006
0 324 1 24032 26931 8983 2.1407244205474854
0 324 1 22808 26931 8983 1.3440468311309814
0 324 1 16720 26931 8983 1.63228440284729
0 320 5 13980 26931 8983 1.3934941291809082
0 323 2 21641 26931 8983 1.3094165325164795
0 321 4 14114 26931 8983 1.4400177001953125
0 323 2 18465 26931 8983 1.8711495399475098
1 325 0 26869 26931 8983 1.3933794498443604
0 322 3 14685 22741 8983 1.3715646266937256
0 321 4 12264 22741 8983 1.3781673908233643
0 321 4 12196 22741 8983 1.349503993988037
0 323 2 14678 22741 8983 1.3174490928649902
0 323 2 11591 22741 8983 1.3238720893859863
0 322 3 11922 22741 8983 1.334296703338623
0 322 3 15216 22741 8983 1.3090510368347168
0 324 1 17433 22741 8983 2.4991564750671387
0 323 2 11454 22741 8983 1.2912178039550781
0 323 2 18172 22741 8983 1.3246471881866455
0 324 1 16986 26208 8983 1.3969242572784424
0 323 2 15721 26208 8983 1.5814378261566162
0 323 2 19409 26208 8983 1.4690709114074707
1 325 0 25247 26208 8983 1.365304946899414
0 321 4 17970 26208 8983 1.3055505752563477
0 323 2 17448 26208 8983 1.3449788093566895
0 321 4 16684 26208 8983 1.3151345252990723
0 322 3 12894 26208 8983 1.3387601375579834
0 322 3 16715 26208 8983 1.322967290878296
0 324 1 17090 26208 8983 1.3113958835601807
0 323 2 17573 25279 8983 1.3415215015411377
0 323 2 11791 25279 8983 2.3305797576904297
0 323 2 14709 25279 8983 1.5524981021881104
0 323 2 16412 25279 8983 1.3670809268951416
0 322 3 17446 25279 8983 1.3273165225982666
0 322 3 15206 25279 8983 1.3458116054534912
0 324 1 12724 25279 8983 2.1516036987304688
0 324 1 17805 25279 8983 1.3461451530456543
0 324 1 20127 25279 8983 1.352787733078003
0 321 4 13916 25279 8983 1.3172399997711182
1 325 0 16061 20455 8983 2.3336172103881836
0 323 2 17499 20455 8983 1.801274299621582
0 324 1 17161 20455 8983 1.3521018028259277
1 325 0 15770 20455 8983 1.3511884212493896
0 323 2 16067 20455 8983 2.249305009841919
1 325 0 18465 20455 8983 1.4242658615112305
1 325 0 18731 20455 8983 1.6529886722564697
1 325 0 19206 20455 8983 1.741018295288086
1 325 0 18036 20455 8983 1.3171064853668213
0 323 2 14492 20455 8983 1.3901731967926025
0 324 1 16510 20186 8983 1.3099820613861084
0 324 1 13161 20186 8983 1.3226690292358398
0 321 4 9847 20186 8983 1.2974092960357666
0 323 2 14374 20186 8983 1.76914644241333
0 321 4 12024 20186 8983 2.104508399963379
0 323 2 15108 20186 8983 1.3097894191741943
0 323 2 14546 20186 8983 1.3715200424194336
0 323 2 15260 20186 8983 1.3226394653320312
0 324 1 9844 20186 8983 1.301832675933838
0 324 1 17183 20186 8983 1.7751026153564453
0 323 2 16820 27711 8983 1.7317252159118652
0 322 3 12542 27711 8983 1.8463342189788818
0 323 2 18934 27711 8983 1.6727635860443115
0 323 2 19794 27711 8983 1.3588635921478271
1 325 0 26978 27711 8983 1.339832067489624
0 324 1 23262 27711 8983 1.3349604606628418
0 324 1 22234 27711 8983 2.111593246459961
0 322 3 22867 27711 8983 1.3255059719085693
0 321 4 16311 27711 8983 1.9092621803283691
0 322 3 12436 27711 8983 1.8499610424041748
0 321 4 23233 27933 8983 1.3906123638153076
0 324 1 20874 27933 8983 1.3799455165863037
0 323 2 16283 27933 8983 1.3312439918518066
0 324 1 24905 27933 8983 1.4069948196411133
0 322 3 21659 27933 8983 1.5597705841064453
0 321 4 11118 27933 8983 1.7480823993682861
0 322 3 17295 27933 8983 1.3232250213623047
0 321 4 13140 27933 8983 1.3360514640808105
0 322 3 15494 27933 8983 1.3459115028381348
0 322 3 17511 27933 8983 2.2917320728302
0 321 4 16648 27370 8983 1.3677823543548584
0 323 2 17288 27370 8983 1.3640525341033936
0 323 2 16503 27370 8983 1.27490234375
0 323 2 15156 27370 8983 1.2961180210113525
1 325 0 27033 27370 8983 1.835151195526123
0 321 4 16163 27370 8983 1.5864834785461426
0 320 5 14223 27370 8983 1.2861297130584717
0 320 5 14372 27370 8983 1.3004260063171387
0 322 3 20762 27370 8983 1.5648136138916016
0 322 3 21207 27370 8983 1.8523924350738525
0 322 3 15773 25801 8983 1.323298454284668
0 318 7 17571 25801 8983 1.3383986949920654
0 322 3 9552 25801 8983 1.2944972515106201
0 322 3 15600 25801 8983 1.661553144454956
0 320 5 14099 25801 8983 1.4162771701812744
0 322 3 15153 25801 8983 1.288163661956787
0 323 2 16447 25801 8983 1.3333940505981445
0 323 2 17622 25801 8983 1.4107258319854736
0 321 4 14433 25801 8983 3.1051552295684814
0 321 4 14765 25801 8983 1.388810396194458
0 323 2 22435 25506 8983 1.3036870956420898
1 325 0 25169 25506 8983 1.3209528923034668
0 324 1 19266 25506 8983 1.3759136199951172
0 322 3 15876 25506 8983 2.1586833000183105
0 321 4 21230 25506 8983 1.804567575454712
0 322 3 20175 25506 8983 1.3162755966186523
0 324 1 20630 25506 8983 1.840576410293579
0 322 3 18015 25506 8983 1.5478217601776123
0 323 2 14102 25506 8983 1.2952375411987305
0 323 2 16690 25506 8983 1.3226630687713623
0 323 2 17961 24453 8983 2.3756401538848877
0 323 2 20645 24453 8983 1.524487018585205
0 322 3 17960 24453 8983 1.364440679550171
0 322 3 12577 24453 8983 2.433934450149536
0 323 2 13470 24453 8983 1.275583028793335
0 323 2 16394 24453 8983 1.3676562309265137
0 321 4 14376 24453 8983 1.277602195739746
0 323 2 18625 24453 8983 1.314415693283081
0 322 3 15271 24453 8983 1.2911922931671143
0 321 4 21098 24453 8983 1.2874352931976318
0 321 4 15065 24296 8983 1.4394426345825195
0 324 1 14664 24296 8983 2.005711793899536
0 323 2 11705 24296 8983 1.3673272132873535
0 322 3 13945 24296 8983 1.3055756092071533
0 323 2 15743 24296 8983 1.3230767250061035
0 322 3 9241 24296 8983 1.2993366718292236
0 322 3 16683 24296 8983 1.3057808876037598
0 321 4 15022 24296 8983 1.5331041812896729
0 323 2 20508 24296 8983 2.9263784885406494
0 321 4 10154 24296 8983 1.636005163192749
0 323 2 17170 25576 8983 1.2897729873657227
0 324 1 21209 25576 8983 1.3707761764526367
0 318 7 11679 25576 8983 1.9334418773651123
0 322 3 20985 25576 8983 1.3056066036224365
0 323 2 20872 25576 8983 1.3124032020568848
0 322 3 19974 25576 8983 1.849832534790039
0 323 2 21545 25576 8983 1.3046810626983643
0 323 2 14154 25576 8983 1.3851263523101807
0 321 4 8652 25576 8983 1.534142017364502
0 323 2 17174 25576 8983 2.1562485694885254
0 321 4 18002 24792 8983 1.3438003063201904
0 322 3 14037 24792 8983 2.160876512527466
0 324 1 20188 24792 8983 1.6065585613250732
0 323 2 10750 24792 8983 1.3075840473175049
0 324 1 20421 24792 8983 1.2948079109191895
0 324 1 20426 24792 8983 1.3189969062805176
0 321 4 18341 24792 8983 1.9554224014282227
1 325 0 23628 24792 8983 2.122410297393799
0 322 3 14467 24792 8983 1.31144380569458
0 322 3 15394 24792 8983 1.8098785877227783
0 323 2 21115 24777 8983 1.2960538864135742
0 321 4 18280 24777 8983 1.3277554512023926
0 321 4 19703 24777 8983 1.327678918838501
0 324 1 20611 24777 8983 1.6581878662109375
0 323 2 20367 24777 8983 1.6148550510406494
0 322 3 18560 24777 8983 1.3247153759002686
0 322 3 19897 24777 8983 1.3505971431732178
0 322 3 19674 24777 8983 1.7214722633361816
0 322 3 18193 24777 8983 2.013016700744629
0 320 5 16644 24777 8983 1.3406124114990234
0 323 2 16504 23558 8983 1.3748893737792969
0 324 1 18178 23558 8983 1.3202011585235596
0 322 3 15486 23558 8983 2.283686399459839
0 317 8 10284 23558 8983 1.4279708862304688
0 322 3 13474 23558 8983 1.4868154525756836
0 324 1 11623 23558 8983 1.49815034866333
0 323 2 17675 23558 8983 1.769766092300415
0 322 3 13472 23558 8983 1.9282267093658447
0 322 3 11626 23558 8983 1.6273398399353027
1 325 0 23221 23558 8983 2.398132085800171
0 323 2 16112 24209 8983 1.3414435386657715
0 323 2 14768 24209 8983 1.4011521339416504
0 324 1 18647 24209 8983 1.3734498023986816
0 322 3 18886 24209 8983 2.4188971519470215
0 322 3 13429 24209 8983 1.3177030086517334
0 323 2 18093 24209 8983 1.284578800201416
0 323 2 13777 24209 8983 1.4007632732391357
0 323 2 16128 24209 8983 2.3553664684295654
0 322 3 13496 24209 8983 1.460599660873413
0 322 3 17124 24209 8983 1.3351240158081055
0 322 3 18856 25239 8983 1.2830250263214111
0 321 4 15837 25239 8983 2.616166830062866
0 323 2 19189 25239 8983 1.3087410926818848
0 321 4 12131 25239 8983 2.143934488296509
0 322 3 15493 25239 8983 1.297903299331665
0 324 1 16838 25239 8983 1.6029715538024902
0 323 2 22885 25239 8983 2.0323569774627686
0 320 5 13806 25239 8983 1.3060262203216553
0 320 5 13812 25239 8983 1.3006203174591064
0 322 3 22218 25239 8983 1.7558317184448242
1 325 0 18121 20031 8983 2.0797877311706543
0 324 1 16094 20031 8983 1.2881572246551514
0 324 1 15888 20031 8983 1.267967700958252
0 323 2 13052 20031 8983 1.2672734260559082
0 323 2 15814 20031 8983 1.3689606189727783
0 323 2 17291 20031 8983 2.151301383972168
0 323 2 13729 20031 8983 1.652641773223877
0 324 1 14181 20031 8983 1.3029077053070068
0 324 1 14490 20031 8983 1.3318617343902588
0 323 2 17945 20031 8983 1.321976900100708
1 325 0 15996 23576 8983 1.4136958122253418
0 323 2 15825 23576 8983 2.6963491439819336
0 323 2 15191 23576 8983 1.3499176502227783
0 323 2 14327 23576 8983 1.6550631523132324
0 322 3 14512 23576 8983 1.8206937313079834
0 324 1 14950 23576 8983 1.328803539276123
0 321 4 17321 23576 8983 1.2788269519805908
0 322 3 12922 23576 8983 1.3556034564971924
0 321 4 16779 23576 8983 1.3084297180175781
0 321 4 16641 23576 8983 1.4496309757232666
0 322 3 13485 22467 8983 1.3839011192321777
0 323 2 13660 22467 8983 1.3031799793243408
0 324 1 18455 22467 8983 1.3051323890686035
0 323 2 11394 22467 8983 1.3913872241973877
0 323 2 12771 22467 8983 1.9591584205627441
0 324 1 12137 22467 8983 1.576322317123413
0 320 5 14607 22467 8983 1.4904494285583496
0 324 1 20487 22467 8983 2.269071340560913
0 323 2 14393 22467 8983 1.3011536598205566
1 325 0 20369 22467 8983 1.325251579284668
0 321 4 14486 27932 8983 1.3486430644989014
0 323 2 13815 27932 8983 1.3355071544647217
0 323 2 16502 27932 8983 1.362001895904541
0 323 2 16501 27932 8983 2.059360980987549
0 321 4 17846 27932 8983 1.3322293758392334
0 322 3 13140 27932 8983 1.337127685546875
0 321 4 13029 27932 8983 1.3459243774414062
0 321 4 13813 27932 8983 2.0845296382904053
0 323 2 18857 27932 8983 1.3025126457214355
0 323 2 16165 27932 8983 1.3141465187072754
0 323 2 13221 24488 8983 1.3504998683929443
0 322 3 14839 24488 8983 1.5038647651672363
0 322 3 14185 24488 8983 1.759192943572998
0 322 3 20494 24488 8983 1.3437304496765137
0 323 2 23690 24488 8983 1.3007147312164307
0 324 1 19110 24488 8983 1.2905712127685547
0 321 4 16046 24488 8983 2.035140037536621
1 325 0 24422 24488 8983 1.3511433601379395
0 324 1 19038 24488 8983 2.1013524532318115
0 320 5 14758 24488 8983 1.4089481830596924
1 325 0 26024 26586 8983 1.3256666660308838
0 323 2 22552 26586 8983 1.4052083492279053
0 323 2 16507 26586 8983 1.5833027362823486
0 321 4 15601 26586 8983 3.018913745880127
0 322 3 23342 26586 8983 1.3937773704528809
0 322 3 13258 26586 8983 1.3739237785339355
0 321 4 12467 26586 8983 2.1884756088256836
0 323 2 20313 26586 8983 1.6011438369750977
0 324 1 17632 26586 8983 1.4722907543182373
0 324 1 16621 26586 8983 1.7448782920837402
0 322 3 16176 22234 8983 1.8490617275238037
0 322 3 18331 22234 8983 1.2860679626464844
0 322 3 13806 22234 8983 1.3444678783416748
0 322 3 10979 22234 8983 1.934136152267456
0 323 2 15555 22234 8983 1.5693414211273193
0 323 2 13117 22234 8983 1.3121585845947266
0 323 2 12166 22234 8983 1.9691698551177979
0 323 2 11150 22234 8983 1.3979458808898926
0 323 2 12394 22234 8983 1.3706984519958496
0 323 2 13370 22234 8983 2.1479363441467285
0 321 4 12440 25119 8983 1.2850327491760254
0 323 2 22048 25119 8983 1.9915273189544678
0 323 2 21183 25119 8983 1.6093966960906982
0 323 2 15271 25119 8983 1.5092835426330566
0 324 1 23240 25119 8983 1.451378345489502
0 323 2 23745 25119 8983 1.8193249702453613
0 321 4 12622 25119 8983 1.2807211875915527
0 322 3 16938 25119 8983 1.2987568378448486
0 323 2 20412 25119 8983 1.2648184299468994
0 322 3 16711 25119 8983 1.3342840671539307
0 322 3 12510 21131 8983 1.3824596405029297
0 324 1 13044 21131 8983 1.8230481147766113
0 320 5 13271 21131 8983 1.3760850429534912
1 325 0 19721 21131 8983 1.30415678024292
0 322 3 10589 21131 8983 1.6153757572174072
0 324 1 19391 21131 8983 1.4185678958892822
0 323 2 8573 21131 8983 1.3032035827636719
0 322 3 10662 21131 8983 1.9410028457641602
0 321 4 14297 21131 8983 1.3041715621948242
0 324 1 11051 21131 8983 1.352543592453003
0 323 2 10897 25800 8983 1.4427340030670166
0 323 2 14816 25800 8983 2.5590097904205322
0 320 5 16618 25800 8983 1.3284718990325928
0 323 2 14259 25800 8983 1.3505592346191406
0 322 3 16159 25800 8983 1.4321238994598389
0 324 1 14034 25800 8983 2.034449338912964
0 322 3 18631 25800 8983 1.5513174533843994
0 321 4 12692 25800 8983 1.3359565734863281
0 324 1 11572 25800 8983 1.4659743309020996
0 322 3 13253 25800 8983 2.4889838695526123
0 322 3 14050 22534 8983 1.3366515636444092
0 322 3 15156 22534 8983 1.3182475566864014
0 323 2 17419 22534 8983 1.3406736850738525
0 324 1 16977 22534 8983 1.8510706424713135
1 325 0 21727 22534 8983 1.7155182361602783
0 323 2 11264 22534 8983 1.2711701393127441
0 322 3 17728 22534 8983 1.3259713649749756
0 322 3 14941 22534 8983 1.3120112419128418
0 320 5 10100 22534 8983 1.3205552101135254
0 322 3 17197 22534 8983 1.8847599029541016
0 322 3 12808 22436 8983 1.6329293251037598
0 323 2 18080 22436 8983 1.317647933959961
0 321 4 15720 22436 8983 2.121298313140869
0 323 2 16731 22436 8983 1.400846004486084
0 324 1 17509 22436 8983 1.9184134006500244
0 323 2 16722 22436 8983 1.5701868534088135
0 321 4 12016 22436 8983 1.345893383026123
0 324 1 17509 22436 8983 2.1295969486236572
0 323 2 18407 22436 8983 1.3345081806182861
0 321 4 16391 22436 8983 1.3035061359405518
0 323 2 16728 28282 8983 1.6911242008209229
0 322 3 15490 28282 8983 2.0904958248138428
0 322 3 14222 28282 8983 1.352473497390747
0 323 2 24999 28282 8983 2.0123841762542725
0 323 2 16056 28282 8983 1.5090582370758057
0 322 3 19051 28282 8983 1.3208470344543457
0 323 2 15570 28282 8983 1.282325029373169
0 323 2 17758 28282 8983 1.312648057937622
0 324 1 21468 28282 8983 1.276914358139038
0 324 1 17233 28282 8983 1.297400712966919
0 320 5 22285 29228 8983 1.3450725078582764
0 323 2 22821 29228 8983 1.4127306938171387
1 325 0 24739 29228 8983 1.8667352199554443
0 322 3 21595 29228 8983 1.3457777500152588
1 325 0 28406 29228 8983 1.3046975135803223
0 323 2 19967 29228 8983 1.3159208297729492
0 324 1 22277 29228 8983 1.7743728160858154
0 324 1 25291 29228 8983 1.9955573081970215
0 324 1 21769 29228 8983 1.2915101051330566
0 324 1 21939 29228 8983 2.014495849609375
0 324 1 22775 26883 8983 1.4627063274383545
0 320 5 15456 26883 8983 1.3198907375335693
0 322 3 19560 26883 8983 2.247274398803711
0 323 2 17473 26883 8983 1.299302101135254
0 322 3 18478 26883 8983 1.3100571632385254
0 322 3 19826 26883 8983 1.283677339553833
0 322 3 18668 26883 8983 1.2958555221557617
0 322 3 17967 26883 8983 1.308671474456787
0 323 2 13621 26883 8983 1.3208889961242676
0 324 1 16836 26883 8983 1.3079721927642822
0 323 2 20797 24256 8983 1.4359588623046875
0 323 2 10938 24256 8983 2.5264251232147217
0 323 2 15484 24256 8983 1.3438408374786377
0 321 4 14583 24256 8983 1.2902190685272217
0 323 2 13369 24256 8983 1.3347744941711426
0 324 1 19811 24256 8983 1.9463613033294678
0 323 2 16075 24256 8983 1.292912483215332
0 323 2 13064 24256 8983 2.075870990753174
0 323 2 21611 24256 8983 1.6841063499450684
0 322 3 14173 24256 8983 1.2887370586395264
0 324 1 16075 23820 8983 1.7200279235839844
0 324 1 16034 23820 8983 1.4789810180664062
0 323 2 15273 23820 8983 1.2824666500091553
0 324 1 15728 23820 8983 1.3355705738067627
0 322 3 19975 23820 8983 1.380030870437622
0 322 3 11809 23820 8983 1.7161564826965332
0 321 4 15189 23820 8983 2.365787982940674
0 321 4 16941 23820 8983 1.29069185256958
0 321 4 13944 23820 8983 1.300414800643921
0 321 4 14743 23820 8983 1.3450415134429932
0 320 5 14886 25574 8983 1.4210572242736816
0 322 3 16439 25574 8983 1.825345754623413
0 321 4 12537 25574 8983 2.233272075653076
0 320 5 8838 25574 8983 1.5895531177520752
0 322 3 18049 25574 8983 1.3327960968017578
0 324 1 17308 25574 8983 1.2760441303253174
0 322 3 23432 25574 8983 1.967853307723999
0 322 3 17582 25574 8983 1.844233512878418
0 322 3 16435 25574 8983 1.304488182067871
0 322 3 15765 25574 8983 1.3074984550476074
0 322 3 16678 24654 8983 1.620976209640503
0 324 1 16503 24654 8983 2.1240768432617188
0 324 1 20894 24654 8983 1.288541555404663
1 325 0 24102 24654 8983 1.3351020812988281
0 324 1 20671 24654 8983 1.9055843353271484
0 322 3 20162 24654 8983 2.06986141204834
0 323 2 21819 24654 8983 1.3130011558532715
0 323 2 18380 24654 8983 2.395536422729492
0 323 2 18120 24654 8983 1.4248909950256348
0 322 3 17916 24654 8983 1.8663685321807861
0 323 2 15648 19979 8983 1.3591492176055908
0 324 1 15260 19979 8983 1.3160309791564941
0 324 1 17046 19979 8983 1.2941594123840332
0 324 1 14977 19979 8983 2.2100720405578613
0 322 3 17135 19979 8983 1.4366283416748047
0 322 3 15535 19979 8983 1.3162682056427002
0 322 3 12898 19979 8983 1.3135573863983154
0 324 1 15744 19979 8983 1.8188889026641846
0 322 3 14126 19979 8983 1.848306655883789
0 323 2 13864 19979 8983 1.3047747611999512
0 324 1 12668 21340 8983 1.5536022186279297
0 322 3 13253 21340 8983 1.6517975330352783
1 325 0 18706 21340 8983 1.2914178371429443
0 322 3 12574 21340 8983 1.2896058559417725
0 323 2 14696 21340 8983 1.311537265777588
1 325 0 19380 21340 8983 1.4023025035858154
0 323 2 10350 21340 8983 1.4887712001800537
1 325 0 19655 21340 8983 1.7754840850830078
0 322 3 12631 21340 8983 1.3122963905334473
0 324 1 17064 21340 8983 1.331857442855835
0 322 3 18300 25075 8983 2.420112133026123
0 324 1 16762 25075 8983 1.534235954284668
0 324 1 18887 25075 8983 1.3861873149871826
1 325 0 20001 25075 8983 1.3152508735656738
0 324 1 19841 25075 8983 1.3110110759735107
0 323 2 14366 25075 8983 1.3061785697937012
1 325 0 23952 25075 8983 1.2914929389953613
0 322 3 21413 25075 8983 1.2732245922088623
0 323 2 19402 25075 8983 1.3040804862976074
0 324 1 19325 25075 8983 1.333310604095459
0 322 3 13140 22213 8983 1.3026514053344727
0 322 3 13691 22213 8983 2.5392284393310547
0 321 4 14929 22213 8983 1.3011198043823242
0 323 2 16618 22213 8983 1.2777936458587646
0 323 2 17282 22213 8983 1.334768533706665
0 323 2 16611 22213 8983 1.5716164112091064
0 321 4 12695 22213 8983 1.8817827701568604
0 322 3 16505 22213 8983 1.8449633121490479
0 323 2 15157 22213 8983 1.3187074661254883
0 321 4 13698 22213 8983 1.5716001987457275
0 324 1 21206 26054 8983 1.846787452697754
0 324 1 16900 26054 8983 1.2787353992462158
1 325 0 25194 26054 8983 1.2811110019683838
0 323 2 13500 26054 8983 1.2794883251190186
0 324 1 17749 26054 8983 1.3148725032806396
0 323 2 20339 26054 8983 1.3074233531951904
0 324 1 16886 26054 8983 1.825840950012207
1 325 0 22213 26054 8983 1.3156483173370361
0 324 1 18359 26054 8983 1.3067026138305664
0 323 2 20932 26054 8983 1.7261524200439453
0 321 4 11072 18635 8983 1.2982778549194336
0 322 3 8943 18635 8983 1.3165841102600098
0 322 3 12015 18635 8983 1.3060250282287598
0 322 3 11889 18635 8983 2.4826600551605225
0 323 2 13193 18635 8983 1.3239352703094482
0 323 2 14778 18635 8983 1.7402377128601074
0 324 1 10724 18635 8983 2.147221326828003
0 322 3 14597 18635 8983 1.2977843284606934
0 323 2 12364 18635 8983 1.3393833637237549
0 322 3 14635 18635 8983 1.396956205368042
0 323 2 16977 20922 8983 2.187366247177124
0 324 1 16702 20922 8983 1.747924566268921
0 324 1 15543 20922 8983 1.3026535511016846
0 323 2 18474 20922 8983 1.3402249813079834
0 324 1 16212 20922 8983 1.6390581130981445
1 325 0 20372 20922 8983 2.3790123462677
0 323 2 18445 20922 8983 1.8800444602966309
0 323 2 18626 20922 8983 1.3332743644714355
0 323 2 15054 20922 8983 1.3308701515197754
0 322 3 17594 20922 8983 1.9386582374572754
0 324 1 21674 27023 8983 1.3508248329162598
0 324 1 21611 27023 8983 2.1197805404663086
0 324 1 22043 27023 8983 1.572681188583374
0 322 3 20043 27023 8983 1.3259165287017822
0 324 1 22114 27023 8983 2.3941426277160645
0 323 2 16847 27023 8983 1.294468641281128
0 323 2 19272 27023 8983 1.290221929550171
0 322 3 19498 27023 8983 2.0543723106384277
0 324 1 22725 27023 8983 1.2886452674865723
0 320 5 16140 27023 8983 1.294065237045288
0 324 1 18903 23695 8983 1.3342044353485107
0 324 1 17554 23695 8983 2.39102840423584
0 322 3 15054 23695 8983 1.2879502773284912
0 324 1 19046 23695 8983 1.7387809753417969
0 323 2 14286 23695 8983 2.1154539585113525
0 323 2 15735 23695 8983 1.3456597328186035
0 321 4 12305 23695 8983 1.277747631072998
0 323 2 17522 23695 8983 2.080484628677368
0 324 1 17572 23695 8983 1.4476468563079834
0 323 2 19121 23695 8983 1.2684733867645264
0 321 4 10970 18100 8983 1.4193711280822754
0 324 1 16859 18100 8983 1.303875207901001
0 323 2 11217 18100 8983 1.2808656692504883
0 322 3 10838 18100 8983 1.3311553001403809
1 325 0 17810 18100 8983 1.2793631553649902
0 323 2 10556 18100 8983 1.3117413520812988
0 324 1 12350 18100 8983 1.2767021656036377
0 323 2 10704 18100 8983 1.2719767093658447
0 324 1 11721 18100 8983 2.2473254203796387
0 323 2 15740 18100 8983 1.41623854637146
0 324 1 13368 18370 8983 1.3286833763122559
0 324 1 15558 18370 8983 1.3388516902923584
1 325 0 17203 18370 8983 2.5004053115844727
0 324 1 13362 18370 8983 1.7893588542938232
1 325 0 16970 18370 8983 1.8298444747924805
0 324 1 12874 18370 8983 2.010822296142578
0 323 2 12307 18370 8983 1.9111814498901367
0 324 1 14015 18370 8983 1.3210444450378418
1 325 0 15576 18370 8983 1.4027397632598877
0 324 1 15472 18370 8983 1.7486317157745361
0 324 1 16982 18796 8983 1.3566112518310547
0 320 5 13090 18796 8983 1.316563606262207
0 322 3 10435 18796 8983 1.897688388824463
0 322 3 13434 18796 8983 1.8336336612701416
0 322 3 15176 18796 8983 1.3820416927337646
0 322 3 13584 18796 8983 2.397712230682373
0 322 3 16130 18796 8983 1.3145158290863037
0 323 2 14044 18796 8983 1.4022810459136963
0 321 4 13417 18796 8983 1.9619176387786865
0 322 3 12321 18796 8983 1.3270034790039062
0 322 3 19360 25980 8983 1.766425371170044
0 323 2 18058 25980 8983 1.338327407836914
1 325 0 25392 25980 8983 1.8195710182189941
0 324 1 21955 25980 8983 1.3222246170043945
0 321 4 16472 25980 8983 1.3291730880737305
0 321 4 14122 25980 8983 2.27711820602417
0 323 2 19263 25980 8983 1.693741798400879
0 319 6 13958 25980 8983 1.2813825607299805
0 321 4 8710 25980 8983 1.632483720779419
0 322 3 20640 25980 8983 1.500671148300171
0 324 1 16810 21436 8983 1.3055436611175537
0 323 2 17432 21436 8983 1.3127796649932861
0 324 1 16975 21436 8983 1.3125576972961426
1 325 0 20585 21436 8983 1.2914643287658691
0 323 2 17688 21436 8983 1.3137826919555664
0 323 2 11742 21436 8983 2.094299077987671
0 324 1 18514 21436 8983 1.9380381107330322
0 324 1 16245 21436 8983 1.2940773963928223
0 324 1 12047 21436 8983 1.3514213562011719
0 323 2 13254 21436 8983 1.356856346130371
0 324 1 20389 26749 8983 1.904709815979004
0 324 1 19786 26749 8983 2.0286548137664795
0 324 1 23927 26749 8983 1.3041276931762695
0 324 1 21112 26749 8983 1.460207223892212
0 324 1 22951 26749 8983 2.0624961853027344
1 325 0 25327 26749 8983 1.2857353687286377
0 324 1 23407 26749 8983 1.3148059844970703
1 325 0 25828 26749 8983 1.2844185829162598
0 324 1 21143 26749 8983 1.3048040866851807
0 324 1 19623 26749 8983 1.3011667728424072
1 325 0 24495 25743 8983 1.3265318870544434
0 323 2 21146 25743 8983 1.313279151916504
0 322 3 16039 25743 8983 1.2872776985168457
0 324 1 24832 25743 8983 1.2805464267730713
0 324 1 20908 25743 8983 1.7276685237884521
1 325 0 25145 25743 8983 1.8909051418304443
0 323 2 22109 25743 8983 1.3190577030181885
0 323 2 17638 25743 8983 1.307401180267334
0 324 1 21767 25743 8983 1.4875853061676025
0 323 2 20160 25743 8983 1.6735389232635498
0 321 4 12600 21714 8983 1.849454641342163
0 324 1 18465 21714 8983 1.3505661487579346
0 323 2 17093 21714 8983 1.3308086395263672
0 323 2 19508 21714 8983 1.3286864757537842
0 324 1 18722 21714 8983 1.339078664779663
0 322 3 13768 21714 8983 1.301504135131836
0 324 1 14690 21714 8983 2.0336952209472656
1 325 0 21422 21714 8983 1.5069644451141357
0 324 1 15305 21714 8983 1.3509347438812256
0 323 2 13793 21714 8983 1.2985742092132568
0 323 2 16715 23053 8983 1.3507812023162842
0 321 4 14046 23053 8983 1.9192595481872559
0 322 3 11455 23053 8983 1.3078413009643555
0 323 2 13699 23053 8983 1.3083622455596924
1 325 0 23053 23053 8983 1.3132071495056152
0 322 3 12671 23053 8983 2.481215476989746
0 321 4 16513 23053 8983 1.3052785396575928
0 323 2 14415 23053 8983 1.3781085014343262
0 322 3 13343 23053 8983 1.3425064086914062
0 322 3 13839 23053 8983 1.7189769744873047
0 323 2 15264 23544 8983 2.25750994682312
1 325 0 21116 23544 8983 1.5738708972930908
0 324 1 18517 23544 8983 1.2881669998168945
1 325 0 21534 23544 8983 1.2987000942230225
0 324 1 15983 23544 8983 1.2763359546661377
0 324 1 20127 23544 8983 1.3388519287109375
0 323 2 17526 23544 8983 1.8031258583068848
0 322 3 14171 23544 8983 1.60386323928833
0 323 2 17592 23544 8983 1.3334717750549316
1 325 0 22634 23544 8983 1.3402233123779297
0 324 1 11524 21536 8983 2.259495496749878
0 323 2 12986 21536 8983 1.6386613845825195
0 321 4 11502 21536 8983 1.327918529510498
0 322 3 15939 21536 8983 1.3357748985290527
0 324 1 12533 21536 8983 1.3300166130065918
0 324 1 17798 21536 8983 1.3012070655822754
0 323 2 15295 21536 8983 2.109621524810791
0 322 3 12578 21536 8983 1.6742544174194336
0 322 3 12130 21536 8983 1.974924087524414
0 322 3 10633 21536 8983 1.335561752319336
0 322 3 14466 22393 8983 1.3370351791381836
0 324 1 17632 22393 8983 1.3512089252471924
0 322 3 19094 22393 8983 1.291912317276001
0 321 4 9646 22393 8983 1.6140844821929932
0 323 2 16695 22393 8983 1.4907782077789307
0 323 2 13123 22393 8983 1.4659202098846436
0 324 1 18614 22393 8983 2.234844207763672
0 323 2 16322 22393 8983 1.2867355346679688
0 323 2 17092 22393 8983 1.315774917602539
0 324 1 14389 22393 8983 1.4500997066497803
0 324 1 15188 23566 8983 2.4698846340179443
0 322 3 12101 23566 8983 1.3236825466156006
0 323 2 13463 23566 8983 1.3172132968902588
0 323 2 16371 23566 8983 1.3482391834259033
0 322 3 10698 23566 8983 2.4379184246063232
0 324 1 16868 23566 8983 1.3259408473968506
0 324 1 16034 23566 8983 1.2957797050476074
0 323 2 9682 23566 8983 2.2674996852874756
0 324 1 13819 23566 8983 1.2910869121551514
0 323 2 12909 23566 8983 2.0679357051849365
0 321 4 18960 26957 8983 1.6184473037719727
0 322 3 10958 26957 8983 1.297213077545166
0 321 4 21870 26957 8983 1.288400650024414
0 321 4 15955 26957 8983 1.3315622806549072
0 318 7 12664 26957 8983 1.296647310256958
0 321 4 16627 26957 8983 1.3928642272949219
0 321 4 15726 26957 8983 2.128859758377075
0 322 3 11691 26957 8983 1.805577039718628
0 320 5 10469 26957 8983 1.3048503398895264
0 322 3 12554 26957 8983 1.2858929634094238
1 325 0 20312 21480 8983 1.3534948825836182
0 323 2 15780 21480 8983 1.2830538749694824
0 324 1 13907 21480 8983 1.2748534679412842
0 322 3 13406 21480 8983 1.299748420715332
0 322 3 12683 21480 8983 1.311948537826538
0 324 1 14129 21480 8983 1.3662424087524414
1 325 0 20156 21480 8983 2.0417802333831787
1 325 0 20560 21480 8983 1.2999513149261475
0 320 5 12812 21480 8983 1.3348095417022705
1 325 0 20829 21480 8983 1.318765640258789
0 323 2 19275 27949 8983 2.0003039836883545
0 322 3 16626 27949 8983 1.3066139221191406
0 323 2 18363 27949 8983 1.2906694412231445
0 320 5 15181 27949 8983 1.3382365703582764
0 324 1 12676 27949 8983 2.3565595149993896
0 323 2 20242 27949 8983 1.4917054176330566
0 324 1 16105 27949 8983 1.3492815494537354
0 324 1 17231 27949 8983 1.3201332092285156
0 321 4 17417 27949 8983 1.3130183219909668
0 323 2 17453 27949 8983 1.291383981704712
0 324 1 23102 26644 8983 1.3537025451660156
1 325 0 24094 26644 8983 2.415529727935791
0 324 1 22007 26644 8983 1.3018646240234375
1 325 0 23003 26644 8983 1.2751779556274414
1 325 0 24835 26644 8983 1.2948975563049316
0 324 1 18641 26644 8983 1.2861320972442627
1 325 0 25080 26644 8983 1.3318417072296143
1 325 0 24361 26644 8983 1.2947280406951904
1 325 0 25454 26644 8983 1.5648472309112549
0 322 3 18290 26644 8983 1.9631052017211914
0 324 1 19404 22468 8983 1.3774123191833496
0 323 2 18215 22468 8983 1.536806344985962
0 321 4 17072 22468 8983 1.754314661026001
0 323 2 19601 22468 8983 1.2911059856414795
0 323 2 17610 22468 8983 1.3685123920440674
0 323 2 17806 22468 8983 1.3582160472869873
0 323 2 20112 22468 8983 2.0665900707244873
0 324 1 19185 22468 8983 1.3058600425720215
1 325 0 22241 22468 8983 1.284738540649414
0 323 2 15500 22468 8983 1.3993721008300781
0 323 2 11742 19881 8983 1.3303096294403076
0 323 2 11727 19881 8983 1.820244550704956
0 324 1 13243 19881 8983 1.5017530918121338
0 324 1 16663 19881 8983 1.3233067989349365
0 323 2 14662 19881 8983 1.3408091068267822
0 321 4 10805 19881 8983 1.335059404373169
0 324 1 12881 19881 8983 1.2950701713562012
0 322 3 11145 19881 8983 1.8128783702850342
0 323 2 14149 19881 8983 1.6294679641723633
0 323 2 17472 19881 8983 1.322551965713501
0 323 2 12629 23468 8983 2.373305082321167
0 323 2 9667 23468 8983 1.422724962234497
0 323 2 11355 23468 8983 1.3646934032440186
0 321 4 11262 23468 8983 1.9927244186401367
0 323 2 12470 23468 8983 1.2928149700164795
0 324 1 17010 23468 8983 1.3309297561645508
0 322 3 14376 23468 8983 1.289189100265503
0 322 3 15354 23468 8983 1.2945616245269775
0 322 3 12699 23468 8983 1.7361812591552734
0 323 2 12305 23468 8983 1.9103105068206787
0 323 2 12799 18847 8983 1.3120551109313965
0 322 3 16167 18847 8983 1.2990045547485352
0 322 3 11123 18847 8983 1.3368620872497559
0 323 2 11907 18847 8983 1.2916829586029053
0 324 1 18062 18847 8983 2.3643391132354736
0 324 1 13364 18847 8983 1.4448349475860596
0 323 2 9441 18847 8983 1.30610990524292
0 324 1 11797 18847 8983 1.2769958972930908
0 324 1 12128 18847 8983 2.6480321884155273
0 322 3 11231 18847 8983 1.5054848194122314
0 323 2 15496 25239 8983 1.3823425769805908
0 322 3 13141 25239 8983 1.3768911361694336
0 323 2 17510 25239 8983 1.3065578937530518
0 322 3 21544 25239 8983 1.337740421295166
0 323 2 16500 25239 8983 1.3214852809906006
0 324 1 18183 25239 8983 2.597965955734253
0 323 2 15157 25239 8983 1.3006763458251953
0 323 2 15159 25239 8983 1.305267333984375
0 323 2 19527 25239 8983 1.2829830646514893
0 322 3 16502 25239 8983 1.3147623538970947
0 324 1 17973 26636 8983 1.3475077152252197
0 324 1 20733 26636 8983 1.300729513168335
0 323 2 12305 26636 8983 2.2099268436431885
0 324 1 15156 26636 8983 1.6856298446655273
0 323 2 17319 26636 8983 1.3359951972961426
0 322 3 15794 26636 8983 2.457143545150757
0 324 1 14258 26636 8983 1.33976411819458
0 323 2 15122 26636 8983 1.4134604930877686
0 322 3 14292 26636 8983 1.3260838985443115
0 322 3 13224 26636 8983 2.103599786758423
0 322 3 13843 21982 8983 1.3823161125183105
0 322 3 13560 21982 8983 1.9863831996917725
1 325 0 18937 21982 8983 1.3237872123718262
0 323 2 18376 21982 8983 1.2978863716125488
0 323 2 17724 21982 8983 1.337759017944336
0 324 1 15147 21982 8983 2.323866128921509
0 324 1 18104 21982 8983 1.4738168716430664
0 324 1 16813 21982 8983 1.2882559299468994
1 325 0 20242 21982 8983 2.091559648513794
0 324 1 17597 21982 8983 1.297377347946167
1 325 0 19390 21274 8983 1.3317914009094238
0 324 1 20283 21274 8983 1.296431541442871
0 324 1 18687 21274 8983 1.9110050201416016
0 323 2 14018 21274 8983 1.4739062786102295
1 325 0 20369 21274 8983 1.2730991840362549
1 325 0 18653 21274 8983 2.344343423843384
0 324 1 16427 21274 8983 1.296034574508667
0 324 1 17507 21274 8983 1.332263708114624
0 323 2 16038 21274 8983 1.3813116550445557
1 325 0 19042 21274 8983 1.3747525215148926
0 324 1 18705 25036 8983 2.481138229370117
0 323 2 14820 25036 8983 1.3244061470031738
0 322 3 16636 25036 8983 1.3177783489227295
0 323 2 19996 25036 8983 1.5542333126068115
0 323 2 17833 25036 8983 1.3787038326263428
1 325 0 24699 25036 8983 1.3100345134735107
0 323 2 17062 25036 8983 1.386408805847168
0 324 1 18055 25036 8983 1.3312115669250488
0 321 4 13044 25036 8983 1.3187649250030518
0 321 4 12883 25036 8983 1.3303029537200928
0 323 2 20148 29209 8983 1.3474500179290771
0 323 2 19426 29209 8983 2.181292772293091
0 323 2 21067 29209 8983 1.327014446258545
0 324 1 18527 29209 8983 1.3328640460968018
0 323 2 25357 29209 8983 1.314446210861206
0 323 2 20155 29209 8983 1.6451778411865234
0 324 1 18668 29209 8983 1.7108283042907715
0 323 2 22731 29209 8983 1.3085169792175293
0 323 2 18605 29209 8983 1.4078400135040283
0 322 3 17997 29209 8983 1.7967870235443115
0 322 3 20641 29616 8983 1.705378532409668
0 323 2 17945 29616 8983 2.388974905014038
0 323 2 15935 29616 8983 1.2624545097351074
0 323 2 18788 29616 8983 1.3484807014465332
0 322 3 19458 29616 8983 2.123584270477295
0 322 3 15255 29616 8983 1.2794837951660156
0 322 3 14817 29616 8983 1.2939577102661133
0 324 1 22153 29616 8983 1.3896594047546387
0 322 3 19187 29616 8983 1.6905968189239502
0 322 3 17336 29616 8983 1.2962477207183838
0 323 2 12837 23116 8983 1.3347761631011963
0 323 2 16325 23116 8983 2.2415003776550293
1 325 0 22832 23116 8983 1.330547571182251
0 323 2 18756 23116 8983 1.6937174797058105
1 325 0 21470 23116 8983 1.616569995880127
0 321 4 11711 23116 8983 1.3169925212860107
0 323 2 17520 23116 8983 1.4978435039520264
1 325 0 20864 23116 8983 1.6651272773742676
0 323 2 17826 23116 8983 1.3926563262939453
0 322 3 17079 23116 8983 1.6222710609436035
0 323 2 17017 21962 8983 1.5823276042938232
1 325 0 21962 21962 8983 1.3682820796966553
0 320 5 14772 21962 8983 1.3174965381622314
0 321 4 14007 21962 8983 1.2900233268737793
0 322 3 16974 21962 8983 2.0368545055389404
0 320 5 13602 21962 8983 1.292778730392456
0 324 1 16932 21962 8983 1.3116960525512695
0 323 2 16870 21962 8983 1.878852128982544
0 324 1 16668 21962 8983 1.368952751159668
0 324 1 16836 21962 8983 1.6271746158599854
0 323 2 17155 22554 8983 1.3748621940612793
0 324 1 18507 22554 8983 1.6492688655853271
0 324 1 14020 22554 8983 2.0642659664154053
1 325 0 18607 22554 8983 1.3105380535125732
0 324 1 19633 22554 8983 1.2893130779266357
0 324 1 17813 22554 8983 2.0241732597351074
0 324 1 18065 22554 8983 1.2936944961547852
0 323 2 14238 22554 8983 1.298943281173706
0 322 3 16645 22554 8983 1.2653381824493408
0 323 2 16129 22554 8983 1.9208261966705322
