0 324 1 16625 26573 89868 13.426809787750244
0 324 1 17449 26573 89868 16.40843415260315
0 324 1 18179 26573 89868 14.31544017791748
0 324 1 17882 26573 89868 16.50883674621582
0 324 1 18831 26573 89868 14.443394184112549
0 324 1 16671 26573 89868 15.797200202941895
1 325 0 26573 26573 89868 14.580888509750366
1 325 0 25876 26573 89868 14.641212463378906
0 324 1 17513 26573 89868 15.849350214004517
0 323 2 15763 26573 89868 15.302652597427368
1 325 0 17110 18638 89868 14.126172065734863
1 325 0 17582 18638 89868 14.584702491760254
1 325 0 17110 18638 89868 15.18570590019226
1 325 0 16712 18638 89868 15.27616000175476
1 325 0 17717 18638 89868 16.531453609466553
1 325 0 17141 18638 89868 15.532357454299927
1 325 0 17739 18638 89868 14.498144626617432
1 325 0 16320 18638 89868 15.986165046691895
1 325 0 16320 18638 89868 15.545768737792969
1 325 0 17310 18638 89868 16.088038444519043
0 324 1 20650 24430 89868 15.27468729019165
1 325 0 24430 24430 89868 16.3396577835083
0 324 1 14596 24430 89868 15.641772747039795
1 325 0 24430 24430 89868 16.313692331314087
0 324 1 19225 24430 89868 15.585363864898682
0 324 1 20388 24430 89868 15.638846635818481
0 324 1 21440 24430 89868 16.672756671905518
0 324 1 20260 24430 89868 15.597234964370728
0 323 2 16788 24430 89868 16.073752880096436
0 324 1 22661 24430 89868 14.525015354156494
0 323 2 11680 26137 89868 15.80522108078003
0 323 2 19747 26137 89868 14.860398530960083
0 323 2 14366 26137 89868 15.93706226348877
0 322 3 19077 26137 89868 15.9391610622406
0 324 1 14033 26137 89868 14.58059310913086
0 324 1 14032 26137 89868 16.51532244682312
0 324 1 13367 26137 89868 16.124160289764404
0 324 1 13365 26137 89868 16.852893114089966
0 324 1 13364 26137 89868 14.640537023544312
0 323 2 16612 26137 89868 16.30253267288208
1 325 0 23613 24689 89868 16.052924633026123
1 325 0 24689 24689 89868 15.879520893096924
1 325 0 22400 24689 89868 15.977206945419312
1 325 0 22400 24689 89868 15.017757177352905
1 325 0 23613 24689 89868 16.76370882987976
1 325 0 23062 24689 89868 15.940067052841187
1 325 0 23460 24689 89868 14.967347621917725
1 325 0 21370 24689 89868 16.17984414100647
0 323 2 14474 24689 89868 15.4680016040802
1 325 0 23043 24689 89868 16.071234226226807
1 325 0 15932 24016 89868 16.43728733062744
0 324 1 12829 24016 89868 16.3272488117218
0 323 2 16708 24016 89868 17.825968742370605
0 324 1 14721 24016 89868 15.209354639053345
0 324 1 20633 24016 89868 15.702721118927002
1 325 0 22179 24016 89868 14.849721908569336
1 325 0 15932 24016 89868 15.651261806488037
1 325 0 23020 24016 89868 15.802994966506958
0 324 1 18932 24016 89868 14.621021509170532
1 325 0 15932 24016 89868 17.36098623275757
0 324 1 17446 26123 89868 15.574204683303833
0 323 2 17515 26123 89868 16.030759572982788
1 325 0 26123 26123 89868 15.832815408706665
0 324 1 21657 26123 89868 16.084752082824707
0 324 1 20282 26123 89868 14.647014379501343
1 325 0 26123 26123 89868 15.98787808418274
0 324 1 17708 26123 89868 14.857693672180176
0 324 1 20939 26123 89868 16.56797981262207
0 324 1 23136 26123 89868 14.501396179199219
0 323 2 21843 26123 89868 15.455653667449951
0 324 1 19539 25071 89868 14.657161235809326
1 325 0 25071 25071 89868 15.020161390304565
0 324 1 18499 25071 89868 17.34233260154724
1 325 0 25071 25071 89868 14.599034786224365
1 325 0 25071 25071 89868 15.509703874588013
0 323 2 11619 25071 89868 14.636706829071045
0 324 1 21222 25071 89868 16.382601737976074
0 324 1 21040 25071 89868 15.620627403259277
0 324 1 21309 25071 89868 14.723217964172363
0 324 1 21625 25071 89868 14.973817348480225
1 325 0 20477 21278 89868 16.006322145462036
1 325 0 20475 21278 89868 15.975278854370117
0 324 1 19749 21278 89868 15.709667444229126
1 325 0 20477 21278 89868 15.122477293014526
1 325 0 20477 21278 89868 14.802067279815674
1 325 0 20363 21278 89868 15.946877479553223
1 325 0 21105 21278 89868 14.806833744049072
1 325 0 21124 21278 89868 15.828147649765015
1 325 0 20475 21278 89868 14.57451319694519
0 323 2 15953 21278 89868 14.754990339279175
1 325 0 20386 22180 89868 16.567656755447388
1 325 0 20165 22180 89868 14.639364242553711
1 325 0 20407 22180 89868 15.219393730163574
0 324 1 17386 22180 89868 14.348270416259766
1 325 0 20138 22180 89868 14.858503103256226
1 325 0 21607 22180 89868 14.416532039642334
1 325 0 21641 22180 89868 16.03988480567932
0 324 1 13795 22180 89868 15.703878164291382
1 325 0 21571 22180 89868 19.24023938179016
1 325 0 21980 22180 89868 17.407657623291016
0 324 1 16057 25800 89868 18.496241807937622
0 324 1 14931 25800 89868 16.1259925365448
0 324 1 15604 25800 89868 14.553260803222656
1 325 0 25800 25800 89868 15.683269262313843
0 324 1 16056 25800 89868 14.628082036972046
1 325 0 25800 25800 89868 14.701889276504517
0 324 1 14713 25800 89868 14.722219705581665
0 324 1 14258 25800 89868 14.65816354751587
0 324 1 14931 25800 89868 16.360400438308716
0 323 2 17619 25800 89868 15.382718801498413
1 325 0 20466 20466 89868 15.288302659988403
1 325 0 20409 20466 89868 14.716143131256104
1 325 0 20466 20466 89868 14.927189588546753
1 325 0 17624 20466 89868 14.508898735046387
1 325 0 19220 20466 89868 16.728843688964844
1 325 0 20175 20466 89868 14.843444347381592
1 325 0 19758 20466 89868 16.252619981765747
0 323 2 12508 20466 89868 14.904433012008667
1 325 0 17822 20466 89868 15.696309328079224
1 325 0 17928 20466 89868 14.910877227783203
0 324 1 24064 31523 89868 14.527440309524536
0 324 1 24236 31523 89868 15.155142068862915
1 325 0 31186 31523 89868 14.415380239486694
1 325 0 31523 31523 89868 15.107177734375
0 324 1 26924 31523 89868 14.70027208328247
0 324 1 26870 31523 89868 14.582914352416992
0 324 1 25638 31523 89868 15.640266418457031
1 325 0 31523 31523 89868 14.596416711807251
1 325 0 31523 31523 89868 14.602227926254272
1 325 0 31523 31523 89868 15.318520784378052
0 324 1 18473 28700 89868 14.642876386642456
1 325 0 28243 28700 89868 15.791499137878418
1 325 0 27393 28700 89868 14.74245548248291
1 325 0 28198 28700 89868 15.632961750030518
0 324 1 16802 28700 89868 14.673746824264526
0 324 1 20294 28700 89868 15.19917345046997
1 325 0 28162 28700 89868 14.498884677886963
1 325 0 28700 28700 89868 15.160803318023682
1 325 0 28606 28700 89868 15.950187921524048
0 324 1 14347 28700 89868 14.631036281585693
0 324 1 20229 24729 89868 14.89634108543396
0 324 1 16469 24729 89868 14.499300479888916
0 323 2 21144 24729 89868 16.377804279327393
1 325 0 24265 24729 89868 14.51802110671997
1 325 0 23825 24729 89868 14.853812456130981
1 325 0 24237 24729 89868 15.425606727600098
1 325 0 23854 24729 89868 14.969130516052246
0 324 1 18803 24729 89868 14.260905504226685
1 325 0 23854 24729 89868 15.074772357940674
1 325 0 24301 24729 89868 16.147201776504517
0 324 1 18442 22975 89868 14.374297857284546
0 324 1 17827 22975 89868 16.285524606704712
0 324 1 18952 22975 89868 15.010885238647461
0 324 1 18663 22975 89868 15.164927005767822
0 324 1 17414 22975 89868 13.792248725891113
0 324 1 14167 22975 89868 15.523109197616577
0 324 1 16844 22975 89868 14.857709646224976
0 324 1 19003 22975 89868 13.909652471542358
0 324 1 18661 22975 89868 16.18899178504944
0 324 1 17914 22975 89868 13.79347848892212
0 324 1 12303 20396 89868 15.157886743545532
0 323 2 13373 20396 89868 15.469703912734985
1 325 0 20396 20396 89868 13.77651071548462
1 325 0 19901 20396 89868 15.012077808380127
1 325 0 19538 20396 89868 15.19217848777771
1 325 0 19538 20396 89868 13.625399589538574
0 324 1 13176 20396 89868 14.933754682540894
0 324 1 15170 20396 89868 16.11728000640869
0 324 1 14885 20396 89868 14.209073066711426
0 324 1 13703 20396 89868 15.546789646148682
1 325 0 28108 28737 89868 13.786876678466797
1 325 0 27796 28737 89868 15.371194124221802
1 325 0 27304 28737 89868 13.855227708816528
1 325 0 28089 28737 89868 15.232561826705933
1 325 0 27573 28737 89868 13.899410724639893
1 325 0 28095 28737 89868 15.236119031906128
1 325 0 27237 28737 89868 15.1310715675354
1 325 0 27991 28737 89868 13.919376373291016
1 325 0 27724 28737 89868 15.407243013381958
1 325 0 27848 28737 89868 14.109212160110474
0 324 1 14519 19184 89868 15.34839153289795
0 324 1 14857 19184 89868 13.971386909484863
0 323 2 11581 19184 89868 14.71479344367981
0 324 1 15123 19184 89868 15.713545799255371
0 323 2 12907 19184 89868 14.058172702789307
0 323 2 9767 19184 89868 16.14305543899536
0 324 1 13321 19184 89868 13.911665439605713
0 324 1 13621 19184 89868 15.751948595046997
0 324 1 13649 19184 89868 15.198277473449707
1 325 0 19184 19184 89868 13.948415040969849
1 325 0 20010 20380 89868 15.73680853843689
0 324 1 14218 20380 89868 13.87914776802063
0 324 1 14175 20380 89868 16.01284885406494
0 324 1 12808 20380 89868 15.048323392868042
1 325 0 20380 20380 89868 15.700732946395874
0 324 1 14655 20380 89868 15.060494899749756
0 324 1 10950 20380 89868 15.13351321220398
0 324 1 15416 20380 89868 14.41264820098877
0 323 2 13988 20380 89868 15.032338857650757
1 325 0 20380 20380 89868 14.359167098999023
0 324 1 23390 25348 89868 15.012155055999756
1 325 0 25348 25348 89868 14.256864309310913
0 324 1 15796 25348 89868 16.188051462173462
0 324 1 16650 25348 89868 14.940129518508911
0 324 1 14786 25348 89868 14.487614154815674
0 324 1 17620 25348 89868 15.08422589302063
0 324 1 16854 25348 89868 13.858579397201538
0 323 2 14560 25348 89868 14.160029888153076
0 324 1 17682 25348 89868 14.176629543304443
0 324 1 16110 25348 89868 15.620831966400146
0 323 2 10289 16731 89868 13.9977445602417
1 325 0 15896 16731 89868 16.34118676185608
0 324 1 13336 16731 89868 14.946024656295776
0 324 1 11358 16731 89868 14.185078859329224
0 324 1 9579 16731 89868 15.276830673217773
1 325 0 15566 16731 89868 16.556220769882202
0 324 1 14843 16731 89868 13.846014738082886
1 325 0 15856 16731 89868 14.357392072677612
1 325 0 15566 16731 89868 16.307894945144653
0 323 2 8645 16731 89868 14.998673915863037
0 324 1 20244 26931 89868 15.91703987121582
0 324 1 15914 26931 89868 16.571768522262573
0 324 1 19893 26931 89868 15.019599199295044
1 325 0 20577 26931 89868 15.93771481513977
1 325 0 21713 26931 89868 16.06412386894226
1 325 0 20577 26931 89868 15.452589273452759
1 325 0 26807 26931 89868 15.197574615478516
1 325 0 23239 26931 89868 15.234505653381348
1 325 0 20577 26931 89868 14.099188327789307
0 324 1 15058 26931 89868 15.292447566986084
0 323 2 17768 22741 89868 16.05730152130127
1 325 0 15548 22741 89868 13.77648401260376
0 324 1 12797 22741 89868 14.694636583328247
0 324 1 13467 22741 89868 15.62280821800232
0 324 1 13739 22741 89868 13.734713077545166
0 324 1 11998 22741 89868 16.000335454940796
0 324 1 18644 22741 89868 13.751184940338135
0 324 1 14008 22741 89868 14.774269819259644
0 323 2 13874 22741 89868 14.072094917297363
0 323 2 12799 22741 89868 14.707295417785645
0 324 1 21877 26208 89868 15.374598979949951
0 324 1 23448 26208 89868 13.859317541122437
1 325 0 26208 26208 89868 15.53929853439331
0 324 1 17517 26208 89868 14.089038133621216
0 324 1 17310 26208 89868 15.25807523727417
0 324 1 14673 26208 89868 13.981036901473999
0 323 2 15448 26208 89868 15.100636720657349
0 324 1 12923 26208 89868 13.983456134796143
0 324 1 15741 26208 89868 14.20968246459961
1 325 0 26208 26208 89868 15.761313438415527
0 324 1 16842 25279 89868 13.7797110080719
0 323 2 12805 25279 89868 15.575908422470093
1 325 0 25279 25279 89868 15.147254943847656
0 323 2 11484 25279 89868 14.891818284988403
0 323 2 14650 25279 89868 15.115355730056763
0 324 1 20154 25279 89868 13.988262176513672
0 324 1 12721 25279 89868 16.442164421081543
0 323 2 14983 25279 89868 15.202829122543335
0 323 2 15519 25279 89868 14.185486555099487
0 324 1 20399 25279 89868 15.46771788597107
1 325 0 19619 20455 89868 14.738608837127686
1 325 0 19719 20455 89868 16.23065757751465
1 325 0 19126 20455 89868 13.705854654312134
1 325 0 20031 20455 89868 14.683220386505127
1 325 0 17257 20455 89868 15.497169733047485
1 325 0 19567 20455 89868 13.871329307556152
1 325 0 19852 20455 89868 15.065696716308594
1 325 0 19186 20455 89868 14.618134498596191
1 325 0 20455 20455 89868 15.284138679504395
1 325 0 19424 20455 89868 14.754208326339722
1 325 0 14768 20186 89868 16.27228546142578
1 325 0 15112 20186 89868 14.615944385528564
1 325 0 20186 20186 89868 13.954582691192627
0 324 1 17634 20186 89868 14.792183637619019
0 324 1 13706 20186 89868 14.713011741638184
0 324 1 15568 20186 89868 16.55826997756958
0 324 1 16241 20186 89868 13.860854148864746
0 324 1 15228 20186 89868 14.933314323425293
1 325 0 20186 20186 89868 16.42861247062683
1 325 0 15112 20186 89868 14.053550720214844
0 324 1 16433 27711 89868 15.762102603912354
1 325 0 27432 27711 89868 15.183051586151123
0 324 1 19879 27711 89868 15.128732681274414
1 325 0 20366 27711 89868 13.64167833328247
1 325 0 27031 27711 89868 15.197166681289673
0 324 1 17093 27711 89868 15.625184297561646
1 325 0 24479 27711 89868 14.695921897888184
0 324 1 19371 27711 89868 15.319031953811646
1 325 0 27493 27711 89868 14.893127202987671
1 325 0 27711 27711 89868 16.325514793395996
1 325 0 27933 27933 89868 14.848572492599487
0 323 2 14934 27933 89868 16.334777116775513
0 323 2 15272 27933 89868 13.913159370422363
0 323 2 14932 27933 89868 14.854199886322021
0 323 2 17743 27933 89868 14.675745010375977
0 323 2 15499 27933 89868 14.963802814483643
1 325 0 27933 27933 89868 13.877111911773682
0 323 2 16171 27933 89868 15.137437582015991
1 325 0 27933 27933 89868 14.808006048202515
1 325 0 27933 27933 89868 15.657668113708496
0 324 1 20684 27370 89868 13.729198217391968
0 324 1 18516 27370 89868 15.476086616516113
0 323 2 16168 27370 89868 15.197382688522339
0 324 1 19642 27370 89868 15.095221042633057
0 323 2 17849 27370 89868 14.811599016189575
0 324 1 17995 27370 89868 15.17188811302185
0 323 2 19640 27370 89868 15.624487400054932
0 324 1 20203 27370 89868 13.84652590751648
0 324 1 18481 27370 89868 16.86670184135437
0 324 1 20315 27370 89868 14.819237232208252
0 322 3 14034 25801 89868 15.198432445526123
0 322 3 16452 25801 89868 13.77415156364441
1 325 0 25801 25801 89868 14.946800231933594
0 321 4 12578 25801 89868 15.290780305862427
0 323 2 16892 25801 89868 14.68509578704834
0 323 2 16219 25801 89868 14.793154001235962
0 323 2 17287 25801 89868 15.220495700836182
0 322 3 12411 25801 89868 14.655519723892212
0 323 2 15103 25801 89868 14.922719717025757
0 322 3 15433 25801 89868 13.781838178634644
1 325 0 25506 25506 89868 15.425354242324829
0 324 1 18591 25506 89868 14.673476934432983
0 324 1 19935 25506 89868 15.870489597320557
1 325 0 25506 25506 89868 15.107746601104736
0 324 1 20802 25506 89868 15.9899320602417
0 324 1 18596 25506 89868 15.47890591621399
1 325 0 25506 25506 89868 15.763299226760864
1 325 0 25506 25506 89868 14.248799085617065
1 325 0 25506 25506 89868 16.003910303115845
0 322 3 12470 25506 89868 14.666003704071045
1 325 0 24453 24453 89868 15.644943952560425
0 324 1 14374 24453 89868 14.618042469024658
0 324 1 11229 24453 89868 16.374049186706543
0 323 2 15264 24453 89868 15.669279336929321
0 324 1 15488 24453 89868 15.001371145248413
0 323 2 15046 24453 89868 15.563035488128662
0 322 3 13478 24453 89868 15.223623991012573
1 325 0 24453 24453 89868 16.166341304779053
0 322 3 11234 24453 89868 15.390604019165039
0 321 4 10787 24453 89868 16.35453510284424
0 324 1 14663 24296 89868 14.505047082901001
0 324 1 13722 24296 89868 16.50850224494934
0 323 2 14396 24296 89868 14.523332357406616
0 324 1 15069 24296 89868 16.282028198242188
0 323 2 13723 24296 89868 14.648893117904663
0 324 1 15473 24296 89868 16.099254846572876
0 324 1 14799 24296 89868 15.634703159332275
1 325 0 24296 24296 89868 15.736555576324463
0 324 1 15022 24296 89868 14.679734468460083
0 323 2 13679 24296 89868 15.468719244003296
0 323 2 20536 25576 89868 15.690356254577637
0 324 1 17847 25576 89868 14.56278920173645
1 325 0 25576 25576 89868 16.18861222267151
0 324 1 15942 25576 89868 15.951401710510254
0 324 1 22663 25576 89868 15.704721927642822
1 325 0 25576 25576 89868 16.92862629890442
0 323 2 14827 25576 89868 15.630253076553345
0 324 1 22215 25576 89868 15.404675722122192
0 324 1 19524 25576 89868 14.888821363449097
0 324 1 14596 25576 89868 15.89030122756958
1 325 0 24369 24792 89868 14.87616777420044
0 323 2 14211 24792 89868 16.88279104232788
1 325 0 14434 24792 89868 14.490941762924194
0 324 1 13862 24792 89868 16.942389488220215
1 325 0 24792 24792 89868 14.693764209747314
1 325 0 24792 24792 89868 15.923798561096191
1 325 0 24355 24792 89868 16.41511082649231
1 325 0 24398 24792 89868 14.610911846160889
1 325 0 24427 24792 89868 15.851691484451294
0 324 1 22065 24792 89868 14.633486986160278
0 324 1 21331 24777 89868 15.871647357940674
0 322 3 19133 24777 89868 16.356886386871338
1 325 0 23295 24777 89868 14.829362869262695
1 325 0 22133 24777 89868 16.217973709106445
0 322 3 17882 24777 89868 14.712886095046997
1 325 0 22133 24777 89868 17.167152881622314
1 325 0 22133 24777 89868 14.586360454559326
1 325 0 22133 24777 89868 16.86127233505249
0 324 1 21850 24777 89868 15.464852094650269
0 324 1 21017 24777 89868 15.354621171951294
0 324 1 19019 23558 89868 15.184444665908813
0 324 1 12968 23558 89868 15.59003734588623
1 325 0 23558 23558 89868 15.056930780410767
0 324 1 20703 23558 89868 16.491482973098755
1 325 0 23558 23558 89868 15.136378765106201
1 325 0 23389 23558 89868 16.057684659957886
0 324 1 17840 23558 89868 16.054048538208008
0 323 2 15493 23558 89868 14.61419153213501
1 325 0 23558 23558 89868 15.5163254737854
0 324 1 8936 23558 89868 16.695711612701416
1 325 0 24209 24209 89868 14.709562063217163
0 323 2 15249 24209 89868 16.3658390045166
0 323 2 14646 24209 89868 14.674689531326294
0 324 1 14305 24209 89868 17.60251259803772
0 324 1 13903 24209 89868 15.63563871383667
0 322 3 13130 24209 89868 16.49679207801819
0 324 1 13618 24209 89868 14.75938868522644
0 323 2 17081 24209 89868 16.506859302520752
0 324 1 15866 24209 89868 15.946122169494629
0 324 1 13575 24209 89868 15.985732078552246
0 324 1 16498 25239 89868 15.752087593078613
0 324 1 16838 25239 89868 14.98806643486023
0 324 1 18181 25239 89868 15.41529655456543
0 324 1 16834 25239 89868 15.953881978988647
0 323 2 20201 25239 89868 15.615360975265503
0 323 2 12130 25239 89868 14.658445358276367
1 325 0 25239 25239 89868 14.808484315872192
0 323 2 13815 25239 89868 16.338462591171265
0 324 1 15827 25239 89868 14.996813297271729
0 324 1 14481 25239 89868 17.581579446792603
0 324 1 13159 20031 89868 14.735344648361206
1 325 0 19583 20031 89868 15.91428518295288
1 325 0 19682 20031 89868 14.992572546005249
1 325 0 19413 20031 89868 14.868057250976562
1 325 0 19143 20031 89868 15.10538125038147
1 325 0 18659 20031 89868 14.823894262313843
0 324 1 16882 20031 89868 15.270470380783081
1 325 0 19402 20031 89868 14.901511430740356
1 325 0 19682 20031 89868 16.024989366531372
1 325 0 19379 20031 89868 14.837646245956421
1 325 0 23576 23576 89868 17.063850164413452
1 325 0 23576 23576 89868 14.614994287490845
1 325 0 16845 23576 89868 15.124889612197876
1 325 0 23576 23576 89868 14.885793209075928
1 325 0 22620 23576 89868 14.845811128616333
1 325 0 23576 23576 89868 16.120938777923584
0 324 1 13681 23576 89868 14.969919204711914
0 323 2 14552 23576 89868 15.068495035171509
0 323 2 17309 23576 89868 15.341686964035034
1 325 0 17391 23576 89868 15.003798484802246
0 324 1 12549 22467 89868 16.193674087524414
1 325 0 21566 22467 89868 14.768885135650635
0 324 1 13067 22467 89868 15.187489748001099
0 324 1 15254 22467 89868 14.522828817367554
0 324 1 15858 22467 89868 16.024051666259766
1 325 0 21566 22467 89868 15.030762672424316
0 324 1 20344 22467 89868 15.934553861618042
0 324 1 13377 22467 89868 15.231348514556885
0 324 1 12106 22467 89868 13.527429819107056
0 324 1 10960 22467 89868 15.186832666397095
0 324 1 16167 27932 89868 14.9344801902771
0 323 2 16500 27932 89868 15.05122423171997
0 323 2 14708 27932 89868 15.074503898620605
0 323 2 16839 27932 89868 14.80514144897461
0 323 2 26249 27932 89868 14.901500225067139
0 323 2 20205 27932 89868 13.721378087997437
0 324 1 18741 27932 89868 16.479538202285767
0 323 2 22219 27932 89868 13.85606074333191
0 323 2 16499 27932 89868 14.72935152053833
0 323 2 12806 27932 89868 14.603490352630615
1 325 0 23697 24488 89868 15.036670446395874
0 324 1 16743 24488 89868 15.339189529418945
1 325 0 24420 24488 89868 14.853927850723267
0 324 1 21076 24488 89868 15.13539719581604
1 325 0 24420 24488 89868 14.694728136062622
1 325 0 24154 24488 89868 15.11483907699585
1 325 0 24053 24488 89868 13.732558250427246
1 325 0 23284 24488 89868 14.82698655128479
1 325 0 23179 24488 89868 14.884757041931152
1 325 0 24053 24488 89868 16.040753602981567
0 324 1 25249 26586 89868 14.984023094177246
0 324 1 18974 26586 89868 14.677313804626465
1 325 0 26586 26586 89868 14.738385915756226
0 324 1 18300 26586 89868 16.523889780044556
0 323 2 19979 26586 89868 14.841195344924927
0 324 1 25586 26586 89868 16.382187604904175
0 324 1 16622 26586 89868 13.855308771133423
0 323 2 17625 26586 89868 16.08614945411682
0 324 1 19535 26586 89868 14.855114459991455
0 324 1 21878 26586 89868 14.967523097991943
0 324 1 15623 22234 89868 15.154991865158081
0 324 1 17986 22234 89868 13.632425546646118
0 324 1 11285 22234 89868 16.089199542999268
0 324 1 12770 22234 89868 14.787192344665527
0 324 1 9834 22234 89868 16.496317386627197
0 324 1 10281 22234 89868 14.765168190002441
0 324 1 18036 22234 89868 15.40604305267334
0 324 1 12061 22234 89868 14.946366786956787
0 323 2 11057 22234 89868 14.893620252609253
0 324 1 14276 22234 89868 15.399930000305176
0 322 3 17999 25119 89868 13.737927675247192
1 325 0 24973 25119 89868 14.833465576171875
0 324 1 22511 25119 89868 16.576815843582153
0 322 3 13513 25119 89868 15.007157802581787
0 322 3 16155 25119 89868 18.330543756484985
1 325 0 24383 25119 89868 16.084503173828125
1 325 0 25119 25119 89868 14.979011058807373
0 324 1 21431 25119 89868 15.211304426193237
1 325 0 24973 25119 89868 15.043668508529663
1 325 0 24383 25119 89868 15.133412599563599
0 324 1 11355 21131 89868 15.901194334030151
0 324 1 12601 21131 89868 15.647382259368896
0 324 1 13135 21131 89868 15.047104120254517
0 324 1 10743 21131 89868 15.212599277496338
0 324 1 10579 21131 89868 14.874866724014282
0 324 1 15716 21131 89868 15.364595174789429
1 325 0 21131 21131 89868 14.874873161315918
0 324 1 12947 21131 89868 14.94601559638977
0 324 1 12166 21131 89868 13.904470205307007
0 324 1 11863 21131 89868 14.98342752456665
0 324 1 10897 25800 89868 15.162776947021484
0 324 1 15827 25800 89868 15.01469087600708
0 324 1 16277 25800 89868 15.511891603469849
0 324 1 15155 25800 89868 16.103475093841553
0 324 1 15155 25800 89868 15.344707489013672
0 324 1 15605 25800 89868 15.342060327529907
0 324 1 10897 25800 89868 14.686125040054321
0 324 1 12916 25800 89868 15.140163898468018
0 324 1 10898 25800 89868 14.298492193222046
0 324 1 12915 25800 89868 16.11709499359131
1 325 0 22228 22534 89868 14.226639986038208
1 325 0 22228 22534 89868 17.51367950439453
1 325 0 22534 22534 89868 14.642319440841675
0 324 1 10676 22534 89868 15.901611089706421
1 325 0 22228 22534 89868 23.67303466796875
0 324 1 16931 22534 89868 17.414474964141846
1 325 0 22534 22534 89868 16.647528409957886
0 324 1 16631 22534 89868 19.890037536621094
0 324 1 10644 22534 89868 17.890579223632812
1 325 0 22122 22534 89868 19.72895073890686
0 324 1 17846 22436 89868 17.606740951538086
1 325 0 22436 22436 89868 17.248666286468506
0 324 1 18517 22436 89868 17.448977947235107
0 324 1 19083 22436 89868 17.143510580062866
1 325 0 22099 22436 89868 16.42621874809265
0 324 1 16170 22436 89868 18.35517430305481
1 325 0 22436 22436 89868 17.38140106201172
1 325 0 22436 22436 89868 16.26256012916565
0 324 1 17178 22436 89868 16.19916033744812
0 324 1 16729 22436 89868 17.222209215164185
1 325 0 28044 28282 89868 17.214447736740112
0 324 1 19246 28282 89868 16.391814947128296
1 325 0 28234 28282 89868 17.336576461791992
0 324 1 23652 28282 89868 16.93764877319336
0 324 1 16413 28282 89868 17.032848358154297
0 324 1 22463 28282 89868 16.720900058746338
1 325 0 28282 28282 89868 17.433048486709595
0 324 1 22866 28282 89868 19.84832000732422
0 324 1 21639 28282 89868 16.831358432769775
0 324 1 21288 28282 89868 17.24843668937683
1 325 0 29228 29228 89868 19.037880659103394
0 324 1 25348 29228 89868 18.27868127822876
0 324 1 17641 29228 89868 17.851577281951904
1 325 0 25593 29228 89868 17.167534828186035
1 325 0 25593 29228 89868 16.886746168136597
1 325 0 29044 29228 89868 17.597925186157227
1 325 0 25083 29228 89868 17.0907986164093
0 323 2 22777 29228 89868 17.65838122367859
1 325 0 28726 29228 89868 17.542728900909424
1 325 0 29228 29228 89868 17.4491126537323
0 323 2 18225 26883 89868 18.331284046173096
0 324 1 17208 26883 89868 18.29463505744934
0 323 2 18640 26883 89868 17.273390531539917
0 324 1 16455 26883 89868 17.63457989692688
1 325 0 26883 26883 89868 17.272557497024536
0 324 1 17062 26883 89868 17.83491325378418
0 323 2 16879 26883 89868 17.042940855026245
0 324 1 16313 26883 89868 17.931419610977173
1 325 0 26883 26883 89868 17.220191717147827
0 323 2 18897 26883 89868 17.292829513549805
0 322 3 15521 24256 89868 17.98608374595642
1 325 0 24256 24256 89868 18.125315189361572
0 324 1 16433 24256 89868 18.314363479614258
0 324 1 11028 24256 89868 17.460684061050415
1 325 0 23909 24256 89868 16.428048610687256
1 325 0 22995 24256 89868 17.750726222991943
0 324 1 22449 24256 89868 17.36915922164917
1 325 0 24216 24256 89868 17.78164792060852
1 325 0 24052 24256 89868 18.008044481277466
0 324 1 17165 24256 89868 17.15859055519104
0 323 2 16752 23820 89868 19.749890089035034
1 325 0 16937 23820 89868 17.752197742462158
0 323 2 13722 23820 89868 19.38872241973877
0 323 2 18075 23820 89868 18.77803134918213
0 323 2 14107 23820 89868 17.50302815437317
0 324 1 21135 23820 89868 18.413283824920654
0 323 2 13615 23820 89868 17.07161521911621
0 323 2 14865 23820 89868 16.833583116531372
1 325 0 16937 23820 89868 16.40884256362915
1 325 0 23820 23820 89868 18.292840003967285
0 324 1 17441 25574 89868 17.49038314819336
1 325 0 25574 25574 89868 17.93202543258667
0 324 1 17105 25574 89868 17.351954698562622
0 323 2 15090 25574 89868 18.032206535339355
1 325 0 25574 25574 89868 17.457961559295654
0 323 2 21680 25574 89868 17.831909656524658
1 325 0 25574 25574 89868 18.291731357574463
1 325 0 25574 25574 89868 17.692384004592896
0 324 1 17781 25574 89868 18.403465032577515
1 325 0 25574 25574 89868 17.8616304397583
0 324 1 22588 24654 89868 17.975584745407104
1 325 0 24505 24654 89868 16.590513229370117
0 324 1 16410 24654 89868 18.713380098342896
1 325 0 24654 24654 89868 16.803520679473877
1 325 0 24505 24654 89868 16.982675075531006
1 325 0 24505 24654 89868 17.085663318634033
0 324 1 20996 24654 89868 15.098936080932617
1 325 0 23870 24654 89868 16.12241554260254
0 324 1 22799 24654 89868 16.245041608810425
1 325 0 23870 24654 89868 14.960452318191528
0 324 1 15027 19979 89868 16.42898941040039
0 324 1 13227 19979 89868 15.07408356666565
1 325 0 19979 19979 89868 16.154624223709106
0 324 1 13424 19979 89868 15.064720153808594
0 324 1 14313 19979 89868 15.950421333312988
0 324 1 13192 19979 89868 15.022331237792969
0 324 1 15854 19979 89868 16.45178461074829
1 325 0 16049 19979 89868 16.20931386947632
0 324 1 13655 19979 89868 14.835656881332397
1 325 0 19979 19979 89868 14.93364930152893
0 324 1 12590 21340 89868 15.359342336654663
1 325 0 21259 21340 89868 15.413493156433105
0 324 1 14115 21340 89868 15.173203229904175
1 325 0 19877 21340 89868 16.170207977294922
1 325 0 19877 21340 89868 15.239661455154419
1 325 0 21340 21340 89868 15.45515489578247
1 325 0 21259 21340 89868 14.665031671524048
0 324 1 15158 21340 89868 15.856525897979736
1 325 0 19446 21340 89868 15.888492107391357
1 325 0 21168 21340 89868 16.70543336868286
1 325 0 21175 25075 89868 14.48020052909851
1 325 0 24894 25075 89868 16.00319480895996
1 325 0 24628 25075 89868 15.771068096160889
0 324 1 21641 25075 89868 15.853546857833862
0 324 1 16912 25075 89868 17.250564098358154
1 325 0 24764 25075 89868 15.447778224945068
1 325 0 21175 25075 89868 16.875043869018555
0 324 1 18197 25075 89868 14.275901317596436
1 325 0 24894 25075 89868 15.683135032653809
1 325 0 24894 25075 89868 14.795112133026123
0 323 2 13139 22213 89868 17.129899263381958
0 323 2 13361 22213 89868 15.175631761550903
1 325 0 22213 22213 89868 15.598161935806274
1 325 0 21988 22213 89868 18.78248429298401
0 324 1 16608 22213 89868 15.880549669265747
0 323 2 14367 22213 89868 15.598855972290039
0 324 1 15487 22213 89868 14.735647678375244
0 324 1 16944 22213 89868 15.814438104629517
0 323 2 17280 22213 89868 15.87545132637024
0 323 2 11568 22213 89868 15.783442497253418
0 324 1 21276 26054 89868 14.48054814338684
0 324 1 17171 26054 89868 16.236510515213013
1 325 0 26054 26054 89868 15.618364095687866
1 325 0 24808 26054 89868 15.625890493392944
0 324 1 23321 26054 89868 15.645528554916382
0 324 1 17928 26054 89868 14.727671146392822
1 325 0 24725 26054 89868 15.967965126037598
0 324 1 20382 26054 89868 16.073207139968872
0 324 1 21492 26054 89868 14.89390254020691
1 325 0 25550 26054 89868 16.15894055366516
0 324 1 10045 18635 89868 15.891855001449585
1 325 0 18245 18635 89868 14.781548738479614
0 324 1 15884 18635 89868 15.711625814437866
1 325 0 16342 18635 89868 15.768428087234497
0 324 1 10491 18635 89868 16.00014901161194
0 324 1 10551 18635 89868 15.756296634674072
0 324 1 12768 18635 89868 15.171746969223022
0 324 1 10894 18635 89868 15.506475925445557
0 324 1 16661 18635 89868 16.149840831756592
0 324 1 10290 18635 89868 14.450561285018921
0 323 2 14745 20922 89868 16.241387128829956
1 325 0 20922 20922 89868 16.05203127861023
0 323 2 18384 20922 89868 15.736701488494873
1 325 0 20922 20922 89868 15.679485321044922
0 324 1 17591 20922 89868 14.848024606704712
0 324 1 16091 20922 89868 15.875924587249756
1 325 0 20922 20922 89868 15.791832685470581
0 323 2 14445 20922 89868 16.114971160888672
1 325 0 20372 20922 89868 15.103755712509155
0 324 1 17958 20922 89868 15.48678994178772
0 324 1 19682 27023 89868 15.651439666748047
1 325 0 26870 27023 89868 15.509856939315796
0 324 1 21264 27023 89868 16.512473106384277
1 325 0 26718 27023 89868 15.084519386291504
0 324 1 20373 27023 89868 14.738362550735474
1 325 0 26986 27023 89868 15.19048523902893
0 324 1 22397 27023 89868 15.04606318473816
0 324 1 17866 27023 89868 14.823138952255249
1 325 0 26986 27023 89868 15.065688610076904
0 324 1 18451 27023 89868 15.033548355102539
0 324 1 16150 23695 89868 14.991029977798462
0 324 1 17979 23695 89868 14.798635244369507
0 324 1 18231 23695 89868 14.540294885635376
0 324 1 16808 23695 89868 15.025786876678467
0 324 1 15879 23695 89868 13.705198526382446
0 324 1 15356 23695 89868 15.12529468536377
0 324 1 15531 23695 89868 16.86131501197815
0 324 1 15743 23695 89868 17.024498462677002
0 324 1 13891 23695 89868 14.370742797851562
0 324 1 21888 23695 89868 15.623782396316528
0 324 1 15031 18100 89868 14.968186378479004
1 325 0 14421 18100 89868 14.761643171310425
0 324 1 12046 18100 89868 14.802915096282959
1 325 0 14421 18100 89868 14.710918664932251
1 325 0 18100 18100 89868 14.891159296035767
1 325 0 14421 18100 89868 13.51802945137024
0 324 1 12320 18100 89868 13.879304885864258
0 324 1 12317 18100 89868 14.913871049880981
0 324 1 10252 18100 89868 14.840141534805298
0 324 1 15054 18100 89868 14.778226613998413
1 325 0 18267 18370 89868 14.955131769180298
1 325 0 17583 18370 89868 13.79440975189209
1 325 0 17618 18370 89868 14.809780359268188
1 325 0 18191 18370 89868 14.890443086624146
1 325 0 17687 18370 89868 14.52327036857605
1 325 0 17474 18370 89868 13.776809692382812
1 325 0 17768 18370 89868 14.7582848072052
1 325 0 16766 18370 89868 14.685122966766357
1 325 0 17312 18370 89868 15.161179542541504
1 325 0 16741 18370 89868 13.62656044960022
1 325 0 18732 18796 89868 14.69903016090393
0 324 1 9115 18796 89868 14.822828531265259
1 325 0 18541 18796 89868 15.50032114982605
0 324 1 10145 18796 89868 16.00716257095337
0 324 1 12315 18796 89868 14.575752019882202
1 325 0 18732 18796 89868 14.510085344314575
1 325 0 18696 18796 89868 16.12037992477417
0 324 1 13451 18796 89868 15.02250075340271
0 324 1 12871 18796 89868 16.541162729263306
1 325 0 18104 18796 89868 15.049650192260742
0 324 1 17075 25980 89868 17.014743328094482
1 325 0 18132 25980 89868 14.817806243896484
1 325 0 17936 25980 89868 16.26718044281006
1 325 0 22987 25980 89868 13.601719379425049
1 325 0 25339 25980 89868 14.943333387374878
1 325 0 24634 25980 89868 14.930683374404907
1 325 0 22577 25980 89868 16.353760957717896
1 325 0 18128 25980 89868 16.497934579849243
1 325 0 18077 25980 89868 15.722988843917847
0 324 1 18884 25980 89868 15.485371589660645
0 324 1 13655 21436 89868 13.693513631820679
1 325 0 20832 21436 89868 16.73881506919861
1 325 0 16127 21436 89868 15.078014373779297
1 325 0 21436 21436 89868 14.628299951553345
0 324 1 15932 21436 89868 15.677210569381714
0 324 1 13235 21436 89868 15.433196067810059
0 324 1 12443 21436 89868 14.361816883087158
0 324 1 17074 21436 89868 15.256823062896729
0 324 1 17298 21436 89868 15.249399423599243
0 324 1 14714 21436 89868 14.396001100540161
1 325 0 26044 26749 89868 15.574480295181274
1 325 0 22395 26749 89868 14.375643730163574
1 325 0 26118 26749 89868 14.91615343093872
1 325 0 23860 26749 89868 14.299788236618042
1 325 0 26341 26749 89868 14.982831478118896
1 325 0 26591 26749 89868 15.090001344680786
1 325 0 18346 26749 89868 15.304362535476685
1 325 0 26419 26749 89868 14.794278144836426
1 325 0 25409 26749 89868 16.50186324119568
1 325 0 26267 26749 89868 14.86479139328003
0 324 1 16221 25743 89868 15.62341570854187
0 324 1 18405 25743 89868 14.116380214691162
0 324 1 22144 25743 89868 15.6156485080719
0 323 2 17945 25743 89868 14.451826095581055
1 325 0 25743 25743 89868 15.064181327819824
0 324 1 18050 25743 89868 13.679239749908447
1 325 0 25656 25743 89868 15.803209066390991
1 325 0 23881 25743 89868 14.483433723449707
1 325 0 24967 25743 89868 16.258567333221436
1 325 0 25743 25743 89868 13.825671195983887
0 323 2 17382 21714 89868 16.248709201812744
0 324 1 15149 21714 89868 15.54932951927185
1 325 0 21714 21714 89868 13.599236249923706
1 325 0 21714 21714 89868 14.844603776931763
0 324 1 11069 21714 89868 15.068702936172485
1 325 0 21714 21714 89868 13.841460943222046
0 324 1 17006 21714 89868 16.17669701576233
0 324 1 10457 21714 89868 14.763113498687744
0 324 1 11130 21714 89868 15.242962121963501
0 324 1 13747 21714 89868 15.297350883483887
1 325 0 23053 23053 89868 13.721782445907593
0 324 1 15066 23053 89868 15.129083633422852
0 323 2 16458 23053 89868 14.643698453903198
0 324 1 14517 23053 89868 14.937764406204224
0 323 2 13050 23053 89868 13.68491244316101
0 323 2 15362 23053 89868 15.71609377861023
0 323 2 11978 23053 89868 14.596673011779785
0 324 1 14516 23053 89868 13.901799201965332
1 325 0 18599 23053 89868 15.914219617843628
0 323 2 15369 23053 89868 14.787410974502563
0 324 1 16702 23544 89868 15.527893543243408
1 325 0 21758 23544 89868 13.776358842849731
0 324 1 15119 23544 89868 16.368794679641724
1 325 0 22361 23544 89868 14.821347713470459
1 325 0 21904 23544 89868 13.902843713760376
1 325 0 23332 23544 89868 15.190104246139526
1 325 0 22654 23544 89868 15.264937400817871
1 325 0 23506 23544 89868 14.555387258529663
1 325 0 22634 23544 89868 14.932047367095947
0 324 1 19398 23544 89868 14.659948587417603
0 323 2 13998 21536 89868 16.09363293647766
1 325 0 21536 21536 89868 14.665337085723877
1 325 0 21536 21536 89868 16.16176176071167
0 323 2 14302 21536 89868 13.606174230575562
0 323 2 13582 21536 89868 15.200835466384888
0 323 2 13815 21536 89868 14.68172574043274
1 325 0 21199 21536 89868 13.792916774749756
0 324 1 10676 21536 89868 15.145840644836426
0 323 2 9999 21536 89868 14.725212574005127
1 325 0 21536 21536 89868 15.99057912826538
0 324 1 14321 22393 89868 13.674641609191895
1 325 0 22393 22393 89868 15.063405513763428
1 325 0 21626 22393 89868 14.700755596160889
1 325 0 21538 22393 89868 13.585578680038452
1 325 0 19817 22393 89868 15.047467470169067
0 322 3 13344 22393 89868 14.904098749160767
0 323 2 13812 22393 89868 14.551113367080688
0 324 1 14938 22393 89868 13.656938314437866
1 325 0 21626 22393 89868 14.629493474960327
1 325 0 18089 22393 89868 15.946817636489868
0 324 1 21707 23566 89868 14.606367826461792
0 324 1 15723 23566 89868 14.94094204902649
0 324 1 14525 23566 89868 13.614039182662964
0 324 1 14114 23566 89868 16.455808401107788
0 323 2 12514 23566 89868 15.062748670578003
0 323 2 14563 23566 89868 13.810067653656006
0 324 1 16339 23566 89868 15.676580429077148
0 324 1 15116 23566 89868 14.747336387634277
0 324 1 16334 23566 89868 16.400758981704712
0 324 1 13927 23566 89868 15.800900220870972
1 325 0 26957 26957 89868 14.560616731643677
0 324 1 20516 26957 89868 15.641303777694702
1 325 0 26957 26957 89868 14.641735315322876
0 322 3 15782 26957 89868 16.159610748291016
0 323 2 10994 26957 89868 14.696205139160156
1 325 0 26957 26957 89868 13.575120449066162
1 325 0 26957 26957 89868 16.095635414123535
0 324 1 19309 26957 89868 14.624926567077637
0 323 2 17567 26957 89868 16.203897953033447
1 325 0 26957 26957 89868 13.540305614471436
0 324 1 15631 21480 89868 15.565664052963257
1 325 0 20801 21480 89868 14.757095336914062
0 324 1 16295 21480 89868 15.630442380905151
0 324 1 13996 21480 89868 14.60288405418396
1 325 0 15349 21480 89868 14.717642307281494
0 324 1 15243 21480 89868 14.53977918624878
1 325 0 18712 21480 89868 14.752574443817139
1 325 0 15349 21480 89868 14.690309762954712
1 325 0 20957 21480 89868 13.916656970977783
1 325 0 21162 21480 89868 15.807534456253052
0 324 1 22928 27949 89868 14.3338463306427
1 325 0 27949 27949 89868 14.919220209121704
0 324 1 24157 27949 89868 15.091615200042725
0 324 1 23455 27949 89868 15.345085144042969
0 324 1 18468 27949 89868 14.560401439666748
0 324 1 17786 27949 89868 14.89454197883606
0 324 1 14058 27949 89868 13.793121576309204
0 324 1 11329 27949 89868 16.48465633392334
0 324 1 21167 27949 89868 13.533637046813965
0 324 1 22813 27949 89868 15.320639848709106
1 325 0 25811 26644 89868 14.59195613861084
1 325 0 25393 26644 89868 14.743259191513062
0 324 1 18791 26644 89868 14.322754621505737
1 325 0 25589 26644 89868 14.53840184211731
1 325 0 25528 26644 89868 16.407488346099854
1 325 0 26000 26644 89868 13.864691495895386
1 325 0 25612 26644 89868 15.925761699676514
1 325 0 25937 26644 89868 14.375897407531738
1 325 0 25665 26644 89868 16.667481899261475
1 325 0 26270 26644 89868 13.912039279937744
0 324 1 19060 22468 89868 15.021114349365234
0 324 1 18908 22468 89868 14.035632848739624
0 324 1 19762 22468 89868 15.873908042907715
1 325 0 22460 22468 89868 13.93082046508789
1 325 0 22468 22468 89868 15.480929851531982
0 324 1 19490 22468 89868 14.63012433052063
0 324 1 17683 22468 89868 15.37893533706665
0 324 1 18352 22468 89868 13.869154691696167
1 325 0 19239 22468 89868 15.678324937820435
1 325 0 18926 22468 89868 14.930025100708008
0 324 1 15229 19881 89868 15.19204044342041
1 325 0 18911 19881 89868 14.18175745010376
1 325 0 18570 19881 89868 14.858447790145874
0 324 1 12795 19881 89868 15.949225902557373
0 324 1 13118 19881 89868 13.780683040618896
1 325 0 19616 19881 89868 15.579886674880981
1 325 0 19524 19881 89868 13.977450370788574
0 324 1 11245 19881 89868 15.367233276367188
1 325 0 18026 19881 89868 15.299576997756958
0 324 1 18876 19881 89868 13.828254222869873
0 323 2 12572 23468 89868 14.285107851028442
0 324 1 17984 23468 89868 15.102319717407227
0 323 2 18835 23468 89868 14.16016674041748
0 323 2 11621 23468 89868 16.131223678588867
0 324 1 16657 23468 89868 13.918339252471924
0 323 2 16996 23468 89868 15.688540935516357
0 324 1 13934 23468 89868 15.111387729644775
0 324 1 15361 23468 89868 13.984777688980103
0 324 1 16320 23468 89868 15.516348600387573
0 324 1 16656 23468 89868 14.815441370010376
0 324 1 13136 18847 89868 15.710175514221191
0 324 1 11903 18847 89868 14.09055781364441
0 324 1 16491 18847 89868 18.166523694992065
0 324 1 17276 18847 89868 19.32224941253662
0 324 1 15267 18847 89868 14.786613702774048
0 324 1 12128 18847 89868 14.791544437408447
0 324 1 15603 18847 89868 15.197230339050293
0 324 1 15822 18847 89868 14.76659107208252
0 324 1 13472 18847 89868 13.543931484222412
0 324 1 12125 18847 89868 14.70327115058899
0 324 1 21542 25239 89868 14.580300569534302
0 324 1 15156 25239 89868 13.874508142471313
1 325 0 25239 25239 89868 14.802356958389282
0 323 2 18185 25239 89868 14.937412738800049
0 323 2 22886 25239 89868 14.446754455566406
0 323 2 16498 25239 89868 15.123799324035645
0 324 1 22546 25239 89868 13.770085096359253
0 324 1 18182 25239 89868 15.924834489822388
0 324 1 14821 25239 89868 14.750303745269775
1 325 0 25239 25239 89868 14.690762519836426
0 324 1 16884 26636 89868 14.679128408432007
1 325 0 26616 26636 89868 15.365193367004395
0 323 2 17290 26636 89868 14.181260824203491
0 323 2 12783 26636 89868 13.980905532836914
1 325 0 18349 26636 89868 14.876319408416748
0 324 1 17134 26636 89868 14.381861925125122
1 325 0 18349 26636 89868 14.051900386810303
1 325 0 18349 26636 89868 15.187405586242676
0 324 1 14257 26636 89868 14.156330823898315
0 323 2 16035 26636 89868 15.875673055648804
1 325 0 21717 21982 89868 14.157065153121948
1 325 0 19647 21982 89868 15.486183643341064
1 325 0 19638 21982 89868 13.861077785491943
1 325 0 20093 21982 89868 13.742282629013062
1 325 0 21344 21982 89868 15.801385402679443
1 325 0 20946 21982 89868 13.880910873413086
1 325 0 19940 21982 89868 14.434040307998657
1 325 0 19546 21982 89868 13.837302923202515
1 325 0 21686 21982 89868 15.437068939208984
1 325 0 20000 21982 89868 14.008040189743042
1 325 0 17241 21274 89868 14.212790966033936
1 325 0 20778 21274 89868 15.678069353103638
1 325 0 20734 21274 89868 13.916516065597534
1 325 0 17241 21274 89868 13.932684659957886
1 325 0 20465 21274 89868 13.978829383850098
1 325 0 20515 21274 89868 14.799770593643188
1 325 0 20778 21274 89868 15.361589431762695
1 325 0 20613 21274 89868 14.223719120025635
1 325 0 20070 21274 89868 13.756786346435547
1 325 0 20703 21274 89868 15.13481330871582
1 325 0 24811 25036 89868 14.144614458084106
0 324 1 16638 25036 89868 14.042386054992676
1 325 0 25036 25036 89868 13.898137092590332
0 324 1 17759 25036 89868 15.643749713897705
0 324 1 17510 25036 89868 14.179916620254517
0 323 2 19354 25036 89868 15.343450784683228
0 324 1 23109 25036 89868 13.98578429222107
0 324 1 16390 25036 89868 14.446784734725952
1 325 0 25036 25036 89868 13.866777658462524
0 324 1 20664 25036 89868 16.41754174232483
0 324 1 20017 29209 89868 13.773916482925415
0 324 1 19675 29209 89868 15.453963041305542
0 324 1 19608 29209 89868 13.777589082717896
0 324 1 21714 29209 89868 14.945117473602295
0 324 1 15949 29209 89868 13.992927551269531
0 324 1 17565 29209 89868 13.728758096694946
0 324 1 16638 29209 89868 13.810328722000122
0 324 1 18347 29209 89868 14.016290664672852
0 324 1 19824 29209 89868 13.771193265914917
0 324 1 22517 29209 89868 15.023915767669678
0 323 2 15420 29616 89868 14.316524028778076
0 324 1 15758 29616 89868 14.524642944335938
0 324 1 16836 29616 89868 14.824414730072021
0 324 1 15822 29616 89868 13.972867250442505
0 324 1 21474 29616 89868 14.6868577003479
0 324 1 13404 29616 89868 13.806718349456787
0 324 1 22893 29616 89868 16.499420881271362
1 325 0 29616 29616 89868 13.77170181274414
0 324 1 18449 29616 89868 14.065649271011353
0 324 1 16764 29616 89868 13.890187978744507
1 325 0 22276 23116 89868 15.291116952896118
1 325 0 21790 23116 89868 14.179845094680786
1 325 0 22432 23116 89868 14.668359994888306
1 325 0 22425 23116 89868 13.85040545463562
1 325 0 22913 23116 89868 16.401166677474976
1 325 0 22845 23116 89868 13.834538698196411
1 325 0 21960 23116 89868 13.927910566329956
1 325 0 22941 23116 89868 14.94826865196228
1 325 0 23116 23116 89868 15.095743894577026
1 325 0 22791 23116 89868 13.912911176681519
0 324 1 16750 21962 89868 16.283969163894653
0 324 1 16334 21962 89868 13.710132598876953
0 324 1 13468 21962 89868 15.41501784324646
1 325 0 21962 21962 89868 13.849153518676758
1 325 0 21962 21962 89868 15.685386419296265
0 324 1 14523 21962 89868 14.069315910339355
0 324 1 14822 21962 89868 14.018720626831055
1 325 0 21962 21962 89868 16.627772569656372
0 324 1 16517 21962 89868 13.800932168960571
0 324 1 16258 21962 89868 15.245128631591797
1 325 0 20344 22554 89868 14.749489068984985
1 325 0 21594 22554 89868 13.553452014923096
1 325 0 19446 22554 89868 14.591731071472168
1 325 0 15274 22554 89868 15.819327354431152
1 325 0 20922 22554 89868 13.610851287841797
1 325 0 22387 22554 89868 14.755799055099487
1 325 0 20149 22554 89868 13.720342636108398
1 325 0 20432 22554 89868 15.603203773498535
1 325 0 20171 22554 89868 13.652607202529907
1 325 0 21755 22554 89868 14.783626794815063
