0 317 8 18871 26573 917 0.2679729461669922
0 316 9 11527 26573 917 0.21909165382385254
0 318 7 19923 26573 917 0.22126317024230957
0 318 7 17934 26573 917 0.24788236618041992
0 316 9 14795 26573 917 0.13587045669555664
0 317 8 16163 26573 917 0.153489351272583
0 319 6 15246 26573 917 0.14536309242248535
0 315 10 13216 26573 917 0.14283990859985352
0 319 6 12448 26573 917 0.1318221092224121
0 315 10 13046 26573 917 0.14017033576965332
0 316 9 16598 18638 917 0.12620902061462402
0 315 10 12632 18638 917 0.16136455535888672
0 322 3 14778 18638 917 0.14471077919006348
0 316 9 12903 18638 917 0.14699292182922363
0 316 9 12468 18638 917 0.14952301979064941
0 321 4 12532 18638 917 0.15299487113952637
0 321 4 12955 18638 917 0.14083623886108398
0 315 10 9929 18638 917 0.13499999046325684
0 320 5 16278 18638 917 0.13584542274475098
0 319 6 14150 18638 917 0.14869213104248047
0 320 5 19436 24430 917 0.2653779983520508
0 318 7 18543 24430 917 0.24909019470214844
0 311 14 17182 24430 917 0.14752960205078125
0 318 7 13173 24430 917 0.13766717910766602
0 319 6 18735 24430 917 0.13754963874816895
0 317 8 14229 24430 917 0.15082669258117676
0 319 6 18824 24430 917 0.1318831443786621
0 319 6 15766 24430 917 0.15385651588439941
0 318 7 15693 24430 917 0.13703036308288574
0 321 4 19810 24430 917 0.13459563255310059
0 316 9 11342 26137 917 0.14199399948120117
0 316 9 15718 26137 917 0.13390374183654785
0 310 15 5963 26137 917 0.13454818725585938
0 314 11 14371 26137 917 0.1380758285522461
0 314 11 12357 26137 917 0.13549351692199707
0 319 6 15048 26137 917 0.14641237258911133
0 318 7 14378 26137 917 0.15618658065795898
0 317 8 12351 26137 917 0.13785815238952637
0 318 7 15384 26137 917 0.13309049606323242
0 318 7 18406 26137 917 0.12916278839111328
0 315 10 13891 24689 917 0.14492082595825195
0 316 9 15253 24689 917 0.17504143714904785
0 317 8 14424 24689 917 0.13641119003295898
0 316 9 14412 24689 917 0.13327622413635254
0 313 12 16067 24689 917 0.16279911994934082
0 315 10 18232 24689 917 0.12753701210021973
0 317 8 13042 24689 917 0.1397552490234375
0 316 9 12713 24689 917 0.20157861709594727
0 313 12 14829 24689 917 0.1349165439605713
0 316 9 11881 24689 917 0.14820265769958496
0 317 8 16579 24016 917 0.13666152954101562
0 319 6 15743 24016 917 0.12952589988708496
0 317 8 11564 24016 917 0.13231277465820312
0 320 5 11888 24016 917 0.13617420196533203
0 317 8 14084 24016 917 0.12975597381591797
0 316 9 11532 24016 917 0.13575506210327148
0 321 4 14801 24016 917 0.13075852394104004
0 318 7 13164 24016 917 0.13520550727844238
0 318 7 13835 24016 917 0.13750600814819336
0 318 7 16724 24016 917 0.13576722145080566
0 318 7 16153 26123 917 0.12930560111999512
0 319 6 15983 26123 917 0.14056944847106934
0 317 8 19767 26123 917 0.13403987884521484
0 320 5 21685 26123 917 0.13228511810302734
0 320 5 12944 26123 917 0.1382911205291748
0 314 11 17096 26123 917 0.13200974464416504
0 316 9 12761 26123 917 0.12748217582702637
0 318 7 17643 26123 917 0.13336825370788574
0 316 9 12032 26123 917 0.1408987045288086
0 310 15 16487 26123 917 0.132249116897583
0 315 10 14189 25071 917 0.13303661346435547
0 314 11 14638 25071 917 0.13297581672668457
0 313 12 11798 25071 917 0.139631986618042
0 314 11 16300 25071 917 0.13689637184143066
0 318 7 13957 25071 917 0.15359091758728027
0 315 10 17312 25071 917 0.13011717796325684
0 316 9 16266 25071 917 0.13280320167541504
0 317 8 17849 25071 917 0.13627219200134277
0 320 5 16725 25071 917 0.1362473964691162
0 320 5 14569 25071 917 0.13454914093017578
0 314 11 17185 21278 917 0.13446784019470215
0 316 9 13075 21278 917 0.1311640739440918
0 318 7 12491 21278 917 0.1345515251159668
0 315 10 13842 21278 917 0.13741493225097656
0 315 10 11117 21278 917 0.15906572341918945
0 318 7 17514 21278 917 0.15136456489562988
0 315 10 12406 21278 917 0.1451435089111328
0 312 13 13859 21278 917 0.19173860549926758
0 315 10 16858 21278 917 0.2811319828033447
0 320 5 14973 21278 917 0.14556503295898438
0 316 9 14603 22180 917 0.15456199645996094
0 316 9 14198 22180 917 0.19925904273986816
0 319 6 14940 22180 917 0.13784480094909668
0 319 6 13990 22180 917 0.15538311004638672
0 318 7 10582 22180 917 0.2444446086883545
0 312 13 15389 22180 917 0.1478257179260254
0 315 10 11621 22180 917 0.2288522720336914
0 315 10 15483 22180 917 0.1393282413482666
0 318 7 17448 22180 917 0.1339578628540039
0 321 4 17263 22180 917 0.13061237335205078
0 315 10 12919 25800 917 0.1696794033050537
0 319 6 11567 25800 917 0.1401970386505127
0 316 9 17507 25800 917 0.13917946815490723
0 313 12 10898 25800 917 0.12740206718444824
0 316 9 14255 25800 917 0.14023447036743164
0 313 12 14708 25800 917 0.1351935863494873
0 312 13 11561 25800 917 0.13184118270874023
0 312 13 14603 25800 917 0.14342498779296875
0 318 7 17281 25800 917 0.18128180503845215
0 319 6 22437 25800 917 0.13283491134643555
0 320 5 16143 20466 917 0.14359784126281738
0 316 9 12165 20466 917 0.13397789001464844
0 319 6 13314 20466 917 0.1379866600036621
0 315 10 13902 20466 917 0.13131308555603027
0 315 10 12787 20466 917 0.13454604148864746
0 312 13 10985 20466 917 0.1379103660583496
0 318 7 15638 20466 917 0.15886306762695312
0 318 7 14513 20466 917 0.1307971477508545
0 316 9 15423 20466 917 0.13283205032348633
0 316 9 15600 20466 917 0.13593745231628418
0 317 8 20091 31523 917 0.13360333442687988
0 317 8 16164 31523 917 0.15247678756713867
0 317 8 17396 31523 917 0.13356733322143555
0 318 7 21713 31523 917 0.12974929809570312
0 319 6 18464 31523 917 0.1356041431427002
0 319 6 15772 31523 917 0.13777613639831543
0 317 8 23117 31523 917 0.13091707229614258
0 319 6 19698 31523 917 0.13382625579833984
0 319 6 21266 31523 917 0.13161826133728027
0 318 7 19304 31523 917 0.13764071464538574
0 317 8 20058 28700 917 0.13370132446289062
0 309 16 14300 28700 917 0.13447237014770508
0 316 9 15720 28700 917 0.14369463920593262
0 316 9 20910 28700 917 0.1345071792602539
0 316 9 18335 28700 917 0.14460182189941406
0 316 9 17773 28700 917 0.13280820846557617
0 318 7 19956 28700 917 0.13812637329101562
0 318 7 18087 28700 917 0.13564777374267578
0 313 12 16020 28700 917 0.13228583335876465
0 314 11 16162 28700 917 0.13962268829345703
0 317 8 16503 24729 917 0.1315774917602539
0 316 9 16310 24729 917 0.13700509071350098
0 313 12 15634 24729 917 0.1447913646697998
0 315 10 16556 24729 917 0.1826305389404297
0 315 10 17821 24729 917 0.13337326049804688
0 318 7 22842 24729 917 0.14539337158203125
0 319 6 18096 24729 917 0.13798117637634277
0 312 13 12607 24729 917 0.1356368064880371
0 319 6 17491 24729 917 0.1358506679534912
0 318 7 18965 24729 917 0.16021013259887695
0 316 9 15176 22975 917 0.13476943969726562
0 319 6 19017 22975 917 0.13764047622680664
0 315 10 14252 22975 917 0.1293501853942871
0 313 12 11154 22975 917 0.13253021240234375
0 315 10 14912 22975 917 0.1366562843322754
0 317 8 11959 22975 917 0.1539168357849121
0 316 9 14219 22975 917 0.16701412200927734
0 317 8 17639 22975 917 0.15252113342285156
0 315 10 15791 22975 917 0.14468002319335938
0 320 5 11270 22975 917 0.1554887294769287
0 315 10 11915 20396 917 0.14042997360229492
0 318 7 12514 20396 917 0.13617515563964844
0 319 6 14231 20396 917 0.1569671630859375
0 317 8 8481 20396 917 0.1475820541381836
0 317 8 15290 20396 917 0.15214991569519043
0 319 6 14445 20396 917 0.13496661186218262
0 317 8 10990 20396 917 0.14703369140625
0 317 8 13507 20396 917 0.14707326889038086
0 321 4 14753 20396 917 0.15174555778503418
0 315 10 10661 20396 917 0.1293470859527588
0 317 8 22091 28737 917 0.13717007637023926
0 321 4 22232 28737 917 0.13515019416809082
0 320 5 17719 28737 917 0.13192391395568848
0 316 9 19630 28737 917 0.13710999488830566
0 319 6 19122 28737 917 0.1443653106689453
0 315 10 19515 28737 917 0.13064122200012207
0 318 7 18622 28737 917 0.1299266815185547
0 313 12 20151 28737 917 0.13618683815002441
0 319 6 17005 28737 917 0.13092470169067383
0 319 6 19928 28737 917 0.1311182975769043
0 317 8 12193 19184 917 0.137192964553833
0 322 3 15475 19184 917 0.1334848403930664
0 318 7 11176 19184 917 0.14638137817382812
0 314 11 5998 19184 917 0.14324641227722168
0 312 13 8023 19184 917 0.13588404655456543
0 316 9 10609 19184 917 0.21375608444213867
0 318 7 12516 19184 917 0.15074491500854492
0 318 7 10297 19184 917 0.1434001922607422
0 318 7 9525 19184 917 0.1390397548675537
0 312 13 12366 19184 917 0.16887187957763672
0 319 6 15508 20380 917 0.1341097354888916
0 317 8 16126 20380 917 0.13950037956237793
0 319 6 12946 20380 917 0.14628028869628906
0 314 11 13523 20380 917 0.27655601501464844
0 319 6 15574 20380 917 0.24609017372131348
0 318 7 15707 20380 917 0.26248979568481445
0 317 8 10719 20380 917 0.1309669017791748
0 317 8 12622 20380 917 0.13917851448059082
0 316 9 13424 20380 917 0.13289523124694824
0 319 6 16319 20380 917 0.12544751167297363
0 316 9 12069 25348 917 0.13375043869018555
0 320 5 14167 25348 917 0.15135788917541504
0 318 7 15950 25348 917 0.13893699645996094
0 314 11 15382 25348 917 0.12948155403137207
0 318 7 19776 25348 917 0.1367180347442627
0 320 5 15690 25348 917 0.13638019561767578
0 316 9 15179 25348 917 0.1536877155303955
0 314 11 13419 25348 917 0.1457958221435547
0 320 5 16110 25348 917 0.13250327110290527
0 316 9 16024 25348 917 0.1366579532623291
0 317 8 13006 16731 917 0.14133334159851074
0 315 10 11738 16731 917 0.12691092491149902
0 314 11 12583 16731 917 0.12974143028259277
0 316 9 11167 16731 917 0.13512301445007324
0 315 10 7462 16731 917 0.13367986679077148
0 318 7 11525 16731 917 0.13272809982299805
0 318 7 10634 16731 917 0.13292837142944336
0 315 10 8766 16731 917 0.13286423683166504
0 316 9 12050 16731 917 0.13415980339050293
0 316 9 9760 16731 917 0.17606759071350098
0 318 7 17670 26931 917 0.15279173851013184
0 321 4 22138 26931 917 0.1318662166595459
0 315 10 16258 26931 917 0.13526391983032227
0 318 7 14464 26931 917 0.13883376121520996
0 315 10 16892 26931 917 0.13523387908935547
0 319 6 16870 26931 917 0.14304280281066895
0 316 9 15967 26931 917 0.14896106719970703
0 319 6 15664 26931 917 0.14708566665649414
0 321 4 21508 26931 917 0.13915228843688965
0 320 5 19022 26931 917 0.15369510650634766
0 318 7 16160 22741 917 0.14328312873840332
0 318 7 15151 22741 917 0.13798856735229492
0 322 3 13472 22741 917 0.13606524467468262
0 318 7 10780 22741 917 0.1503891944885254
0 316 9 14008 22741 917 0.26483726501464844
0 317 8 12122 22741 917 0.22148752212524414
0 318 7 12259 22741 917 0.13904762268066406
0 319 6 15550 22741 917 0.13513398170471191
0 317 8 16161 22741 917 0.19277262687683105
0 318 7 12129 22741 917 0.16172099113464355
0 316 9 8237 26208 917 0.16159749031066895
0 315 10 16505 26208 917 0.1517348289489746
0 319 6 15262 26208 917 0.15756464004516602
0 318 7 17451 26208 917 0.12932968139648438
0 316 9 15279 26208 917 0.16718721389770508
0 316 9 14111 26208 917 0.1425492763519287
0 318 7 17500 26208 917 0.12734365463256836
0 310 15 16908 26208 917 0.13645505905151367
0 314 11 16820 26208 917 0.13286805152893066
0 315 10 15243 26208 917 0.12806177139282227
0 316 9 13160 25279 917 0.13441705703735352
0 321 4 12091 25279 917 0.13728046417236328
0 317 8 13574 25279 917 0.12683439254760742
0 313 12 14154 25279 917 0.13535380363464355
0 321 4 12499 25279 917 0.14693379402160645
0 316 9 13821 25279 917 0.14373111724853516
0 315 10 12286 25279 917 0.13261985778808594
0 313 12 13464 25279 917 0.13714218139648438
0 320 5 18687 25279 917 0.12944483757019043
0 316 9 12002 25279 917 0.1355297565460205
0 316 9 14088 20455 917 0.13795161247253418
0 321 4 16328 20455 917 0.1335287094116211
0 318 7 14095 20455 917 0.13120651245117188
0 317 8 13455 20455 917 0.13875365257263184
0 315 10 14422 20455 917 0.12941288948059082
0 320 5 16969 20455 917 0.24990248680114746
0 318 7 13610 20455 917 0.2537071704864502
0 320 5 15007 20455 917 0.22724127769470215
0 314 11 12721 20455 917 0.13025951385498047
0 314 11 13151 20455 917 0.12944626808166504
0 316 9 11114 20186 917 0.15280675888061523
0 311 14 12261 20186 917 0.13200044631958008
0 321 4 13350 20186 917 0.14862656593322754
0 318 7 13302 20186 917 0.1333935260772705
0 317 8 14618 20186 917 0.13074994087219238
0 314 11 14521 20186 917 0.1335923671722412
0 321 4 17499 20186 917 0.1414937973022461
0 321 4 13297 20186 917 0.13550138473510742
0 317 8 14391 20186 917 0.1326429843902588
0 318 7 12720 20186 917 0.13873505592346191
0 315 10 14307 27711 917 0.15883946418762207
0 318 7 16187 27711 917 0.13176417350769043
0 313 12 16445 27711 917 0.14704608917236328
0 318 7 17462 27711 917 0.2153761386871338
0 321 4 15866 27711 917 0.14117908477783203
0 316 9 16581 27711 917 0.14180207252502441
0 317 8 14560 27711 917 0.13472580909729004
0 316 9 14959 27711 917 0.1338818073272705
0 315 10 18447 27711 917 0.14027118682861328
0 318 7 18800 27711 917 0.12849998474121094
0 313 12 14152 27933 917 0.1328277587890625
0 312 13 11902 27933 917 0.13684940338134766
0 316 9 15157 27933 917 0.12722539901733398
0 312 13 17511 27933 917 0.1394355297088623
0 316 9 14037 27933 917 0.13836264610290527
0 315 10 14487 27933 917 0.12855815887451172
0 315 10 18858 27933 917 0.1428830623626709
0 317 8 16507 27933 917 0.13894391059875488
0 317 8 18184 27933 917 0.12650251388549805
0 318 7 15161 27933 917 0.1300971508026123
0 318 7 18813 27370 917 0.14141058921813965
0 319 6 20873 27370 917 0.13061118125915527
0 317 8 20084 27370 917 0.1336979866027832
0 319 6 16501 27370 917 0.1355574131011963
0 318 7 18630 27370 917 0.13202977180480957
0 316 9 12803 27370 917 0.13218998908996582
0 316 9 18633 27370 917 0.14474701881408691
0 320 5 14931 27370 917 0.13581347465515137
0 315 10 16087 27370 917 0.13223052024841309
0 315 10 15157 27370 917 0.1384265422821045
0 316 9 21440 25801 917 0.1293172836303711
0 314 11 15101 25801 917 0.13298511505126953
0 315 10 16892 25801 917 0.13785147666931152
0 316 9 14934 25801 917 0.13437271118164062
0 314 11 15216 25801 917 0.13553786277770996
0 317 8 13305 25801 917 0.15327119827270508
0 316 9 12910 25801 917 0.13109135627746582
0 316 9 14990 25801 917 0.1351938247680664
0 313 12 11233 25801 917 0.13571429252624512
0 317 8 14772 25801 917 0.13342785835266113
0 317 8 17010 25506 917 0.13617753982543945
0 315 10 18588 25506 917 0.1361081600189209
0 319 6 19484 25506 917 0.13558340072631836
0 321 4 21710 25506 917 0.18898344039916992
0 316 9 15323 25506 917 0.15032553672790527
0 317 8 15184 25506 917 0.14057207107543945
0 315 10 15159 25506 917 0.13677215576171875
0 316 9 17949 25506 917 0.13509392738342285
0 310 15 16261 25506 917 0.13477158546447754
0 319 6 19329 25506 917 0.14554667472839355
0 315 10 12353 24453 917 0.14167022705078125
0 316 9 15720 24453 917 0.1362016201019287
0 316 9 16166 24453 917 0.1330864429473877
0 313 12 13704 24453 917 0.140899658203125
0 316 9 11237 24453 917 0.1301867961883545
0 319 6 15272 24453 917 0.15461421012878418
0 317 8 11906 24453 917 0.13721156120300293
0 321 4 15723 24453 917 0.13335371017456055
0 314 11 15046 24453 917 0.1353769302368164
0 318 7 14599 24453 917 0.1359572410583496
0 313 12 9212 24296 917 0.12895417213439941
0 319 6 9708 24296 917 0.14051008224487305
0 314 11 14621 24296 917 0.14582204818725586
0 319 6 13721 24296 917 0.15232634544372559
0 319 6 16210 24296 917 0.27037620544433594
0 315 10 13523 24296 917 0.23782730102539062
0 315 10 14400 24296 917 0.1688709259033203
0 319 6 13067 24296 917 0.15552544593811035
0 315 10 8343 24296 917 0.1445629596710205
0 314 11 11928 24296 917 0.1733691692352295
0 317 8 10789 25576 917 0.16615700721740723
0 313 12 10783 25576 917 0.1482071876525879
0 319 6 15715 25576 917 0.14763236045837402
0 317 8 15492 25576 917 0.1441187858581543
0 315 10 14595 25576 917 0.1551356315612793
0 316 9 17512 25576 917 0.1581885814666748
0 318 7 15046 25576 917 0.2332134246826172
0 313 12 12807 25576 917 0.16314196586608887
0 314 11 14816 25576 917 0.14759612083435059
0 315 10 11127 25576 917 0.1413717269897461
0 315 10 15628 24792 917 0.1692826747894287
0 314 11 15320 24792 917 0.1384871006011963
0 320 5 18811 24792 917 0.24233055114746094
0 314 11 13076 24792 917 0.14089250564575195
0 318 7 12778 24792 917 0.1502842903137207
0 316 9 14958 24792 917 0.14868402481079102
0 317 8 16213 24792 917 0.15250849723815918
0 313 12 12879 24792 917 0.25786924362182617
0 314 11 17220 24792 917 0.16243886947631836
0 318 7 17744 24792 917 0.2520153522491455
0 316 9 17330 24777 917 0.19182205200195312
0 318 7 17641 24777 917 0.23309969902038574
0 315 10 17583 24777 917 0.14061951637268066
0 314 11 15682 24777 917 0.1571521759033203
0 318 7 19654 24777 917 0.16797637939453125
0 312 13 17824 24777 917 0.15528440475463867
0 314 11 17500 24777 917 0.14643144607543945
0 314 11 16251 24777 917 0.15273475646972656
0 316 9 19787 24777 917 0.22107529640197754
0 318 7 18153 24777 917 0.3900721073150635
0 313 12 13478 23558 917 0.27548909187316895
0 314 11 14647 23558 917 0.2669639587402344
0 312 13 12629 23558 917 0.27292799949645996
0 317 8 11793 23558 917 0.1666262149810791
0 314 11 12128 23558 917 0.13611149787902832
0 309 16 13655 23558 917 0.16765165328979492
0 316 9 14146 23558 917 0.14264941215515137
0 317 8 10953 23558 917 0.13937139511108398
0 319 6 13474 23558 917 0.15743613243103027
0 315 10 14322 23558 917 0.16277551651000977
0 316 9 19051 24209 917 0.13484644889831543
0 312 13 15105 24209 917 0.14093303680419922
0 316 9 12941 24209 917 0.13539862632751465
0 317 8 16017 24209 917 0.13853144645690918
0 314 11 11866 24209 917 0.14693880081176758
0 314 11 11654 24209 917 0.1349167823791504
0 317 8 17707 24209 917 0.13150501251220703
0 317 8 12164 24209 917 0.14468026161193848
0 312 13 15249 24209 917 0.13259673118591309
0 312 13 12737 24209 917 0.12797093391418457
0 316 9 19189 25239 917 0.13726019859313965
0 319 6 15493 25239 917 0.1360161304473877
0 316 9 12134 25239 917 0.14448189735412598
0 317 8 16168 25239 917 0.13779664039611816
0 317 8 14144 25239 917 0.13858652114868164
0 314 11 14490 25239 917 0.13289952278137207
0 313 12 14483 25239 917 0.14242315292358398
0 313 12 19868 25239 917 0.13847732543945312
0 315 10 12124 25239 917 0.13010740280151367
0 316 9 18180 25239 917 0.14153337478637695
0 319 6 12403 20031 917 0.1419985294342041
0 318 7 14399 20031 917 0.1317145824432373
0 321 4 17097 20031 917 0.13515639305114746
0 319 6 15089 20031 917 0.1351773738861084
0 313 12 14100 20031 917 0.13741016387939453
0 313 12 14555 20031 917 0.14568686485290527
0 319 6 11806 20031 917 0.13835477828979492
0 313 12 11989 20031 917 0.12839508056640625
0 317 8 14669 20031 917 0.13861727714538574
0 315 10 11556 20031 917 0.13309836387634277
0 317 8 15445 23576 917 0.13279485702514648
0 317 8 15787 23576 917 0.13228392601013184
0 315 10 13458 23576 917 0.1309804916381836
0 318 7 14108 23576 917 0.1485612392425537
0 316 9 13667 23576 917 0.14230585098266602
0 315 10 16114 23576 917 0.15422654151916504
0 317 8 14308 23576 917 0.13762569427490234
0 318 7 17963 23576 917 0.1309044361114502
0 315 10 15965 23576 917 0.1367785930633545
0 318 7 15630 23576 917 0.13557958602905273
0 316 9 11258 22467 917 0.1405026912689209
0 316 9 15687 22467 917 0.1392202377319336
0 315 10 13690 22467 917 0.15841460227966309
0 315 10 16130 22467 917 0.13225221633911133
0 315 10 13452 22467 917 0.13750338554382324
0 314 11 12690 22467 917 0.13623356819152832
0 318 7 14087 22467 917 0.13769769668579102
0 314 11 13091 22467 917 0.134080171585083
0 317 8 15146 22467 917 0.13835597038269043
0 321 4 14097 22467 917 0.1336677074432373
0 316 9 16168 27932 917 0.13863301277160645
0 318 7 19866 27932 917 0.13774824142456055
0 317 8 18856 27932 917 0.13663530349731445
0 320 5 18518 27932 917 0.13953328132629395
0 320 5 13135 27932 917 0.13554024696350098
0 316 9 12463 27932 917 0.13558626174926758
0 321 4 13815 27932 917 0.1363365650177002
0 313 12 16841 27932 917 0.14278841018676758
0 313 12 16166 27932 917 0.1366877555847168
0 314 11 18745 27932 917 0.14267396926879883
0 319 6 19513 24488 917 0.14120268821716309
0 315 10 14658 24488 917 0.13594484329223633
0 315 10 14725 24488 917 0.13843178749084473
0 318 7 17436 24488 917 0.14091730117797852
0 317 8 16197 24488 917 0.1357269287109375
0 316 9 16952 24488 917 0.13326454162597656
0 313 12 18295 24488 917 0.14476585388183594
0 318 7 16038 24488 917 0.13814663887023926
0 313 12 16551 24488 917 0.13478302955627441
0 314 11 13060 24488 917 0.13483500480651855
0 318 7 16509 26586 917 0.13271689414978027
0 318 7 16504 26586 917 0.1387324333190918
0 315 10 12237 26586 917 0.14397168159484863
0 316 9 16389 26586 917 0.12990951538085938
0 314 11 17174 26586 917 0.13880276679992676
0 318 7 17628 26586 917 0.14036941528320312
0 312 13 13253 26586 917 0.13467741012573242
0 318 7 19867 26586 917 0.1302807331085205
0 317 8 16392 26586 917 0.13776397705078125
0 313 12 17181 26586 917 0.1353142261505127
0 315 10 12763 22234 917 0.13369345664978027
0 318 7 13456 22234 917 0.14186596870422363
0 317 8 15966 22234 917 0.13243651390075684
0 319 6 14225 22234 917 0.13692545890808105
0 316 9 9823 22234 917 0.1385505199432373
0 322 3 12048 22234 917 0.14450788497924805
0 314 11 14306 22234 917 0.1327967643737793
0 320 5 11396 22234 917 0.1623213291168213
0 314 11 12056 22234 917 0.14311647415161133
0 317 8 10240 22234 917 0.22962617874145508
0 316 9 16391 25119 917 0.17728066444396973
0 321 4 21034 25119 917 0.1394193172454834
0 314 11 18489 25119 917 0.1378490924835205
0 319 6 21083 25119 917 0.1451268196105957
0 316 9 16591 25119 917 0.13988804817199707
0 314 11 14683 25119 917 0.23563861846923828
0 311 14 13735 25119 917 0.14345359802246094
0 315 10 16135 25119 917 0.13445210456848145
0 320 5 21678 25119 917 0.13496804237365723
0 319 6 16398 25119 917 0.13704228401184082
0 314 11 14580 21131 917 0.14043807983398438
0 319 6 14036 21131 917 0.13774967193603516
0 316 9 15679 21131 917 0.137908935546875
0 318 7 10432 21131 917 0.13201689720153809
0 317 8 16777 21131 917 0.13393425941467285
0 312 13 13117 21131 917 0.1335737705230713
0 318 7 13208 21131 917 0.12794184684753418
0 316 9 14116 21131 917 0.13599348068237305
0 317 8 10662 21131 917 0.13887429237365723
0 315 10 16440 21131 917 0.2314004898071289
0 317 8 16163 25800 917 0.1390371322631836
0 317 8 12020 25800 917 0.13369965553283691
0 314 11 15616 25800 917 0.13209152221679688
0 313 12 14712 25800 917 0.13528728485107422
0 317 8 19978 25800 917 0.13409113883972168
0 312 13 12358 25800 917 0.132979154586792
0 319 6 13365 25800 917 0.13996124267578125
0 319 6 21771 25800 917 0.13338184356689453
0 320 5 14148 25800 917 0.13103342056274414
0 317 8 16615 25800 917 0.13397479057312012
0 315 10 11798 22534 917 0.15276288986206055
0 321 4 10593 22534 917 0.17571330070495605
0 317 8 13164 22534 917 0.14151430130004883
0 319 6 12986 22534 917 0.13721442222595215
0 317 8 15540 22534 917 0.13019680976867676
0 317 8 15441 22534 917 0.13285112380981445
0 317 8 12352 22534 917 0.1927933692932129
0 313 12 10569 22534 917 0.1374974250793457
0 319 6 18862 22534 917 0.12924575805664062
0 319 6 17311 22534 917 0.13431048393249512
0 319 6 14828 22436 917 0.14451909065246582
0 318 7 15713 22436 917 0.13054156303405762
0 314 11 11791 22436 917 0.14310050010681152
0 316 9 11688 22436 917 0.14481520652770996
0 317 8 15160 22436 917 0.1356666088104248
0 319 6 17177 22436 917 0.13399600982666016
0 316 9 16726 22436 917 0.1403031349182129
0 314 11 18078 22436 917 0.13780570030212402
0 315 10 12020 22436 917 0.1342012882232666
0 317 8 14480 22436 917 0.14153075218200684
0 320 5 16051 28282 917 0.1645035743713379
0 321 4 22462 28282 917 0.15662646293640137
0 312 13 10121 28282 917 0.14616680145263672
0 319 6 19949 28282 917 0.13811373710632324
0 315 10 19013 28282 917 0.1299903392791748
0 321 4 14211 28282 917 0.14806222915649414
0 318 7 22367 28282 917 0.13837409019470215
0 311 14 17906 28282 917 0.13155317306518555
0 315 10 21109 28282 917 0.13273382186889648
0 318 7 14714 28282 917 0.13296246528625488
0 319 6 18252 29228 917 0.12789368629455566
0 319 6 22668 29228 917 0.1271834373474121
0 318 7 21639 29228 917 0.1374835968017578
0 315 10 18507 29228 917 0.13606882095336914
0 319 6 13088 29228 917 0.1298353672027588
0 318 7 23236 29228 917 0.13512945175170898
0 322 3 20938 29228 917 0.14546823501586914
0 319 6 15312 29228 917 0.13686871528625488
0 319 6 21646 29228 917 0.14458513259887695
0 316 9 20627 29228 917 0.14130306243896484
0 320 5 16054 26883 917 0.1335158348083496
0 319 6 17998 26883 917 0.134857177734375
0 319 6 15270 26883 917 0.14026546478271484
0 318 7 17667 26883 917 0.13107991218566895
0 316 9 17142 26883 917 0.13716411590576172
0 313 12 14265 26883 917 0.13645315170288086
0 319 6 17883 26883 917 0.13639020919799805
0 319 6 17359 26883 917 0.1369948387145996
0 318 7 18442 26883 917 0.1361992359161377
0 315 10 11159 26883 917 0.1354522705078125
0 315 10 17536 24256 917 0.1354808807373047
0 317 8 11698 24256 917 0.14145827293395996
0 316 9 12403 24256 917 0.13051939010620117
0 317 8 14166 24256 917 0.13400864601135254
0 315 10 12173 24256 917 0.14423274993896484
0 316 9 19920 24256 917 0.13974428176879883
0 317 8 11938 24256 917 0.13390541076660156
0 312 13 15435 24256 917 0.1389913558959961
0 313 12 14742 24256 917 0.13743877410888672
0 311 14 14006 24256 917 0.13524985313415527
0 314 11 14031 23820 917 0.14084339141845703
0 318 7 14678 23820 917 0.13245081901550293
0 319 6 15310 23820 917 0.1395249366760254
0 316 9 17851 23820 917 0.1398789882659912
0 319 6 16617 23820 917 0.17584705352783203
0 318 7 11342 23820 917 0.15865230560302734
0 313 12 13819 23820 917 0.14755010604858398
0 315 10 17720 23820 917 0.14748501777648926
0 316 9 12610 23820 917 0.14231228828430176
0 315 10 18417 23820 917 0.13768410682678223
0 313 12 15898 25574 917 0.1468486785888672
0 316 9 16301 25574 917 0.13883543014526367
0 317 8 14751 25574 917 0.20830392837524414
0 315 10 17914 25574 917 0.14179158210754395
0 316 9 20273 25574 917 0.1415550708770752
0 318 7 13412 25574 917 0.13646531105041504
0 313 12 14489 25574 917 0.14020466804504395
0 315 10 15898 25574 917 0.13759160041809082
0 312 13 20204 25574 917 0.13216805458068848
0 321 4 14219 25574 917 0.134324312210083
0 319 6 15488 24654 917 0.13275575637817383
0 316 9 16121 24654 917 0.13357043266296387
0 319 6 18887 24654 917 0.1422429084777832
0 313 12 17171 24654 917 0.1355588436126709
0 317 8 15953 24654 917 0.13275599479675293
0 317 8 19977 24654 917 0.14420557022094727
0 320 5 19095 24654 917 0.13827180862426758
0 318 7 18643 24654 917 0.14575576782226562
0 317 8 18353 24654 917 0.18581867218017578
0 317 8 17851 24654 917 0.3185393810272217
0 319 6 12556 19979 917 0.31497788429260254
0 317 8 12070 19979 917 0.1444106101989746
0 318 7 14380 19979 917 0.13176441192626953
0 317 8 11980 19979 917 0.13903546333312988
0 317 8 14322 19979 917 0.1413135528564453
0 320 5 13255 19979 917 0.14239978790283203
0 316 9 14676 19979 917 0.13842010498046875
0 319 6 14427 19979 917 0.1386551856994629
0 317 8 15639 19979 917 0.1361546516418457
0 313 12 10483 19979 917 0.13682341575622559
0 319 6 12449 21340 917 0.138291597366333
0 317 8 13587 21340 917 0.1358966827392578
0 319 6 13759 21340 917 0.1397838592529297
0 316 9 9589 21340 917 0.13490557670593262
0 318 7 13080 21340 917 0.1419086456298828
0 319 6 17863 21340 917 0.13636517524719238
0 313 12 10551 21340 917 0.13687992095947266
0 318 7 14933 21340 917 0.1452338695526123
0 317 8 12561 21340 917 0.1451408863067627
0 317 8 13253 21340 917 0.1346127986907959
0 315 10 12941 25075 917 0.13312077522277832
0 314 11 14806 25075 917 0.13147354125976562
0 318 7 19921 25075 917 0.1348731517791748
0 316 9 15088 25075 917 0.13278770446777344
0 316 9 17167 25075 917 0.14008092880249023
0 319 6 15825 25075 917 0.13948774337768555
0 319 6 15915 25075 917 0.12941527366638184
0 319 6 18660 25075 917 0.1417064666748047
0 317 8 16591 25075 917 0.1402144432067871
0 315 10 15213 25075 917 0.13303661346435547
0 316 9 15046 22213 917 0.1409130096435547
0 318 7 15486 22213 917 0.1383225917816162
0 315 10 13813 22213 917 0.1302027702331543
0 315 10 14938 22213 917 0.1421372890472412
0 317 8 15383 22213 917 0.1362292766571045
0 315 10 14145 22213 917 0.1287834644317627
0 316 9 15046 22213 917 0.1404430866241455
0 314 11 12467 22213 917 0.13958096504211426
0 318 7 11458 22213 917 0.13540148735046387
0 314 11 11013 22213 917 0.13430309295654297
0 314 11 17875 26054 917 0.13245797157287598
0 320 5 14835 26054 917 0.13303542137145996
0 316 9 16827 26054 917 0.13961195945739746
0 319 6 18895 26054 917 0.13282275199890137
0 321 4 20765 26054 917 0.13251566886901855
0 317 8 17165 26054 917 0.13676166534423828
0 320 5 15295 26054 917 0.13581204414367676
0 319 6 15552 26054 917 0.13161778450012207
0 317 8 15385 26054 917 0.14142727851867676
0 317 8 16956 26054 917 0.14078783988952637
0 314 11 12518 18635 917 0.13539934158325195
0 317 8 13140 18635 917 0.1347060203552246
0 318 7 11922 18635 917 0.1355605125427246
0 314 11 13098 18635 917 0.13069367408752441
0 313 12 14509 18635 917 0.13507819175720215
0 316 9 13989 18635 917 0.13467717170715332
0 316 9 12862 18635 917 0.13324618339538574
0 319 6 15149 18635 917 0.13418889045715332
0 313 12 10919 18635 917 0.13820505142211914
0 318 7 10943 18635 917 0.13245868682861328
0 317 8 14227 20922 917 0.13767385482788086
0 316 9 11626 20922 917 0.13717341423034668
0 317 8 17223 20922 917 0.13539624214172363
0 314 11 13006 20922 917 0.14077043533325195
0 317 8 13678 20922 917 0.13843822479248047
0 315 10 18510 20922 917 0.15278363227844238
0 311 14 14996 20922 917 0.13275599479675293
0 316 9 15972 20922 917 0.1929340362548828
0 314 11 12789 20922 917 0.1325979232788086
0 312 13 17376 20922 917 0.141465425491333
0 315 10 17355 27023 917 0.15999698638916016
0 318 7 17334 27023 917 0.1448066234588623
0 320 5 17005 27023 917 0.2137899398803711
0 317 8 17929 27023 917 0.13935256004333496
0 318 7 18820 27023 917 0.14235782623291016
0 320 5 19975 27023 917 0.15828442573547363
0 316 9 15454 27023 917 0.2230367660522461
0 319 6 20885 27023 917 0.15897655487060547
0 318 7 19271 27023 917 0.1419813632965088
0 318 7 18405 27023 917 0.1353449821472168
0 321 4 16416 23695 917 0.1593172550201416
0 317 8 10320 23695 917 0.13545656204223633
0 319 6 12853 23695 917 0.1462230682373047
0 318 7 15703 23695 917 0.18141770362854004
0 318 7 13550 23695 917 0.1402292251586914
0 317 8 14954 23695 917 0.15260839462280273
0 320 5 13435 23695 917 0.14034414291381836
0 316 9 14101 23695 917 0.13599514961242676
0 316 9 14381 23695 917 0.13477253913879395
0 322 3 14857 23695 917 0.13250088691711426
0 313 12 11102 18100 917 0.15261149406433105
0 320 5 12917 18100 917 0.20025134086608887
0 316 9 11910 18100 917 0.1383054256439209
0 316 9 13670 18100 917 0.1359858512878418
0 317 8 13295 18100 917 0.1400289535522461
0 317 8 12595 18100 917 0.1367049217224121
0 313 12 9757 18100 917 0.1400289535522461
0 316 9 12658 18100 917 0.14273548126220703
0 317 8 14347 18100 917 0.13802766799926758
0 313 12 10595 18100 917 0.1345231533050537
0 315 10 13632 18370 917 0.13805794715881348
0 314 11 12676 18370 917 0.1334686279296875
0 314 11 13024 18370 917 0.1361713409423828
0 321 4 11757 18370 917 0.1445631980895996
0 318 7 13766 18370 917 0.1367790699005127
0 319 6 12985 18370 917 0.1361703872680664
0 315 10 12535 18370 917 0.1317121982574463
0 316 9 11665 18370 917 0.14935755729675293
0 322 3 16748 18370 917 0.13560271263122559
0 315 10 12447 18370 917 0.13888168334960938
0 313 12 12038 18796 917 0.1317756175994873
0 315 10 10443 18796 917 0.13946080207824707
0 319 6 13666 18796 917 0.13715672492980957
0 314 11 10902 18796 917 0.1393139362335205
0 320 5 12495 18796 917 0.1442549228668213
0 315 10 10579 18796 917 0.13652467727661133
0 313 12 13423 18796 917 0.1378173828125
0 315 10 11389 18796 917 0.17560505867004395
0 308 17 7271 18796 917 0.12998604774475098
0 315 10 9188 18796 917 0.13507771492004395
0 315 10 10102 25980 917 0.14031505584716797
0 316 9 17237 25980 917 0.14302730560302734
0 318 7 18131 25980 917 0.1350388526916504
0 315 10 14286 25980 917 0.14043307304382324
0 317 8 14558 25980 917 0.13802766799926758
0 312 13 10562 25980 917 0.14105224609375
0 317 8 18877 25980 917 0.14983272552490234
0 315 10 15151 25980 917 0.14006543159484863
0 315 10 18082 25980 917 0.14324092864990234
0 314 11 17475 25980 917 0.140916109085083
0 315 10 10790 21436 917 0.1467430591583252
0 315 10 11746 21436 917 0.13682198524475098
0 318 7 9155 21436 917 0.13228416442871094
0 320 5 12622 21436 917 0.13347721099853516
0 317 8 10903 21436 917 0.1336503028869629
0 320 5 11766 21436 917 0.134077787399292
0 316 9 15360 21436 917 0.13766121864318848
0 317 8 13626 21436 917 0.2586710453033447
0 315 10 9747 21436 917 0.2551307678222656
0 317 8 11846 21436 917 0.2548835277557373
0 321 4 19920 26749 917 0.14289212226867676
0 316 9 19733 26749 917 0.14055156707763672
0 321 4 20211 26749 917 0.13654541969299316
0 316 9 18333 26749 917 0.1410689353942871
0 319 6 22103 26749 917 0.13518571853637695
0 318 7 20000 26749 917 0.13472867012023926
0 317 8 19759 26749 917 0.1403489112854004
0 317 8 15519 26749 917 0.14011740684509277
0 318 7 21799 26749 917 0.13582348823547363
0 318 7 19116 26749 917 0.13973093032836914
0 316 9 18140 25743 917 0.1366572380065918
0 316 9 15667 25743 917 0.1313033103942871
0 312 13 17686 25743 917 0.13735628128051758
0 318 7 16742 25743 917 0.13933467864990234
0 314 11 17823 25743 917 0.1307525634765625
0 313 12 17732 25743 917 0.13302063941955566
0 315 10 17548 25743 917 0.13842487335205078
0 312 13 16024 25743 917 0.13266801834106445
0 317 8 17578 25743 917 0.14278316497802734
0 317 8 17292 25743 917 0.1461467742919922
0 316 9 16049 21714 917 0.13384246826171875
0 319 6 13735 21714 917 0.13666009902954102
0 318 7 14151 21714 917 0.14244937896728516
0 317 8 15345 21714 917 0.13483500480651855
0 316 9 12246 21714 917 0.13539886474609375
0 312 13 11723 21714 917 0.13435816764831543
0 319 6 13338 21714 917 0.13144493103027344
0 316 9 12913 21714 917 0.13776373863220215
0 317 8 13485 21714 917 0.13421964645385742
0 317 8 11390 21714 917 0.13269257545471191
0 316 9 15088 23053 917 0.13556742668151855
0 311 14 11084 23053 917 0.1402266025543213
0 319 6 18503 23053 917 0.1333162784576416
0 313 12 11700 23053 917 0.13801169395446777
0 319 6 15035 23053 917 0.14927053451538086
0 318 7 13621 23053 917 0.13368630409240723
0 317 8 8009 23053 917 0.13635969161987305
0 315 10 17558 23053 917 0.13322901725769043
0 316 9 11130 23053 917 0.13958287239074707
0 316 9 15091 23053 917 0.13773655891418457
0 319 6 15991 23544 917 0.1367654800415039
0 320 5 16946 23544 917 0.12905550003051758
0 317 8 11470 23544 917 0.12755155563354492
0 316 9 12572 23544 917 0.14345121383666992
0 314 11 14372 23544 917 0.13358187675476074
0 317 8 14988 23544 917 0.12645459175109863
0 314 11 14165 23544 917 0.13510847091674805
0 319 6 14820 23544 917 0.13654708862304688
0 314 11 15369 23544 917 0.14943623542785645
0 319 6 13038 23544 917 0.13059782981872559
0 314 11 13064 21536 917 0.13578510284423828
0 317 8 10596 21536 917 0.1408219337463379
0 317 8 9515 21536 917 0.13126611709594727
0 312 13 12205 21536 917 0.13280606269836426
0 314 11 14301 21536 917 0.1305544376373291
0 314 11 12013 21536 917 0.14419341087341309
0 314 11 11532 21536 917 0.13416075706481934
0 316 9 9288 21536 917 0.13010168075561523
0 313 12 11869 21536 917 0.13969755172729492
0 315 10 11461 21536 917 0.13246726989746094
0 315 10 15908 22393 917 0.15816617012023926
0 319 6 13601 22393 917 0.14239764213562012
0 320 5 16498 22393 917 0.13697409629821777
0 317 8 11682 22393 917 0.15438365936279297
0 320 5 16487 22393 917 0.13305902481079102
0 316 9 14811 22393 917 0.13366484642028809
0 314 11 14258 22393 917 0.13001465797424316
0 318 7 13558 22393 917 0.13418936729431152
0 320 5 13153 22393 917 0.15057635307312012
0 317 8 14333 22393 917 0.13014721870422363
0 312 13 13355 23566 917 0.13113045692443848
0 315 10 13037 23566 917 0.13784456253051758
0 313 12 12432 23566 917 0.12820148468017578
0 313 12 13088 23566 917 0.13814187049865723
0 314 11 13301 23566 917 0.1408689022064209
0 316 9 13645 23566 917 0.1505281925201416
0 318 7 17185 23566 917 0.13307404518127441
0 319 6 15527 23566 917 0.1373920440673828
0 316 9 11967 23566 917 0.14105677604675293
0 317 8 14262 23566 917 0.14119863510131836
0 316 9 10460 26957 917 0.13608145713806152
0 315 10 15749 26957 917 0.13165903091430664
0 313 12 14734 26957 917 0.1371440887451172
0 314 11 19951 26957 917 0.14095664024353027
0 318 7 14638 26957 917 0.13366055488586426
0 308 17 13648 26957 917 0.1327991485595703
0 313 12 11743 26957 917 0.12898635864257812
0 316 9 15889 26957 917 0.1352524757385254
0 316 9 20549 26957 917 0.13646173477172852
0 314 11 12073 26957 917 0.13456058502197266
0 316 9 16645 21480 917 0.13150858879089355
0 317 8 11349 21480 917 0.13328146934509277
0 315 10 15578 21480 917 0.14018034934997559
0 314 11 11367 21480 917 0.13538837432861328
0 317 8 11099 21480 917 0.13390541076660156
0 319 6 17072 21480 917 0.15286827087402344
0 315 10 10361 21480 917 0.13472962379455566
0 316 9 13571 21480 917 0.1375415325164795
0 317 8 13914 21480 917 0.13904237747192383
0 314 11 14577 21480 917 0.13164138793945312
0 319 6 18910 27949 917 0.13477826118469238
0 313 12 15401 27949 917 0.1313793659210205
0 314 11 17548 27949 917 0.12992000579833984
0 318 7 21356 27949 917 0.13377642631530762
0 317 8 19017 27949 917 0.13602137565612793
0 320 5 17247 27949 917 0.14984607696533203
0 316 9 15670 27949 917 0.13550472259521484
0 319 6 18122 27949 917 0.13551688194274902
0 314 11 17902 27949 917 0.1430799961090088
0 313 12 14929 27949 917 0.13742566108703613
0 320 5 19963 26644 917 0.1303389072418213
0 319 6 18182 26644 917 0.1304776668548584
0 319 6 18553 26644 917 0.12984371185302734
0 321 4 22444 26644 917 0.13144159317016602
0 322 3 20005 26644 917 0.13006377220153809
0 320 5 16646 26644 917 0.1341416835784912
0 320 5 18465 26644 917 0.13159465789794922
0 317 8 16735 26644 917 0.13045835494995117
0 318 7 17944 26644 917 0.1372358798980713
0 318 7 17603 26644 917 0.13054823875427246
0 317 8 17850 22468 917 0.13801956176757812
0 321 4 18307 22468 917 0.13712549209594727
0 318 7 20005 22468 917 0.12921142578125
0 319 6 18495 22468 917 0.12862062454223633
0 317 8 20252 22468 917 0.13198590278625488
0 316 9 19266 22468 917 0.13085198402404785
0 313 12 15356 22468 917 0.13323378562927246
0 319 6 20247 22468 917 0.13872170448303223
0 318 7 15975 22468 917 0.1304020881652832
0 316 9 17865 22468 917 0.13877224922180176
0 319 6 13370 19881 917 0.1350231170654297
0 320 5 10108 19881 917 0.12969660758972168
0 322 3 16763 19881 917 0.12929630279541016
0 318 7 11029 19881 917 0.1360461711883545
0 316 9 12406 19881 917 0.13039255142211914
0 319 6 11210 19881 917 0.13416814804077148
0 316 9 13749 19881 917 0.1338672637939453
0 317 8 13099 19881 917 0.13241362571716309
0 316 9 7906 19881 917 0.1314091682434082
0 316 9 11363 19881 917 0.13256120681762695
0 316 9 11475 23468 917 0.14379024505615234
0 315 10 14821 23468 917 0.1304476261138916
0 316 9 16965 23468 917 0.13771700859069824
0 319 6 16992 23468 917 0.13015437126159668
0 316 9 10640 23468 917 0.13217592239379883
0 321 4 13865 23468 917 0.1334373950958252
0 318 7 18134 23468 917 0.1298506259918213
0 315 10 11463 23468 917 0.1360623836517334
0 320 5 9848 23468 917 0.1384739875793457
0 315 10 12841 23468 917 0.13170409202575684
0 316 9 9772 18847 917 0.13423728942871094
0 316 9 11235 18847 917 0.13480329513549805
0 318 7 11793 18847 917 0.13008809089660645
0 318 7 14599 18847 917 0.16975116729736328
0 320 5 7753 18847 917 0.13047170639038086
0 316 9 11350 18847 917 0.1320798397064209
0 315 10 9334 18847 917 0.12489128112792969
0 319 6 8548 18847 917 0.13751649856567383
0 316 9 14826 18847 917 0.13360095024108887
0 316 9 9894 18847 917 0.2002096176147461
0 318 7 13476 25239 917 0.14200758934020996
0 315 10 17175 25239 917 0.13297343254089355
0 317 8 19868 25239 917 0.1317756175994873
0 319 6 17506 25239 917 0.1329340934753418
0 319 6 11792 25239 917 0.13091468811035156
0 315 10 13815 25239 917 0.13025426864624023
0 320 5 19865 25239 917 0.13038253784179688
0 312 13 16169 25239 917 0.12923359870910645
0 316 9 14822 25239 917 0.12969374656677246
0 316 9 16837 25239 917 0.1320948600769043
0 313 12 14770 26636 917 0.13246464729309082
0 316 9 18434 26636 917 0.13877034187316895
0 316 9 21150 26636 917 0.24965357780456543
0 312 13 12257 26636 917 0.2626192569732666
0 321 4 17448 26636 917 0.25400519371032715
0 313 12 18192 26636 917 0.18219304084777832
0 317 8 16341 26636 917 0.13577675819396973
0 313 12 19644 26636 917 0.1329362392425537
0 312 13 16076 26636 917 0.13731861114501953
0 318 7 16395 26636 917 0.13123869895935059
0 318 7 15971 21982 917 0.13118934631347656
0 318 7 12824 21982 917 0.12989544868469238
0 317 8 14028 21982 917 0.14013361930847168
0 320 5 16324 21982 917 0.12939691543579102
0 318 7 17615 21982 917 0.13385415077209473
0 319 6 16331 21982 917 0.132951021194458
0 322 3 20016 21982 917 0.12948083877563477
0 318 7 15759 21982 917 0.1552748680114746
0 320 5 17290 21982 917 0.252927303314209
0 318 7 14919 21982 917 0.24475622177124023
0 316 9 14872 21274 917 0.12827229499816895
0 313 12 16976 21274 917 0.13071489334106445
0 320 5 18688 21274 917 0.14131522178649902
0 322 3 15877 21274 917 0.13318634033203125
0 318 7 16966 21274 917 0.13821887969970703
0 316 9 14445 21274 917 0.13669180870056152
0 314 11 14357 21274 917 0.13109636306762695
0 314 11 16408 21274 917 0.13995885848999023
0 315 10 14921 21274 917 0.13734912872314453
0 317 8 13818 21274 917 0.13267254829406738
0 320 5 19660 25036 917 0.17650175094604492
0 314 11 12899 25036 917 0.2640225887298584
0 319 6 16634 25036 917 0.25746893882751465
0 315 10 15870 25036 917 0.2068924903869629
0 313 12 10361 25036 917 0.14312434196472168
0 318 7 17227 25036 917 0.1380929946899414
0 317 8 13124 25036 917 0.13692808151245117
0 311 14 10557 25036 917 0.13846206665039062
0 320 5 15818 25036 917 0.14354348182678223
0 316 9 13051 25036 917 0.13498497009277344
0 318 7 13213 29209 917 0.14552640914916992
0 318 7 20219 29209 917 0.13715696334838867
0 318 7 14609 29209 917 0.13465261459350586
0 319 6 16450 29209 917 0.1331624984741211
0 317 8 17380 29209 917 0.13581013679504395
0 315 10 16799 29209 917 0.13615012168884277
0 314 11 16828 29209 917 0.13506579399108887
0 321 4 17552 29209 917 0.13788747787475586
0 319 6 20744 29209 917 0.13364338874816895
0 316 9 18941 29209 917 0.13628435134887695
0 317 8 12064 29616 917 0.13205790519714355
0 321 4 13134 29616 917 0.14571261405944824
0 316 9 12736 29616 917 0.13349699974060059
0 319 6 18115 29616 917 0.14001131057739258
0 318 7 14753 29616 917 0.13109540939331055
0 317 8 14077 29616 917 0.13358688354492188
0 315 10 14146 29616 917 0.13624262809753418
0 317 8 12770 29616 917 0.20292115211486816
0 313 12 13646 29616 917 0.2541646957397461
0 317 8 16564 29616 917 0.27086806297302246
0 316 9 11620 23116 917 0.25473928451538086
0 316 9 16412 23116 917 0.15233993530273438
0 318 7 18232 23116 917 0.13998842239379883
0 315 10 12883 23116 917 0.13454341888427734
0 319 6 17767 23116 917 0.13913226127624512
0 315 10 9399 23116 917 0.1442880630493164
0 317 8 18395 23116 917 0.13792824745178223
0 318 7 10154 23116 917 0.13039231300354004
0 318 7 13121 23116 917 0.1383659839630127
0 318 7 16503 23116 917 0.13884472846984863
0 320 5 13952 21962 917 0.13306045532226562
0 316 9 13360 21962 917 0.1458587646484375
0 317 8 11480 21962 917 0.13029026985168457
0 310 15 12896 21962 917 0.13279485702514648
0 318 7 14956 21962 917 0.1454164981842041
0 313 12 15929 21962 917 0.13451814651489258
0 317 8 9916 21962 917 0.13128876686096191
0 316 9 18918 21962 917 0.14035367965698242
0 316 9 13670 21962 917 0.13817358016967773
0 318 7 12340 21962 917 0.13063883781433105
0 318 7 10502 22554 917 0.13704419136047363
0 314 11 18688 22554 917 0.13970255851745605
0 322 3 19703 22554 917 0.12995290756225586
0 319 6 16081 22554 917 0.13964128494262695
0 316 9 16763 22554 917 0.14008402824401855
0 312 13 14192 22554 917 0.13046669960021973
0 317 8 13455 22554 917 0.1389460563659668
0 317 8 18572 22554 917 0.15049123764038086
0 315 10 15700 22554 917 0.13113164901733398
0 316 9 18019 22554 917 0.1387929916381836
