0 321 4 12681 26573 9206 1.42673659324646
0 322 3 20326 26573 9206 1.3716459274291992
0 323 2 21747 26573 9206 1.355823278427124
0 323 2 22992 26573 9206 1.3398921489715576
0 322 3 21182 26573 9206 1.363936424255371
0 322 3 14821 26573 9206 1.3354089260101318
0 324 1 18607 26573 9206 1.3198881149291992
0 323 2 16475 26573 9206 1.3833210468292236
0 322 3 20268 26573 9206 1.3734774589538574
0 322 3 19142 26573 9206 1.3775675296783447
0 324 1 15375 18638 9206 2.3843984603881836
0 324 1 14907 18638 9206 1.4091885089874268
0 324 1 16185 18638 9206 1.5285184383392334
0 324 1 16705 18638 9206 2.112178325653076
1 325 0 17702 18638 9206 1.4251806735992432
0 324 1 15663 18638 9206 1.422081708908081
0 324 1 14692 18638 9206 1.4131817817687988
0 324 1 16427 18638 9206 1.428272008895874
0 324 1 16698 18638 9206 1.40248441696167
0 324 1 13177 18638 9206 1.445347547531128
0 322 3 16176 24430 9206 1.4336802959442139
0 324 1 18878 24430 9206 1.807570219039917
0 323 2 15767 24430 9206 1.994377613067627
0 322 3 17370 24430 9206 1.4483020305633545
0 324 1 23553 24430 9206 1.4312875270843506
0 324 1 21017 24430 9206 1.470261812210083
0 323 2 21080 24430 9206 1.976248025894165
0 323 2 17056 24430 9206 2.0807912349700928
1 325 0 24256 24430 9206 1.5884177684783936
0 323 2 21983 24430 9206 1.4375529289245605
0 323 2 17841 26137 9206 1.5447759628295898
0 321 4 14038 26137 9206 1.3987207412719727
0 322 3 12685 26137 9206 1.8131861686706543
0 322 3 12356 26137 9206 2.3070828914642334
0 323 2 16728 26137 9206 1.4413039684295654
0 320 5 15719 26137 9206 1.4475102424621582
0 323 2 14032 26137 9206 1.5164690017700195
0 320 5 10897 26137 9206 2.2444186210632324
0 324 1 13697 26137 9206 1.4631178379058838
0 322 3 13924 26137 9206 1.4620635509490967
0 324 1 19173 24689 9206 1.494896411895752
0 323 2 13789 24689 9206 1.3786072731018066
0 324 1 20968 24689 9206 1.3958103656768799
0 324 1 21580 24689 9206 1.7095608711242676
0 322 3 19221 24689 9206 2.179884672164917
0 324 1 19879 24689 9206 1.331742763519287
0 324 1 21656 24689 9206 2.2026939392089844
0 323 2 17420 24689 9206 1.4847297668457031
0 323 2 15383 24689 9206 1.370288372039795
0 323 2 20918 24689 9206 1.3477990627288818
0 323 2 18418 24016 9206 1.4136593341827393
0 323 2 15761 24016 9206 1.4783787727355957
0 324 1 12240 24016 9206 1.5065639019012451
0 323 2 10791 24016 9206 1.5318353176116943
0 322 3 13602 24016 9206 1.450340986251831
0 322 3 21275 24016 9206 1.3685729503631592
0 323 2 13569 24016 9206 1.4510927200317383
0 322 3 14003 24016 9206 2.3578851222991943
0 323 2 13947 24016 9206 1.7416789531707764
0 323 2 18634 24016 9206 1.5090093612670898
0 321 4 15796 26123 9206 1.4120566844940186
0 323 2 14955 26123 9206 2.561363458633423
0 322 3 17168 26123 9206 1.3754620552062988
0 323 2 22544 26123 9206 1.4062974452972412
0 323 2 16832 26123 9206 1.539316177368164
0 323 2 16333 26123 9206 1.5426533222198486
0 323 2 20656 26123 9206 2.9443764686584473
0 322 3 15658 26123 9206 1.3718552589416504
0 323 2 15676 26123 9206 1.3376636505126953
0 321 4 15100 26123 9206 1.3299295902252197
0 322 3 11409 25071 9206 2.663886070251465
0 323 2 15388 25071 9206 1.416635274887085
0 323 2 20280 25071 9206 1.5330078601837158
0 323 2 15493 25071 9206 1.453141212463379
0 323 2 15067 25071 9206 1.4519784450531006
0 323 2 16245 25071 9206 1.4915997982025146
0 324 1 14468 25071 9206 1.409102439880371
0 324 1 22955 25071 9206 1.3517024517059326
0 321 4 14397 25071 9206 1.971071720123291
0 324 1 21442 25071 9206 1.6213116645812988
0 324 1 17567 21278 9206 1.3395957946777344
1 325 0 20976 21278 9206 1.3542730808258057
0 324 1 11442 21278 9206 1.3601994514465332
1 325 0 20688 21278 9206 1.4758284091949463
0 324 1 16797 21278 9206 1.4605953693389893
1 325 0 20772 21278 9206 1.4392189979553223
0 324 1 17385 21278 9206 1.4607679843902588
0 322 3 12413 21278 9206 1.384016752243042
0 323 2 18400 21278 9206 1.3818283081054688
0 323 2 14731 21278 9206 1.3136470317840576
0 324 1 15814 22180 9206 1.3820586204528809
0 321 4 14308 22180 9206 2.5099728107452393
0 322 3 17696 22180 9206 1.3439674377441406
0 324 1 18366 22180 9206 1.3813555240631104
0 322 3 13156 22180 9206 1.9305977821350098
0 322 3 10588 22180 9206 1.5299665927886963
0 324 1 18390 22180 9206 1.4720458984375
0 322 3 11186 22180 9206 1.559255838394165
1 325 0 19505 22180 9206 1.4770102500915527
0 324 1 18529 22180 9206 1.357558012008667
0 321 4 15948 25800 9206 1.3826475143432617
0 320 5 19302 25800 9206 1.3934261798858643
0 321 4 13251 25800 9206 2.540780544281006
0 324 1 25015 25800 9206 1.4672062397003174
0 322 3 9550 25800 9206 1.457373857498169
0 323 2 14034 25800 9206 1.4489636421203613
0 320 5 9545 25800 9206 1.3498785495758057
1 325 0 25800 25800 9206 1.4525375366210938
0 322 3 11004 25800 9206 1.497359275817871
1 325 0 25800 25800 9206 1.8789019584655762
0 324 1 16692 20466 9206 1.5654938220977783
0 323 2 14191 20466 9206 1.3887872695922852
0 324 1 16210 20466 9206 2.0029196739196777
0 322 3 11724 20466 9206 1.376835584640503
1 325 0 19538 20466 9206 1.4628913402557373
0 323 2 16883 20466 9206 2.3138041496276855
1 325 0 19662 20466 9206 2.1314148902893066
0 321 4 10362 20466 9206 1.3129827976226807
0 324 1 17232 20466 9206 1.433424472808838
0 324 1 17958 20466 9206 1.3604791164398193
0 324 1 25246 31523 9206 1.321397304534912
0 324 1 21768 31523 9206 2.1021339893341064
0 323 2 21824 31523 9206 1.4697961807250977
0 323 2 27601 31523 9206 1.3618593215942383
0 323 2 25469 31523 9206 1.337202548980713
0 322 3 21993 31523 9206 1.3323516845703125
0 323 2 26589 31523 9206 1.3314611911773682
0 323 2 24795 31523 9206 1.3121259212493896
0 322 3 20817 31523 9206 1.3504846096038818
0 323 2 23844 31523 9206 1.3354113101959229
0 324 1 21656 28700 9206 1.344599723815918
0 323 2 19460 28700 9206 2.071556568145752
0 324 1 17128 28700 9206 1.3237018585205078
0 321 4 15772 28700 9206 1.3780505657196045
0 323 2 19618 28700 9206 1.3860599994659424
0 323 2 20716 28700 9206 1.5665626525878906
0 324 1 21599 28700 9206 1.3309402465820312
0 324 1 24485 28700 9206 1.321857213973999
0 322 3 18456 28700 9206 1.5429446697235107
0 323 2 20678 28700 9206 1.337942123413086
0 323 2 17915 24729 9206 1.3401236534118652
0 323 2 16856 24729 9206 2.3033664226531982
0 324 1 16787 24729 9206 1.3110778331756592
0 324 1 19975 24729 9206 1.2971043586730957
0 324 1 22155 24729 9206 1.3497755527496338
0 323 2 19131 24729 9206 1.9501404762268066
0 322 3 18642 24729 9206 1.5057423114776611
1 325 0 22661 24729 9206 1.3665199279785156
0 323 2 16884 24729 9206 1.3474318981170654
0 324 1 20564 24729 9206 1.3538563251495361
0 322 3 14611 22975 9206 1.3353161811828613
0 324 1 18394 22975 9206 1.4346528053283691
0 323 2 18501 22975 9206 1.971057653427124
0 323 2 13420 22975 9206 1.9595143795013428
0 323 2 15824 22975 9206 1.877671718597412
0 324 1 18088 22975 9206 1.3402588367462158
0 323 2 17825 22975 9206 1.3692042827606201
0 322 3 13159 22975 9206 1.3438405990600586
0 320 5 14495 22975 9206 1.3020105361938477
0 321 4 14239 22975 9206 1.3746025562286377
1 325 0 19538 20396 9206 1.3218765258789062
0 324 1 17884 20396 9206 1.3433372974395752
0 322 3 11494 20396 9206 1.3450374603271484
0 324 1 17446 20396 9206 1.3254961967468262
0 323 2 15297 20396 9206 1.3362340927124023
0 322 3 13521 20396 9206 1.4558885097503662
0 323 2 16439 20396 9206 1.3748376369476318
0 322 3 13986 20396 9206 1.3349661827087402
0 320 5 11270 20396 9206 2.1867849826812744
0 322 3 13364 20396 9206 1.4359350204467773
1 325 0 27446 28737 9206 1.3318631649017334
0 323 2 20314 28737 9206 1.3766834735870361
0 323 2 18446 28737 9206 1.3290982246398926
1 325 0 26607 28737 9206 1.3184576034545898
0 324 1 21174 28737 9206 2.1754884719848633
0 324 1 18323 28737 9206 1.3936796188354492
0 322 3 22825 28737 9206 1.3388376235961914
1 325 0 26539 28737 9206 1.6357364654541016
1 325 0 24513 28737 9206 1.4618151187896729
1 325 0 22525 28737 9206 1.3060150146484375
0 323 2 10311 19184 9206 1.3670437335968018
0 324 1 13342 19184 9206 1.6643850803375244
0 323 2 13814 19184 9206 1.8072054386138916
0 324 1 15514 19184 9206 1.4212148189544678
0 322 3 15398 19184 9206 1.416121482849121
0 322 3 10655 19184 9206 1.412255048751831
0 320 5 12058 19184 9206 1.3597376346588135
0 324 1 13399 19184 9206 1.334606409072876
0 323 2 14006 19184 9206 2.779813051223755
0 323 2 15081 19184 9206 1.342421293258667
0 324 1 15325 20380 9206 1.3811147212982178
0 324 1 16073 20380 9206 1.3314259052276611
0 323 2 16298 20380 9206 1.3355417251586914
0 322 3 14076 20380 9206 1.3232955932617188
0 324 1 14614 20380 9206 1.3717761039733887
0 323 2 15642 20380 9206 1.3292677402496338
0 323 2 16566 20380 9206 1.3199753761291504
0 323 2 16703 20380 9206 1.3581271171569824
1 325 0 19301 20380 9206 1.3897550106048584
0 323 2 13383 20380 9206 2.0855953693389893
0 322 3 16923 25348 9206 1.3864545822143555
0 323 2 20047 25348 9206 1.3319296836853027
0 323 2 14558 25348 9206 1.3609960079193115
0 323 2 15577 25348 9206 1.6506421566009521
0 321 4 12526 25348 9206 1.474578619003296
0 323 2 17635 25348 9206 1.376807451248169
0 323 2 16988 25348 9206 1.3481969833374023
0 324 1 14569 25348 9206 1.3508803844451904
0 323 2 16485 25348 9206 2.120087146759033
0 324 1 16616 25348 9206 1.4415907859802246
0 323 2 9977 16731 9206 1.3414273262023926
0 323 2 7534 16731 9206 1.3605246543884277
0 322 3 10293 16731 9206 1.3899741172790527
0 323 2 8960 16731 9206 1.3982558250427246
0 322 3 14346 16731 9206 1.3545293807983398
0 324 1 13943 16731 9206 1.7030963897705078
0 320 5 10540 16731 9206 1.5552339553833008
0 324 1 12066 16731 9206 1.4302103519439697
0 323 2 13971 16731 9206 1.5822432041168213
0 323 2 12528 16731 9206 1.388486385345459
0 324 1 18261 26931 9206 1.6249606609344482
0 323 2 21397 26931 9206 2.5501861572265625
0 324 1 19195 26931 9206 2.126737356185913
0 324 1 21182 26931 9206 1.7336537837982178
1 325 0 20340 26931 9206 1.5609078407287598
0 324 1 16003 26931 9206 1.3398666381835938
0 324 1 18028 26931 9206 1.4085888862609863
0 324 1 20808 26931 9206 1.4835152626037598
0 323 2 15941 26931 9206 1.945288896560669
1 325 0 25883 26931 9206 1.513848066329956
0 322 3 9839 22741 9206 1.4130544662475586
0 322 3 10920 22741 9206 1.4372596740722656
0 324 1 13066 22741 9206 1.3970601558685303
0 321 4 16162 22741 9206 1.360241174697876
0 323 2 11923 22741 9206 1.330944538116455
0 323 2 14408 22741 9206 1.3371822834014893
0 324 1 16491 22741 9206 1.327927589416504
0 324 1 11182 22741 9206 2.5431931018829346
0 323 2 19317 22741 9206 1.3722891807556152
0 322 3 10785 22741 9206 1.369879961013794
0 322 3 15781 26208 9206 1.4739561080932617
0 324 1 14338 26208 9206 2.431530237197876
0 322 3 16673 26208 9206 1.5088508129119873
0 324 1 17583 26208 9206 1.4449400901794434
0 322 3 12936 26208 9206 1.3687365055084229
0 324 1 14750 26208 9206 1.3580348491668701
0 322 3 12881 26208 9206 1.3393843173980713
0 323 2 18292 26208 9206 1.330578327178955
0 323 2 18595 26208 9206 1.3686332702636719
0 323 2 20537 26208 9206 1.3491387367248535
0 323 2 14745 25279 9206 1.392082929611206
0 323 2 17717 25279 9206 2.472191095352173
0 323 2 15935 25279 9206 1.6112000942230225
0 323 2 18050 25279 9206 1.4182729721069336
0 324 1 15894 25279 9206 1.3418331146240234
0 324 1 16550 25279 9206 1.3903329372406006
0 324 1 12724 25279 9206 2.2028748989105225
0 322 3 15865 25279 9206 1.3638010025024414
0 323 2 17159 25279 9206 1.3507740497589111
0 322 3 18546 25279 9206 1.3401434421539307
1 325 0 17934 20455 9206 2.1234633922576904
0 323 2 13649 20455 9206 1.4613442420959473
1 325 0 18558 20455 9206 1.7556073665618896
1 325 0 18809 20455 9206 1.414973497390747
1 325 0 17848 20455 9206 2.295940637588501
0 322 3 14566 20455 9206 1.3474173545837402
1 325 0 17611 20455 9206 1.7072257995605469
0 324 1 17809 20455 9206 1.7890245914459229
1 325 0 16367 20455 9206 1.383937120437622
0 323 2 15443 20455 9206 1.3222205638885498
0 324 1 11869 20186 9206 1.396324634552002
0 324 1 16749 20186 9206 1.3785908222198486
0 323 2 11612 20186 9206 1.3897027969360352
0 323 2 12703 20186 9206 1.7761056423187256
0 323 2 12985 20186 9206 2.1452016830444336
1 325 0 14888 20186 9206 1.3287098407745361
0 324 1 14415 20186 9206 1.3677644729614258
0 323 2 17882 20186 9206 1.3400371074676514
0 324 1 14641 20186 9206 1.3687639236450195
0 323 2 14540 20186 9206 2.334164619445801
0 324 1 18389 27711 9206 1.7953906059265137
0 323 2 13995 27711 9206 1.784332036972046
0 324 1 16437 27711 9206 1.6499507427215576
0 322 3 16173 27711 9206 1.3598411083221436
0 321 4 15264 27711 9206 1.3505563735961914
0 323 2 21699 27711 9206 1.3754677772521973
0 324 1 20802 27711 9206 2.185884475708008
0 324 1 17987 27711 9206 1.3460166454315186
0 323 2 18635 27711 9206 1.9661540985107422
0 323 2 21749 27711 9206 1.9297356605529785
0 322 3 13471 27933 9206 1.3545749187469482
0 321 4 16278 27933 9206 1.3493530750274658
0 320 5 15158 27933 9206 1.3676409721374512
0 322 3 17512 27933 9206 1.3373463153839111
0 322 3 15491 27933 9206 1.6490037441253662
0 322 3 18514 27933 9206 1.7923059463500977
0 324 1 24230 27933 9206 1.3465919494628906
0 320 5 16950 27933 9206 1.457779884338379
0 322 3 21992 27933 9206 1.394759178161621
0 323 2 23673 27933 9206 2.046647548675537
0 323 2 23447 27370 9206 1.3244907855987549
0 323 2 16166 27370 9206 1.355792760848999
0 323 2 19225 27370 9206 1.3569164276123047
0 321 4 19262 27370 9206 1.3373448848724365
0 324 1 22700 27370 9206 1.9858922958374023
0 324 1 16761 27370 9206 1.6783125400543213
0 322 3 17177 27370 9206 1.339097023010254
0 323 2 21019 27370 9206 1.3840317726135254
0 321 4 11793 27370 9206 1.6010003089904785
0 322 3 15528 27370 9206 1.902822732925415
0 320 5 15323 25801 9206 1.3696396350860596
0 321 4 11681 25801 9206 1.3838353157043457
0 321 4 11460 25801 9206 1.3173024654388428
0 322 3 14431 25801 9206 1.8653745651245117
0 322 3 12857 25801 9206 1.47414231300354
0 321 4 19750 25801 9206 1.3208870887756348
0 318 7 15773 25801 9206 1.337895154953003
0 323 2 18792 25801 9206 1.705451488494873
0 318 7 11963 25801 9206 3.1597495079040527
0 321 4 14769 25801 9206 1.6098644733428955
0 323 2 18806 25506 9206 1.3645939826965332
0 324 1 20274 25506 9206 1.3384497165679932
1 325 0 24832 25506 9206 1.4119887351989746
0 323 2 20946 25506 9206 2.2049992084503174
0 322 3 18549 25506 9206 1.9485158920288086
0 323 2 17097 25506 9206 1.3391532897949219
0 322 3 17488 25506 9206 1.9460222721099854
0 323 2 20126 25506 9206 1.5318946838378906
0 323 2 21811 25506 9206 1.3591163158416748
0 323 2 17676 25506 9206 1.3447372913360596
0 323 2 16614 24453 9206 2.4804956912994385
0 322 3 13251 24453 9206 1.5358600616455078
1 325 0 24453 24453 9206 1.342566967010498
0 323 2 13471 24453 9206 2.4076995849609375
0 321 4 12800 24453 9206 1.3551533222198486
0 323 2 20641 24453 9206 1.4272072315216064
0 323 2 17066 24453 9206 1.3500292301177979
0 321 4 15048 24453 9206 1.322880744934082
0 323 2 9434 24453 9206 1.3348653316497803
0 322 3 15048 24453 9206 1.3413968086242676
0 323 2 15337 24296 9206 1.4253041744232178
0 323 2 13721 24296 9206 2.0335676670074463
0 323 2 13453 24296 9206 1.312171459197998
0 323 2 13901 24296 9206 1.3498625755310059
0 323 2 12868 24296 9206 1.3484716415405273
0 322 3 11037 24296 9206 1.3584952354431152
0 321 4 16838 24296 9206 1.3353056907653809
0 323 2 11926 24296 9206 1.8718960285186768
0 324 1 16411 24296 9206 2.413828134536743
0 323 2 17086 24296 9206 1.3614296913146973
0 322 3 12135 25576 9206 1.3254625797271729
0 322 3 17504 25576 9206 1.3564732074737549
0 321 4 16614 25576 9206 1.9862403869628906
0 324 1 22554 25576 9206 1.3407237529754639
0 323 2 16161 25576 9206 1.6090748310089111
0 323 2 22218 25576 9206 1.8632292747497559
0 321 4 15270 25576 9206 1.3621110916137695
0 323 2 15270 25576 9206 1.3836233615875244
0 324 1 23561 25576 9206 1.5823116302490234
0 323 2 17509 25576 9206 2.1982970237731934
0 322 3 12518 24792 9206 1.3796641826629639
1 325 0 24199 24792 9206 2.1716878414154053
1 325 0 24133 24792 9206 1.6542353630065918
0 324 1 11789 24792 9206 1.3769605159759521
0 324 1 22168 24792 9206 1.330427885055542
0 323 2 12757 24792 9206 1.3296844959259033
0 322 3 16183 24792 9206 2.3090381622314453
0 322 3 18146 24792 9206 2.3455021381378174
0 321 4 16880 24792 9206 1.3141324520111084
0 323 2 18772 24792 9206 1.9687769412994385
0 321 4 20072 24777 9206 1.3673312664031982
0 322 3 18894 24777 9206 1.329925298690796
0 322 3 20088 24777 9206 1.3470053672790527
1 325 0 22335 24777 9206 1.734147310256958
0 323 2 20125 24777 9206 1.6367883682250977
0 322 3 17982 24777 9206 1.3542184829711914
0 322 3 19670 24777 9206 1.3650822639465332
0 323 2 20761 24777 9206 1.778177261352539
0 323 2 20221 24777 9206 2.093245267868042
0 323 2 20536 24777 9206 1.3115465641021729
0 323 2 13478 23558 9206 1.3882725238800049
0 322 3 11793 23558 9206 1.3968863487243652
0 323 2 19862 23558 9206 2.3752102851867676
0 323 2 16332 23558 9206 1.3849093914031982
0 323 2 14148 23558 9206 1.6879298686981201
0 320 5 11793 23558 9206 1.9902396202087402
0 321 4 11120 23558 9206 2.5721826553344727
0 322 3 15153 23558 9206 2.032238245010376
0 321 4 13812 23558 9206 1.3802053928375244
0 321 4 8768 23558 9206 2.4907617568969727
0 322 3 12502 24209 9206 1.3920907974243164
0 319 6 16442 24209 9206 1.3197441101074219
0 323 2 16321 24209 9206 1.4375102519989014
0 322 3 11106 24209 9206 2.394374370574951
0 324 1 17093 24209 9206 1.3439650535583496
0 324 1 14826 24209 9206 1.399305820465088
0 322 3 15526 24209 9206 1.4617972373962402
0 323 2 13829 24209 9206 2.4351298809051514
0 323 2 14079 24209 9206 1.4482088088989258
0 322 3 17850 24209 9206 1.3730180263519287
0 322 3 13472 25239 9206 1.3340439796447754
0 324 1 17170 25239 9206 2.4123518466949463
1 325 0 24565 25239 9206 1.3678898811340332
0 322 3 20532 25239 9206 2.7065672874450684
0 324 1 14146 25239 9206 1.3328371047973633
0 324 1 24231 25239 9206 1.615576982498169
0 323 2 14147 25239 9206 2.090369939804077
0 323 2 14146 25239 9206 1.329181432723999
0 323 2 21546 25239 9206 1.3480188846588135
0 322 3 14491 25239 9206 1.886247158050537
0 322 3 15343 20031 9206 2.094529151916504
0 324 1 16888 20031 9206 1.3700873851776123
0 323 2 15754 20031 9206 1.3334178924560547
0 324 1 18211 20031 9206 1.356278896331787
0 324 1 11551 20031 9206 1.3729538917541504
0 324 1 18710 20031 9206 2.1601414680480957
0 324 1 18349 20031 9206 1.6939074993133545
0 323 2 17038 20031 9206 1.329923152923584
0 323 2 17882 20031 9206 1.3305909633636475
0 324 1 14115 20031 9206 1.3666157722473145
0 321 4 16093 23576 9206 1.4441509246826172
0 322 3 14117 23576 9206 2.5597076416015625
0 322 3 15615 23576 9206 1.418485164642334
0 323 2 15242 23576 9206 1.4414150714874268
0 324 1 20515 23576 9206 1.8634319305419922
0 323 2 16383 23576 9206 1.3441965579986572
0 323 2 9436 23576 9206 1.3426170349121094
0 324 1 20242 23576 9206 1.3630311489105225
0 323 2 16114 23576 9206 1.3304047584533691
1 325 0 23207 23576 9206 1.3349113464355469
1 325 0 20804 22467 9206 1.4077544212341309
0 322 3 13204 22467 9206 1.3604161739349365
0 323 2 12881 22467 9206 1.3502998352050781
0 322 3 14704 22467 9206 1.410003900527954
0 323 2 13254 22467 9206 1.9125571250915527
0 322 3 13177 22467 9206 1.6261847019195557
0 324 1 13154 22467 9206 1.5023255348205566
0 323 2 12301 22467 9206 2.294935941696167
0 324 1 19763 22467 9206 1.3327932357788086
0 324 1 17789 22467 9206 1.3586246967315674
0 321 4 12583 27932 9206 1.3627684116363525
0 322 3 15493 27932 9206 1.333688735961914
0 323 2 18522 27932 9206 1.4873888492584229
0 323 2 13477 27932 9206 2.1159350872039795
0 322 3 15499 27932 9206 1.319439172744751
0 323 2 17848 27932 9206 1.4039905071258545
0 322 3 15712 27932 9206 1.3358204364776611
0 322 3 16502 27932 9206 2.1487088203430176
0 323 2 16726 27932 9206 1.3435723781585693
0 322 3 17399 27932 9206 1.3410358428955078
0 324 1 18849 24488 9206 1.3587276935577393
0 322 3 15086 24488 9206 1.5130853652954102
1 325 0 22493 24488 9206 1.791247844696045
1 325 0 22957 24488 9206 1.327723741531372
1 325 0 22676 24488 9206 1.3423755168914795
1 325 0 24031 24488 9206 1.3270974159240723
0 322 3 16028 24488 9206 2.095407485961914
1 325 0 24031 24488 9206 1.4014887809753418
0 324 1 22012 24488 9206 2.331639289855957
0 322 3 18133 24488 9206 1.8616137504577637
0 321 4 13143 26586 9206 1.3717520236968994
0 322 3 14493 26586 9206 1.4675476551055908
0 323 2 15832 26586 9206 1.470203161239624
0 323 2 18189 26586 9206 2.9997458457946777
0 322 3 18854 26586 9206 1.4098289012908936
0 321 4 12467 26586 9206 1.4121160507202148
0 322 3 17293 26586 9206 2.0186479091644287
0 322 3 21658 26586 9206 1.3983690738677979
0 323 2 17293 26586 9206 1.5731110572814941
0 322 3 19648 26586 9206 2.0291879177093506
0 323 2 14185 22234 9206 1.8234703540802002
0 322 3 9970 22234 9206 1.2996406555175781
0 323 2 9979 22234 9206 1.3620123863220215
0 322 3 16516 22234 9206 2.0471813678741455
0 323 2 16953 22234 9206 1.6248674392700195
0 322 3 18064 22234 9206 1.345202922821045
0 324 1 15805 22234 9206 1.9506008625030518
0 322 3 13853 22234 9206 1.5237812995910645
0 322 3 10396 22234 9206 1.5383267402648926
0 323 2 11894 22234 9206 2.2130088806152344
0 323 2 20473 25119 9206 1.33555006980896
0 323 2 21946 25119 9206 2.099046230316162
0 323 2 21226 25119 9206 1.698394536972046
0 323 2 20640 25119 9206 1.6318166255950928
0 323 2 19046 25119 9206 2.1026744842529297
0 322 3 17609 25119 9206 1.8030264377593994
0 322 3 19233 25119 9206 1.346975564956665
0 324 1 18236 25119 9206 1.3353149890899658
0 324 1 23429 25119 9206 1.3027665615081787
0 324 1 22548 25119 9206 1.378342866897583
0 324 1 14881 21131 9206 1.3744490146636963
0 324 1 13268 21131 9206 1.8773388862609863
0 324 1 19479 21131 9206 1.3632080554962158
0 321 4 12703 21131 9206 1.343675136566162
0 324 1 13661 21131 9206 1.712228775024414
0 319 6 11932 21131 9206 1.4435596466064453
0 324 1 14825 21131 9206 1.3606290817260742
0 323 2 13072 21131 9206 2.0433661937713623
0 323 2 17664 21131 9206 1.3650145530700684
1 325 0 19841 21131 9206 1.3171885013580322
0 324 1 12243 25800 9206 1.4582891464233398
0 323 2 8206 25800 9206 2.5744240283966064
0 324 1 12802 25800 9206 1.3339142799377441
0 323 2 12913 25800 9206 1.3815255165100098
0 323 2 16161 25800 9206 1.6206185817718506
0 324 1 15155 25800 9206 1.4939768314361572
0 324 1 13589 25800 9206 1.5368142127990723
0 324 1 15939 25800 9206 1.3341279029846191
0 324 1 12241 25800 9206 1.4263551235198975
0 323 2 15714 25800 9206 2.509324789047241
0 322 3 15595 22534 9206 1.3704676628112793
0 324 1 20369 22534 9206 1.3602299690246582
0 321 4 11107 22534 9206 1.3621904850006104
0 323 2 16260 22534 9206 1.8994739055633545
0 320 5 11322 22534 9206 1.7290434837341309
0 323 2 18839 22534 9206 1.3231010437011719
0 322 3 13155 22534 9206 1.3450517654418945
0 322 3 17084 22534 9206 1.3452141284942627
1 325 0 21501 22534 9206 1.3636417388916016
0 322 3 9655 22534 9206 1.8817992210388184
0 321 4 17737 22436 9206 1.694777011871338
0 324 1 20190 22436 9206 1.3843753337860107
0 324 1 17397 22436 9206 2.1101460456848145
0 323 2 14488 22436 9206 1.6048400402069092
0 323 2 17177 22436 9206 1.9930684566497803
0 321 4 16393 22436 9206 1.3273348808288574
0 323 2 12808 22436 9206 1.3454070091247559
0 321 4 12696 22436 9206 2.093954563140869
0 324 1 18184 22436 9206 1.3606534004211426
0 320 5 14038 22436 9206 1.3489398956298828
0 323 2 20353 28282 9206 1.9335169792175293
0 322 3 18417 28282 9206 2.1642439365386963
0 323 2 15569 28282 9206 1.3783972263336182
0 324 1 22663 28282 9206 2.09114408493042
0 322 3 16843 28282 9206 1.5852890014648438
0 323 2 21569 28282 9206 1.3423247337341309
0 324 1 20843 28282 9206 1.3521013259887695
0 323 2 16241 28282 9206 1.3571453094482422
0 324 1 17650 28282 9206 1.3309149742126465
0 324 1 20807 28282 9206 1.3421831130981445
0 321 4 17440 29228 9206 1.3560302257537842
0 322 3 22097 29228 9206 1.398590326309204
0 323 2 16977 29228 9206 1.4106922149658203
0 322 3 21830 29228 9206 1.429070234298706
0 322 3 24725 29228 9206 1.344897985458374
0 322 3 23182 29228 9206 1.3486979007720947
0 324 1 23097 29228 9206 1.8643114566802979
0 324 1 20534 29228 9206 1.9937098026275635
0 322 3 18856 29228 9206 1.3354644775390625
0 323 2 21143 29228 9206 2.053008556365967
0 323 2 16126 26883 9206 1.531299352645874
0 324 1 17472 26883 9206 1.445068120956421
0 324 1 25053 26883 9206 2.23266339302063
0 322 3 24273 26883 9206 1.3241181373596191
0 323 2 18478 26883 9206 1.3513069152832031
0 322 3 17734 26883 9206 1.3572096824645996
0 324 1 17253 26883 9206 1.3489172458648682
0 324 1 15907 26883 9206 1.432344675064087
0 321 4 16804 26883 9206 1.370830774307251
0 323 2 21691 26883 9206 1.3696753978729248
0 321 4 13233 24256 9206 1.449695348739624
0 322 3 18972 24256 9206 1.9884958267211914
0 319 6 14020 24256 9206 1.3413670063018799
0 324 1 22286 24256 9206 1.3587744235992432
0 322 3 15656 24256 9206 1.3106002807617188
0 321 4 15925 24256 9206 2.0745046138763428
0 324 1 19336 24256 9206 1.3604614734649658
0 323 2 20568 24256 9206 2.16759991645813
0 323 2 13556 24256 9206 1.6917154788970947
0 322 3 18367 24256 9206 1.3220453262329102
1 325 0 23443 23820 9206 1.9509632587432861
0 323 2 15311 23820 9206 1.4993677139282227
0 321 4 14785 23820 9206 1.324047327041626
0 323 2 12713 23820 9206 1.3832614421844482
0 323 2 19315 23820 9206 1.3513445854187012
0 322 3 11736 23820 9206 1.765502691268921
0 320 5 17464 23820 9206 2.3453919887542725
0 320 5 12242 23820 9206 1.3483705520629883
0 322 3 19531 23820 9206 1.3394441604614258
0 321 4 14410 23820 9206 1.396024227142334
0 322 3 17780 25574 9206 1.4047722816467285
0 322 3 15761 25574 9206 1.7693061828613281
0 322 3 17106 25574 9206 2.327014684677124
0 322 3 19599 25574 9206 1.640425443649292
0 321 4 17111 25574 9206 1.3227932453155518
0 323 2 19588 25574 9206 1.3542721271514893
0 324 1 17583 25574 9206 2.0313491821289062
0 322 3 18384 25574 9206 1.8521387577056885
0 322 3 16435 25574 9206 1.360724925994873
0 322 3 18386 25574 9206 1.3334770202636719
0 323 2 19373 24654 9206 1.675508737564087
1 325 0 23043 24654 9206 2.16338849067688
0 320 5 13054 24654 9206 1.3685827255249023
1 325 0 23248 24654 9206 1.3653216361999512
0 323 2 17854 24654 9206 2.007507562637329
0 324 1 21665 24654 9206 2.125077247619629
1 325 0 23973 24654 9206 1.364234209060669
0 324 1 22352 24654 9206 2.3918211460113525
0 323 2 20468 24654 9206 1.4687526226043701
0 323 2 19486 24654 9206 1.9090673923492432
0 324 1 14915 19979 9206 1.3453404903411865
0 324 1 14816 19979 9206 1.422137975692749
0 324 1 15537 19979 9206 1.3805274963378906
0 324 1 14144 19979 9206 2.342517614364624
0 324 1 14259 19979 9206 1.4900174140930176
0 324 1 13441 19979 9206 1.3254241943359375
0 324 1 16039 19979 9206 1.319648265838623
0 323 2 13684 19979 9206 1.9538094997406006
0 324 1 16288 19979 9206 1.8926150798797607
0 322 3 14706 19979 9206 1.3569960594177246
0 324 1 12008 21340 9206 1.6016557216644287
0 324 1 15324 21340 9206 1.6587412357330322
0 322 3 12184 21340 9206 1.335787296295166
0 323 2 16832 21340 9206 1.3221185207366943
0 324 1 16747 21340 9206 1.3610525131225586
0 323 2 15887 21340 9206 1.4458415508270264
0 322 3 11361 21340 9206 1.3963775634765625
0 323 2 11494 21340 9206 1.3793394565582275
0 323 2 16944 21340 9206 1.3581414222717285
0 323 2 12213 21340 9206 1.3727169036865234
0 323 2 17132 25075 9206 2.635741949081421
0 322 3 14057 25075 9206 1.5450599193572998
0 324 1 19460 25075 9206 1.3161060810089111
0 324 1 15263 25075 9206 1.3247323036193848
0 324 1 19686 25075 9206 1.3790919780731201
0 322 3 18912 25075 9206 1.346743106842041
0 324 1 17815 25075 9206 1.3458905220031738
0 324 1 18644 25075 9206 1.3481111526489258
0 323 2 15502 25075 9206 1.3518288135528564
0 324 1 21126 25075 9206 1.4086329936981201
0 322 3 12468 22213 9206 1.409893274307251
0 323 2 14478 22213 9206 2.49825119972229
0 323 2 15487 22213 9206 1.3273818492889404
0 323 2 14707 22213 9206 1.3207764625549316
0 322 3 12575 22213 9206 1.3634133338928223
1 325 0 21763 22213 9206 1.4766550064086914
0 322 3 14262 22213 9206 1.3955070972442627
0 323 2 16385 22213 9206 2.025235891342163
0 323 2 19860 22213 9206 1.3542263507843018
0 323 2 16722 22213 9206 1.564420223236084
0 324 1 19299 26054 9206 1.8940558433532715
0 324 1 22818 26054 9206 1.359407663345337
0 322 3 17901 26054 9206 1.3284170627593994
1 325 0 24256 26054 9206 1.3084814548492432
0 321 4 16857 26054 9206 1.3877716064453125
0 323 2 19453 26054 9206 1.3467175960540771
0 324 1 17593 26054 9206 1.9099295139312744
0 324 1 18186 26054 9206 1.3279452323913574
1 325 0 17476 26054 9206 1.330298662185669
1 325 0 21641 26054 9206 1.7074944972991943
0 324 1 10277 18635 9206 1.360290288925171
0 323 2 13100 18635 9206 1.3527112007141113
0 324 1 12299 18635 9206 1.3652935028076172
0 322 3 10579 18635 9206 2.555363893508911
1 325 0 18177 18635 9206 1.3365085124969482
0 321 4 10399 18635 9206 1.7970504760742188
0 323 2 12373 18635 9206 2.0264182090759277
0 324 1 8880 18635 9206 1.3447110652923584
0 323 2 13258 18635 9206 1.3719403743743896
0 321 4 11190 18635 9206 1.3634793758392334
0 323 2 13159 20922 9206 2.3223276138305664
0 323 2 16948 20922 9206 1.8213114738464355
0 324 1 15050 20922 9206 1.3205006122589111
0 323 2 15969 20922 9206 1.352611780166626
0 322 3 14899 20922 9206 1.6132140159606934
0 322 3 14291 20922 9206 2.2769811153411865
0 322 3 18172 20922 9206 1.3730731010437012
0 323 2 16337 20922 9206 1.3762145042419434
0 322 3 14868 20922 9206 1.3483128547668457
0 324 1 20096 20922 9206 1.9676461219787598
0 324 1 22003 27023 9206 1.398752212524414
0 324 1 20881 27023 9206 2.212834119796753
1 325 0 25931 27023 9206 1.6158688068389893
0 323 2 15644 27023 9206 1.318359613418579
0 322 3 16271 27023 9206 2.4395110607147217
0 321 4 21127 27023 9206 1.3344519138336182
0 323 2 13524 27023 9206 1.3648924827575684
0 322 3 21139 27023 9206 2.06133770942688
0 324 1 21592 27023 9206 1.3421406745910645
0 324 1 21748 27023 9206 1.3273866176605225
0 322 3 15791 23695 9206 1.351731300354004
0 323 2 14747 23695 9206 2.4895570278167725
0 322 3 12892 23695 9206 1.3363707065582275
0 323 2 16159 23695 9206 1.4817676544189453
0 324 1 16698 23695 9206 2.212414503097534
0 320 5 12880 23695 9206 1.6076829433441162
0 323 2 17019 23695 9206 1.3196451663970947
0 323 2 17847 23695 9206 2.190831184387207
0 321 4 9904 23695 9206 1.4828650951385498
0 321 4 15270 23695 9206 1.3129570484161377
0 324 1 14521 18100 9206 1.418872356414795
0 323 2 11651 18100 9206 1.3544120788574219
0 324 1 11580 18100 9206 1.3502390384674072
0 324 1 14334 18100 9206 1.3356578350067139
1 325 0 14421 18100 9206 1.316673755645752
0 323 2 13750 18100 9206 1.3071825504302979
0 324 1 15024 18100 9206 1.3357195854187012
0 323 2 13182 18100 9206 1.3481717109680176
0 323 2 16367 18100 9206 2.2189061641693115
0 322 3 10334 18100 9206 1.4063336849212646
0 322 3 12535 18370 9206 1.3836002349853516
1 325 0 17356 18370 9206 1.3119184970855713
0 324 1 12123 18370 9206 2.6517674922943115
0 323 2 14769 18370 9206 1.4048335552215576
1 325 0 16871 18370 9206 1.422936201095581
1 325 0 16908 18370 9206 1.9822676181793213
0 324 1 15234 18370 9206 1.9720377922058105
0 323 2 13389 18370 9206 1.3549392223358154
1 325 0 16836 18370 9206 1.4938867092132568
0 324 1 16287 18370 9206 1.7614402770996094
0 324 1 14641 18796 9206 1.3338840007781982
1 325 0 17830 18796 9206 1.3627498149871826
0 324 1 12743 18796 9206 2.028627395629883
0 322 3 15279 18796 9206 1.853487491607666
1 325 0 18092 18796 9206 1.384873628616333
0 321 4 11193 18796 9206 2.400358200073242
0 323 2 10617 18796 9206 1.3241758346557617
1 325 0 18027 18796 9206 1.4534237384796143
0 324 1 14859 18796 9206 1.9900753498077393
0 322 3 14467 18796 9206 1.3569650650024414
0 322 3 19982 25980 9206 1.514024257659912
0 323 2 11799 25980 9206 2.607233762741089
0 324 1 18945 25980 9206 1.9015090465545654
0 322 3 19221 25980 9206 1.3235657215118408
0 323 2 17079 25980 9206 1.3425447940826416
0 321 4 16020 25980 9206 2.2518885135650635
0 323 2 18661 25980 9206 1.722644329071045
0 324 1 16285 25980 9206 1.3285183906555176
0 323 2 19461 25980 9206 1.7368521690368652
0 323 2 18212 25980 9206 1.5939021110534668
0 324 1 15166 21436 9206 1.3685214519500732
0 323 2 14064 21436 9206 1.3540313243865967
0 324 1 14951 21436 9206 1.3365375995635986
0 323 2 14464 21436 9206 1.3328652381896973
0 323 2 15249 21436 9206 1.3442771434783936
0 323 2 13364 21436 9206 2.089054584503174
0 321 4 11474 21436 9206 1.9585485458374023
0 322 3 13188 21436 9206 1.319751501083374
0 324 1 12120 21436 9206 1.43009614944458
0 324 1 11113 21436 9206 1.3845243453979492
0 324 1 23544 26749 9206 1.6021513938903809
0 322 3 16822 26749 9206 2.083564519882202
0 324 1 21575 26749 9206 1.3839349746704102
0 324 1 20795 26749 9206 1.533099889755249
0 323 2 22281 26749 9206 2.1131768226623535
1 325 0 23655 26749 9206 1.3259565830230713
1 325 0 25373 26749 9206 1.380079984664917
1 325 0 24054 26749 9206 1.332263708114624
0 324 1 23664 26749 9206 1.3263380527496338
1 325 0 26368 26749 9206 1.3697097301483154
0 322 3 17341 25743 9206 1.3898334503173828
0 323 2 18911 25743 9206 1.3229396343231201
0 322 3 18576 25743 9206 1.342686414718628
1 325 0 25145 25743 9206 1.359457015991211
0 322 3 21773 25743 9206 1.7512598037719727
0 322 3 20906 25743 9206 1.9069311618804932
0 323 2 14583 25743 9206 1.3332295417785645
0 323 2 19001 25743 9206 1.3600313663482666
0 323 2 22466 25743 9206 1.4551715850830078
0 323 2 20179 25743 9206 2.2604856491088867
0 323 2 18871 21714 9206 1.617030382156372
0 324 1 15694 21714 9206 1.3225903511047363
1 325 0 21456 21714 9206 1.3288466930389404
0 322 3 13713 21714 9206 1.4248714447021484
0 322 3 14820 21714 9206 1.3708446025848389
0 322 3 16209 21714 9206 1.3740768432617188
0 324 1 19472 21714 9206 2.047645330429077
0 322 3 15646 21714 9206 1.523850917816162
0 322 3 15099 21714 9206 1.3280315399169922
0 323 2 14714 21714 9206 1.3497314453125
0 320 5 14693 23053 9206 1.3558149337768555
0 323 2 13201 23053 9206 1.981764316558838
0 324 1 21485 23053 9206 1.346161127090454
0 322 3 11978 23053 9206 1.3673124313354492
0 323 2 13544 23053 9206 1.3282299041748047
0 322 3 11355 23053 9206 2.544677495956421
0 322 3 16690 23053 9206 1.35333251953125
0 323 2 14543 23053 9206 1.3724515438079834
0 323 2 12819 23053 9206 1.4355823993682861
0 320 5 14148 23053 9206 1.5787549018859863
0 322 3 13814 23544 9206 2.236438035964966
0 322 3 16540 23544 9206 1.6427323818206787
0 322 3 17888 23544 9206 1.3612127304077148
1 325 0 21546 23544 9206 1.3658866882324219
0 322 3 17748 23544 9206 1.326131820678711
0 323 2 14919 23544 9206 1.3947527408599854
0 320 5 18989 23544 9206 1.8593239784240723
0 323 2 16594 23544 9206 1.5664763450622559
0 324 1 18027 23544 9206 1.3441474437713623
0 323 2 20497 23544 9206 1.3104276657104492
0 322 3 12047 21536 9206 2.273190498352051
0 321 4 12057 21536 9206 1.6729068756103516
0 320 5 10784 21536 9206 1.3472986221313477
0 324 1 10453 21536 9206 1.385185718536377
0 320 5 9998 21536 9206 1.3294122219085693
0 323 2 8736 21536 9206 1.3441083431243896
0 321 4 14188 21536 9206 2.0628788471221924
0 322 3 17206 21536 9206 1.679595947265625
0 322 3 12869 21536 9206 1.9300100803375244
0 321 4 9367 21536 9206 1.3692855834960938
0 324 1 16699 22393 9206 1.334423303604126
0 323 2 18792 22393 9206 1.3639187812805176
0 323 2 19094 22393 9206 1.3183910846710205
0 324 1 16703 22393 9206 1.6509604454040527
0 323 2 14945 22393 9206 1.5229833126068115
0 322 3 14026 22393 9206 1.5241413116455078
0 324 1 17144 22393 9206 2.3009026050567627
0 323 2 16235 22393 9206 1.3327577114105225
0 323 2 15864 22393 9206 1.3784751892089844
0 322 3 13774 22393 9206 1.5470521450042725
0 324 1 20583 23566 9206 2.5167365074157715
0 323 2 11841 23566 9206 1.361809253692627
0 323 2 14462 23566 9206 1.296299934387207
0 322 3 17655 23566 9206 1.368293285369873
0 324 1 14112 23566 9206 2.584911584854126
0 322 3 13293 23566 9206 1.3142173290252686
1 325 0 22958 23566 9206 1.3585102558135986
0 324 1 17740 23566 9206 2.2590792179107666
0 321 4 15950 23566 9206 1.3603954315185547
0 323 2 10182 23566 9206 2.1531999111175537
0 322 3 11818 26957 9206 1.5945968627929688
0 321 4 10571 26957 9206 1.324713945388794
0 320 5 13526 26957 9206 1.351320505142212
0 321 4 12478 26957 9206 1.3348233699798584
0 321 4 19661 26957 9206 1.3300671577453613
0 319 6 13931 26957 9206 1.5452678203582764
0 323 2 15152 26957 9206 2.0323190689086914
0 323 2 19884 26957 9206 1.3581464290618896
0 319 6 15736 26957 9206 1.5099239349365234
0 323 2 23209 26957 9206 1.340482234954834
0 324 1 16323 21480 9206 1.442918062210083
0 324 1 16450 21480 9206 1.3569247722625732
0 324 1 17613 21480 9206 1.316009759902954
1 325 0 19832 21480 9206 1.3330330848693848
0 324 1 15438 21480 9206 1.312046766281128
1 325 0 21156 21480 9206 1.7149169445037842
0 322 3 15632 21480 9206 2.0707695484161377
0 324 1 16316 21480 9206 1.4153339862823486
0 323 2 16417 21480 9206 1.3192236423492432
1 325 0 21063 21480 9206 1.336305856704712
0 323 2 20413 27949 9206 2.130983829498291
0 322 3 20348 27949 9206 1.3540043830871582
0 321 4 19289 27949 9206 1.3663609027862549
0 323 2 21128 27949 9206 1.3324377536773682
0 323 2 16825 27949 9206 2.4965572357177734
0 322 3 20455 27949 9206 1.5999541282653809
0 322 3 18425 27949 9206 1.4251735210418701
0 323 2 12336 27949 9206 1.4120779037475586
0 320 5 14498 27949 9206 1.3605461120605469
0 323 2 19558 27949 9206 1.3163371086120605
0 323 2 19780 26644 9206 1.3846194744110107
1 325 0 24673 26644 9206 2.498448371887207
0 324 1 22292 26644 9206 1.3551850318908691
0 324 1 19636 26644 9206 1.314009428024292
0 324 1 21533 26644 9206 1.3158025741577148
1 325 0 24976 26644 9206 1.3552637100219727
0 324 1 18249 26644 9206 1.3195724487304688
1 325 0 25986 26644 9206 1.3526184558868408
1 325 0 24197 26644 9206 1.5576155185699463
0 324 1 21546 26644 9206 2.014329433441162
1 325 0 19052 22468 9206 1.3367805480957031
0 323 2 17628 22468 9206 1.6662349700927734
0 323 2 19638 22468 9206 1.8129518032073975
0 324 1 17925 22468 9206 1.3267900943756104
0 322 3 18157 22468 9206 1.468820571899414
0 323 2 18034 22468 9206 1.8993775844573975
0 321 4 18172 22468 9206 2.4733359813690186
0 323 2 18518 22468 9206 1.316498041152954
0 324 1 20187 22468 9206 1.3540666103363037
0 324 1 18369 22468 9206 1.4072818756103516
0 324 1 12323 19881 9206 1.378542423248291
0 324 1 18316 19881 9206 1.9107739925384521
1 325 0 19233 19881 9206 1.4876623153686523
1 325 0 19270 19881 9206 1.3471202850341797
0 323 2 13488 19881 9206 1.3191604614257812
0 322 3 10809 19881 9206 1.4136734008789062
1 325 0 18861 19881 9206 1.3548004627227783
0 323 2 14636 19881 9206 1.9509015083312988
0 324 1 12761 19881 9206 1.680807113647461
0 322 3 10531 19881 9206 1.343562126159668
0 323 2 11210 23468 9206 2.4000613689422607
0 324 1 15344 23468 9206 1.4629509449005127
1 325 0 23007 23468 9206 1.376990556716919
0 323 2 12697 23468 9206 2.0152580738067627
0 323 2 14639 23468 9206 1.3240079879760742
0 323 2 10007 23468 9206 1.357499599456787
0 324 1 13616 23468 9206 1.3669135570526123
0 323 2 10945 23468 9206 1.3155791759490967
0 323 2 12272 23468 9206 1.8815453052520752
0 321 4 12320 23468 9206 1.914902687072754
0 323 2 13139 18847 9206 1.4021790027618408
0 324 1 11454 18847 9206 1.374272346496582
0 324 1 10447 18847 9206 1.3160490989685059
0 323 2 14595 18847 9206 1.3462133407592773
0 323 2 15602 18847 9206 2.350734233856201
0 324 1 15152 18847 9206 1.4664695262908936
0 322 3 10450 18847 9206 1.3445172309875488
0 323 2 12462 18847 9206 1.3216462135314941
0 324 1 15495 18847 9206 2.689185619354248
0 324 1 13472 18847 9206 1.5386624336242676
0 323 2 19192 25239 9206 1.6556453704833984
0 323 2 15495 25239 9206 1.347646713256836
0 322 3 19190 25239 9206 1.3427917957305908
0 322 3 15492 25239 9206 1.3384714126586914
0 323 2 14479 25239 9206 1.3307030200958252
0 324 1 23221 25239 9206 2.508584976196289
0 323 2 21209 25239 9206 1.3949532508850098
0 322 3 17513 25239 9206 1.3750479221343994
0 322 3 17852 25239 9206 1.3377788066864014
0 322 3 16504 25239 9206 1.336390495300293
0 323 2 22794 26636 9206 1.3742074966430664
0 323 2 16356 26636 9206 1.3313422203063965
0 323 2 20274 26636 9206 2.278613805770874
0 324 1 21336 26636 9206 1.7620198726654053
0 322 3 20001 26636 9206 1.3462016582489014
0 324 1 13431 26636 9206 2.539428949356079
0 322 3 15674 26636 9206 1.384878396987915
0 322 3 18047 26636 9206 1.6179938316345215
0 322 3 16030 26636 9206 1.3719534873962402
0 321 4 15812 26636 9206 1.9915552139282227
0 324 1 17612 21982 9206 1.435847520828247
1 325 0 21165 21982 9206 2.1434199810028076
0 324 1 18244 21982 9206 1.3780133724212646
0 320 5 11665 21982 9206 1.3515424728393555
0 323 2 12177 21982 9206 1.3465254306793213
0 324 1 15122 21982 9206 2.369971990585327
0 324 1 18828 21982 9206 1.5133519172668457
1 325 0 18486 21982 9206 1.3950049877166748
1 325 0 20500 21982 9206 2.133439064025879
0 324 1 16213 21982 9206 1.3198344707489014
1 325 0 20244 21274 9206 1.386549472808838
0 324 1 16707 21274 9206 1.3117589950561523
1 325 0 19272 21274 9206 2.0011119842529297
0 322 3 15719 21274 9206 1.5112504959106445
0 323 2 18924 21274 9206 1.3540551662445068
0 324 1 19340 21274 9206 2.3885293006896973
0 324 1 14770 21274 9206 1.371781349182129
0 324 1 18379 21274 9206 1.3127357959747314
0 323 2 14524 21274 9206 1.3588309288024902
1 325 0 19623 21274 9206 1.3953032493591309
0 321 4 15256 25036 9206 2.8341615200042725
0 321 4 13802 25036 9206 1.3798511028289795
0 324 1 17301 25036 9206 1.3699555397033691
0 323 2 17958 25036 9206 1.394641637802124
0 323 2 18200 25036 9206 1.3575520515441895
0 323 2 15266 25036 9206 1.3823554515838623
0 323 2 16526 25036 9206 1.4299931526184082
0 323 2 14923 25036 9206 1.3197753429412842
0 322 3 18653 25036 9206 1.3290619850158691
0 324 1 17964 25036 9206 1.358595848083496
0 323 2 18027 29209 9206 1.3897228240966797
0 323 2 20752 29209 9206 2.2205264568328857
0 322 3 21016 29209 9206 1.349564790725708
0 323 2 19743 29209 9206 1.300438642501831
0 323 2 16830 29209 9206 1.3464105129241943
0 324 1 17773 29209 9206 1.729459285736084
0 322 3 20690 29209 9206 1.7681925296783447
0 322 3 20770 29209 9206 1.334040641784668
0 323 2 18342 29209 9206 1.4139432907104492
0 324 1 18631 29209 9206 1.8413832187652588
0 324 1 24505 29616 9206 1.4423692226409912
0 322 3 15998 29616 9206 2.352794647216797
0 321 4 18183 29616 9206 1.3204448223114014
0 322 3 9537 29616 9206 1.3364174365997314
0 322 3 12901 29616 9206 2.1537039279937744
0 323 2 17341 29616 9206 1.3587746620178223
0 324 1 14986 29616 9206 1.3653881549835205
0 323 2 18518 29616 9206 1.4647636413574219
0 322 3 12637 29616 9206 1.7918851375579834
0 323 2 16670 29616 9206 1.3508474826812744
0 323 2 17198 23116 9206 1.3842594623565674
0 322 3 13783 23116 9206 2.3058035373687744
1 325 0 20857 23116 9206 1.3536581993103027
1 325 0 21936 23116 9206 1.6751725673675537
0 324 1 18665 23116 9206 1.639681100845337
0 323 2 15031 23116 9206 1.3336987495422363
0 322 3 14015 23116 9206 1.6200590133666992
1 325 0 21102 23116 9206 1.7000808715820312
1 325 0 22052 23116 9206 1.3794934749603271
0 323 2 14060 23116 9206 1.425276756286621
0 322 3 16301 21962 9206 1.580765724182129
0 322 3 11823 21962 9206 1.361586332321167
0 321 4 18036 21962 9206 1.3114380836486816
0 322 3 11366 21962 9206 1.3735437393188477
1 325 0 20645 21962 9206 2.0923051834106445
0 322 3 17806 21962 9206 1.3552792072296143
1 325 0 20577 21962 9206 1.3542766571044922
0 322 3 14605 21962 9206 1.9915623664855957
0 323 2 15599 21962 9206 1.4354665279388428
0 321 4 16622 21962 9206 1.5316717624664307
0 323 2 15350 22554 9206 1.9045493602752686
0 323 2 18114 22554 9206 1.7221033573150635
0 324 1 19795 22554 9206 2.088463068008423
1 325 0 21801 22554 9206 1.327676773071289
0 323 2 15229 22554 9206 1.314239263534546
0 324 1 17181 22554 9206 2.078935146331787
0 323 2 18643 22554 9206 1.3471198081970215
1 325 0 19446 22554 9206 1.3456506729125977
0 324 1 15161 22554 9206 1.3377876281738281
0 322 3 15738 22554 9206 2.000405788421631
