1 325 0 26399 26573 92099 14.133909940719604
0 324 1 19591 26573 92099 15.58014726638794
0 324 1 16776 26573 92099 14.58200478553772
0 324 1 16819 26573 92099 15.793060302734375
1 325 0 26305 26573 92099 14.738406896591187
0 324 1 17858 26573 92099 15.667215585708618
0 323 2 15687 26573 92099 15.016848802566528
0 324 1 19540 26573 92099 15.676975727081299
0 324 1 16502 26573 92099 15.830411434173584
1 325 0 25850 26573 92099 15.301019191741943
1 325 0 17676 18638 92099 14.678992748260498
1 325 0 18014 18638 92099 14.592650413513184
1 325 0 18436 18638 92099 15.609840154647827
1 325 0 17605 18638 92099 15.436021089553833
1 325 0 18001 18638 92099 16.385611057281494
1 325 0 16932 18638 92099 15.689003705978394
0 324 1 13972 18638 92099 14.761082887649536
1 325 0 18140 18638 92099 16.937129259109497
1 325 0 18242 18638 92099 16.185996770858765
1 325 0 17605 18638 92099 16.595215320587158
0 324 1 19975 24430 92099 15.95430874824524
0 324 1 15052 24430 92099 16.55913734436035
0 324 1 20135 24430 92099 16.17709445953369
1 325 0 21430 24430 92099 16.174755573272705
1 325 0 24430 24430 92099 16.378538131713867
0 324 1 22047 24430 92099 15.861238956451416
1 325 0 21430 24430 92099 16.547256469726562
0 324 1 15726 24430 92099 16.002646446228027
0 324 1 20213 24430 92099 17.6692636013031
0 323 2 20733 24430 92099 14.805588483810425
0 324 1 17056 26137 92099 17.55787754058838
0 324 1 14708 26137 92099 14.906723976135254
0 324 1 20082 26137 92099 17.44776725769043
0 323 2 17059 26137 92099 16.125422477722168
1 325 0 26137 26137 92099 15.285572052001953
0 324 1 13366 26137 92099 16.458712577819824
0 324 1 16056 26137 92099 16.414469718933105
0 324 1 16048 26137 92099 17.355382680892944
0 324 1 16384 26137 92099 15.146848917007446
0 324 1 18738 26137 92099 16.133615016937256
1 325 0 24108 24689 92099 16.815547227859497
0 324 1 15868 24689 92099 16.214589834213257
0 323 2 15588 24689 92099 16.35747456550598
1 325 0 22400 24689 92099 15.298104047775269
1 325 0 22400 24689 92099 17.35036277770996
0 324 1 21432 24689 92099 16.372461795806885
1 325 0 24530 24689 92099 15.161368370056152
1 325 0 24447 24689 92099 16.510092973709106
1 325 0 23949 24689 92099 15.53476595878601
1 325 0 23613 24689 92099 16.451195001602173
1 325 0 23901 24016 92099 16.522731065750122
0 324 1 18278 24016 92099 16.87586736679077
0 324 1 14994 24016 92099 18.12650227546692
0 324 1 14646 24016 92099 16.267940759658813
1 325 0 23511 24016 92099 16.00552535057068
0 323 2 15277 24016 92099 14.84867811203003
1 325 0 23511 24016 92099 16.188347578048706
1 325 0 23511 24016 92099 16.39431881904602
0 324 1 19726 24016 92099 14.988201141357422
1 325 0 23901 24016 92099 16.681020736694336
0 324 1 15819 26123 92099 15.773747205734253
0 323 2 17968 26123 92099 15.345459222793579
1 325 0 26123 26123 92099 15.95043396949768
0 324 1 22181 26123 92099 16.082311868667603
0 324 1 18557 26123 92099 14.81394624710083
0 324 1 21854 26123 92099 16.55567455291748
0 323 2 19505 26123 92099 15.140081882476807
0 324 1 22771 26123 92099 16.91128659248352
0 324 1 12858 26123 92099 14.805795192718506
0 324 1 21751 26123 92099 15.911211729049683
0 324 1 17861 25071 92099 14.930062770843506
0 323 2 13390 25071 92099 14.94779896736145
0 324 1 19019 25071 92099 17.44685173034668
0 322 3 14483 25071 92099 14.963259220123291
1 325 0 25071 25071 92099 16.45238161087036
1 325 0 25071 25071 92099 14.854881286621094
1 325 0 24650 25071 92099 16.322765827178955
0 324 1 20955 25071 92099 16.21748399734497
1 325 0 25071 25071 92099 15.20281195640564
0 324 1 22788 25071 92099 15.203801155090332
1 325 0 20475 21278 92099 16.158183097839355
1 325 0 19883 21278 92099 15.723428010940552
1 325 0 20477 21278 92099 16.188400983810425
1 325 0 21205 21278 92099 16.76318383216858
1 325 0 20650 21278 92099 15.186678647994995
0 324 1 12210 21278 92099 17.607832431793213
0 324 1 12251 21278 92099 14.935341358184814
1 325 0 20769 21278 92099 16.828718900680542
1 325 0 19672 21278 92099 15.294331312179565
0 324 1 16862 21278 92099 15.067489624023438
1 325 0 21441 22180 92099 16.502817630767822
1 325 0 21954 22180 92099 15.025086402893066
1 325 0 22150 22180 92099 17.545843601226807
1 325 0 20411 22180 92099 14.921162366867065
1 325 0 20552 22180 92099 15.276243686676025
0 324 1 10498 22180 92099 14.648395299911499
1 325 0 21924 22180 92099 17.483793020248413
1 325 0 22116 22180 92099 16.212483882904053
1 325 0 20633 22180 92099 20.356258869171143
1 325 0 20552 22180 92099 17.465176582336426
0 324 1 14711 25800 92099 18.73696780204773
1 325 0 25800 25800 92099 17.50058102607727
1 325 0 25800 25800 92099 14.831405639648438
0 324 1 14709 25800 92099 16.03822684288025
0 324 1 15720 25800 92099 14.927128791809082
0 324 1 15045 25800 92099 14.721316814422607
0 324 1 16051 25800 92099 16.017842531204224
0 324 1 15382 25800 92099 15.011760234832764
0 323 2 14037 25800 92099 16.786869764328003
0 324 1 15045 25800 92099 15.20640230178833
1 325 0 19220 20466 92099 16.539536952972412
1 325 0 20466 20466 92099 14.867058038711548
1 325 0 20152 20466 92099 14.970337629318237
1 325 0 20367 20466 92099 14.757246255874634
1 325 0 20152 20466 92099 16.69584584236145
1 325 0 20466 20466 92099 14.963536500930786
1 325 0 17903 20466 92099 16.479393005371094
1 325 0 17633 20466 92099 15.057064533233643
1 325 0 18756 20466 92099 16.09413480758667
1 325 0 20466 20466 92099 15.146759986877441
1 325 0 31523 31523 92099 14.689222574234009
0 323 2 28271 31523 92099 16.155900955200195
1 325 0 31523 31523 92099 14.712362051010132
0 324 1 26423 31523 92099 16.653613328933716
0 324 1 20930 31523 92099 15.008014917373657
0 324 1 27488 31523 92099 14.931331157684326
1 325 0 31523 31523 92099 16.506523370742798
1 325 0 31523 31523 92099 14.844933271408081
1 325 0 31523 31523 92099 15.112626314163208
0 324 1 22050 31523 92099 15.400400400161743
1 325 0 28198 28700 92099 14.927266836166382
1 325 0 28700 28700 92099 16.903655767440796
1 325 0 28123 28700 92099 15.086475133895874
1 325 0 28664 28700 92099 15.948111295700073
1 325 0 28123 28700 92099 15.012966871261597
1 325 0 28358 28700 92099 15.308045625686646
1 325 0 28123 28700 92099 14.724826335906982
1 325 0 28198 28700 92099 15.248061656951904
1 325 0 28625 28700 92099 16.481178998947144
1 325 0 28123 28700 92099 15.005011558532715
1 325 0 24301 24729 92099 15.934274911880493
1 325 0 21985 24729 92099 14.854896783828735
0 324 1 18396 24729 92099 15.643335580825806
1 325 0 23702 24729 92099 14.850834608078003
1 325 0 23434 24729 92099 15.202610731124878
1 325 0 24729 24729 92099 15.618869543075562
0 324 1 18341 24729 92099 16.004647970199585
1 325 0 23912 24729 92099 14.663937091827393
0 324 1 16532 24729 92099 15.084824562072754
1 325 0 23854 24729 92099 15.748916387557983
0 324 1 17476 22975 92099 14.583649396896362
0 324 1 19005 22975 92099 16.59593367576599
0 324 1 15844 22975 92099 15.385403156280518
0 324 1 17930 22975 92099 15.332449436187744
0 324 1 18420 22975 92099 14.09280276298523
0 324 1 16364 22975 92099 16.222514629364014
1 325 0 21930 22975 92099 15.23376202583313
0 324 1 17679 22975 92099 14.339562177658081
0 323 2 13743 22975 92099 17.223016262054443
0 324 1 19579 22975 92099 14.178786277770996
1 325 0 20396 20396 92099 15.525090456008911
0 323 2 11555 20396 92099 15.218281507492065
1 325 0 19901 20396 92099 14.432283878326416
0 324 1 17057 20396 92099 15.4822838306427
0 324 1 15926 20396 92099 15.804240226745605
0 324 1 10671 20396 92099 14.339674234390259
0 322 3 12472 20396 92099 15.398990392684937
1 325 0 20396 20396 92099 15.58611011505127
1 325 0 19901 20396 92099 14.242573261260986
0 324 1 18602 20396 92099 16.428791284561157
1 325 0 27960 28737 92099 14.177464962005615
1 325 0 28290 28737 92099 15.585169315338135
1 325 0 27635 28737 92099 14.356290578842163
1 325 0 27498 28737 92099 15.756123304367065
1 325 0 27933 28737 92099 14.229021310806274
1 325 0 27231 28737 92099 15.725311040878296
1 325 0 27894 28737 92099 15.626936435699463
1 325 0 27557 28737 92099 14.2824547290802
1 325 0 27644 28737 92099 16.620798587799072
1 325 0 25896 28737 92099 14.197124242782593
0 324 1 13985 19184 92099 15.803907871246338
0 324 1 15621 19184 92099 14.349192380905151
0 324 1 15585 19184 92099 15.274473905563354
0 324 1 12919 19184 92099 16.367877960205078
0 324 1 14441 19184 92099 14.28983736038208
0 324 1 12924 19184 92099 15.900557279586792
1 325 0 14245 19184 92099 14.221402406692505
0 324 1 8677 19184 92099 15.092895269393921
0 324 1 14911 19184 92099 16.300272941589355
0 324 1 9837 19184 92099 14.555740356445312
1 325 0 19503 20380 92099 16.302935123443604
0 324 1 19516 20380 92099 14.099932193756104
0 323 2 15303 20380 92099 16.2634699344635
0 324 1 17855 20380 92099 15.403133630752563
0 323 2 12222 20380 92099 14.776959419250488
1 325 0 19754 20380 92099 15.209794282913208
0 324 1 15793 20380 92099 16.35832905769348
1 325 0 20380 20380 92099 14.213977575302124
1 325 0 19971 20380 92099 15.434891939163208
1 325 0 19853 20380 92099 15.146167278289795
0 324 1 22063 25348 92099 15.652984380722046
0 324 1 17904 25348 92099 14.406650066375732
0 324 1 14033 25348 92099 15.708494186401367
0 324 1 16253 25348 92099 15.708118915557861
0 324 1 17513 25348 92099 15.261945486068726
0 324 1 22158 25348 92099 15.626351594924927
0 324 1 17287 25348 92099 15.476770162582397
0 323 2 16914 25348 92099 14.3443124294281
0 324 1 22668 25348 92099 14.300426483154297
0 324 1 19407 25348 92099 16.575734853744507
0 324 1 6928 16731 92099 14.376330375671387
0 324 1 10885 16731 92099 16.341794729232788
0 324 1 11890 16731 92099 15.608787536621094
1 325 0 16670 16731 92099 14.288634538650513
0 324 1 11040 16731 92099 15.346057653427124
0 324 1 11134 16731 92099 15.618613004684448
1 325 0 16475 16731 92099 14.196853637695312
1 325 0 15526 16731 92099 14.442768812179565
1 325 0 15566 16731 92099 16.63081455230713
0 324 1 11409 16731 92099 15.5785493850708
0 324 1 24908 26931 92099 16.06946587562561
1 325 0 26931 26931 92099 16.749361038208008
1 325 0 26807 26931 92099 15.468803882598877
1 325 0 26174 26931 92099 16.012660264968872
1 325 0 26153 26931 92099 16.34438133239746
1 325 0 26465 26931 92099 16.63681125640869
0 322 3 14102 26931 92099 15.37968897819519
1 325 0 26890 26931 92099 15.42600393295288
1 325 0 26233 26931 92099 15.15038251876831
1 325 0 26869 26931 92099 15.545088768005371
0 323 2 17436 22741 92099 16.34519100189209
0 323 2 17573 22741 92099 14.10228705406189
0 324 1 14139 22741 92099 15.084069728851318
0 324 1 10914 22741 92099 15.150197505950928
0 324 1 11731 22741 92099 13.956696033477783
0 323 2 19648 22741 92099 16.196014165878296
0 324 1 17030 22741 92099 14.420925617218018
0 324 1 12264 22741 92099 15.36476731300354
0 324 1 13874 22741 92099 14.348119735717773
0 324 1 13738 22741 92099 15.267242670059204
0 324 1 16853 26208 92099 16.760488033294678
0 323 2 20851 26208 92099 14.46642255783081
0 324 1 13641 26208 92099 14.441744327545166
0 323 2 14357 26208 92099 14.136759042739868
0 324 1 17413 26208 92099 16.766844749450684
0 324 1 20769 26208 92099 14.523331642150879
1 325 0 26110 26208 92099 15.326502799987793
0 324 1 21682 26208 92099 14.535975933074951
0 324 1 13543 26208 92099 14.32252025604248
0 324 1 16867 26208 92099 17.228413343429565
0 324 1 19054 25279 92099 14.537404537200928
0 324 1 16744 25279 92099 16.526952266693115
0 324 1 17079 25279 92099 15.91599440574646
0 324 1 16232 25279 92099 16.395052194595337
0 323 2 16534 25279 92099 15.339709758758545
0 324 1 18984 25279 92099 14.328438997268677
0 323 2 11547 25279 92099 16.281153202056885
0 324 1 16087 25279 92099 15.141381978988647
1 325 0 25045 25279 92099 14.022183418273926
1 325 0 25279 25279 92099 16.403438568115234
1 325 0 19337 20455 92099 15.071953296661377
1 325 0 19908 20455 92099 15.79645586013794
1 325 0 18612 20455 92099 13.840836763381958
1 325 0 19748 20455 92099 15.176300048828125
1 325 0 18686 20455 92099 15.512434720993042
1 325 0 19849 20455 92099 14.495856523513794
1 325 0 19060 20455 92099 15.480979919433594
1 325 0 19871 20455 92099 14.966553926467896
1 325 0 19838 20455 92099 15.679925918579102
1 325 0 19859 20455 92099 15.173646688461304
0 324 1 15406 20186 92099 15.987096548080444
1 325 0 20186 20186 92099 15.127277135848999
0 324 1 11629 20186 92099 14.755403757095337
0 324 1 13230 20186 92099 15.096392154693604
0 324 1 16144 20186 92099 15.161008834838867
0 324 1 14398 20186 92099 15.774698972702026
0 324 1 15567 20186 92099 14.056687831878662
1 325 0 15112 20186 92099 15.193379402160645
1 325 0 15112 20186 92099 15.580140352249146
0 324 1 12047 20186 92099 14.141495704650879
1 325 0 27711 27711 92099 15.707451105117798
1 325 0 27432 27711 92099 15.693962812423706
1 325 0 27493 27711 92099 16.07486629486084
1 325 0 20366 27711 92099 13.99605417251587
0 324 1 17317 27711 92099 15.590066909790039
0 324 1 19400 27711 92099 15.983635425567627
1 325 0 27493 27711 92099 15.083566427230835
1 325 0 20366 27711 92099 16.131899118423462
1 325 0 27432 27711 92099 15.141257286071777
0 324 1 19108 27711 92099 15.745789289474487
0 323 2 13925 27933 92099 15.018857479095459
0 323 2 20200 27933 92099 15.210370063781738
1 325 0 27933 27933 92099 14.408374786376953
0 323 2 17518 27933 92099 15.272858142852783
0 324 1 23229 27933 92099 15.48033595085144
1 325 0 27933 27933 92099 15.02173113822937
0 323 2 16173 27933 92099 14.135254144668579
0 323 2 18518 27933 92099 16.786437034606934
0 323 2 23562 27933 92099 15.270506858825684
1 325 0 27933 27933 92099 15.685964107513428
0 324 1 18966 27370 92099 14.123493671417236
0 324 1 14448 27370 92099 15.188390731811523
0 324 1 18553 27370 92099 14.89535140991211
0 323 2 13509 27370 92099 15.174092054367065
0 324 1 20011 27370 92099 15.415741682052612
0 324 1 18634 27370 92099 15.164227485656738
0 324 1 17513 27370 92099 15.7142653465271
0 323 2 18186 27370 92099 13.949460506439209
0 324 1 14149 27370 92099 15.249831438064575
1 325 0 27370 27370 92099 14.911453008651733
0 324 1 23169 25801 92099 15.323589324951172
1 325 0 25801 25801 92099 14.200792789459229
1 325 0 25464 25801 92099 15.881210088729858
1 325 0 25801 25801 92099 15.111177682876587
0 323 2 15103 25801 92099 14.901949405670166
0 322 3 17287 25801 92099 14.88164496421814
1 325 0 25801 25801 92099 15.75719666481018
0 321 4 12412 25801 92099 15.000487327575684
0 322 3 16103 25801 92099 16.879470109939575
0 322 3 13587 25801 92099 13.868558168411255
0 324 1 19936 25506 92099 15.292560815811157
0 324 1 17585 25506 92099 14.938786506652832
0 324 1 23702 25506 92099 15.296315670013428
1 325 0 25340 25506 92099 15.33216404914856
0 324 1 15904 25506 92099 16.17463254928589
1 325 0 25506 25506 92099 15.373159170150757
0 324 1 15904 25506 92099 16.632256507873535
0 324 1 18155 25506 92099 14.54383897781372
1 325 0 25506 25506 92099 16.828359127044678
0 324 1 17581 25506 92099 14.848445177078247
0 324 1 21990 24453 92099 16.951421976089478
0 323 2 10109 24453 92099 14.827929019927979
0 324 1 13246 24453 92099 16.041651964187622
1 325 0 24004 24453 92099 15.765622615814209
0 323 2 13246 24453 92099 16.005626916885376
0 323 2 16615 24453 92099 15.911405563354492
0 323 2 9211 24453 92099 15.007132768630981
0 323 2 10558 24453 92099 16.58063316345215
0 324 1 13920 24453 92099 15.919453144073486
1 325 0 24453 24453 92099 17.14201045036316
0 323 2 12647 24296 92099 14.817560911178589
0 324 1 13317 24296 92099 17.05024552345276
0 323 2 13046 24296 92099 14.927391290664673
0 324 1 15693 24296 92099 16.927209854125977
0 324 1 14665 24296 92099 15.181619882583618
0 324 1 12646 24296 92099 17.651337385177612
0 324 1 14667 24296 92099 15.836527585983276
0 324 1 15067 24296 92099 16.022730827331543
1 325 0 24296 24296 92099 14.986611127853394
0 323 2 12374 24296 92099 16.523385286331177
1 325 0 25576 25576 92099 16.251376628875732
0 324 1 15386 25576 92099 15.001928567886353
0 322 3 14368 25576 92099 16.138485193252563
0 324 1 17510 25576 92099 15.286222219467163
0 324 1 22554 25576 92099 15.78931713104248
0 324 1 17066 25576 92099 16.52717351913452
0 324 1 16835 25576 92099 15.998357057571411
1 325 0 25576 25576 92099 15.623403072357178
1 325 0 25576 25576 92099 15.459959506988525
0 323 2 13815 25576 92099 16.046639919281006
0 324 1 17724 24792 92099 14.83028268814087
0 323 2 15961 24792 92099 17.140329599380493
1 325 0 24649 24792 92099 14.684685468673706
1 325 0 24430 24792 92099 17.034406900405884
1 325 0 24309 24792 92099 15.071078777313232
1 325 0 24398 24792 92099 16.55677318572998
0 324 1 17994 24792 92099 16.03930377960205
0 324 1 18057 24792 92099 15.174606323242188
1 325 0 24308 24792 92099 16.59185528755188
1 325 0 24527 24792 92099 14.978972434997559
0 323 2 18825 24777 92099 16.300628900527954
0 324 1 22798 24777 92099 16.986058473587036
0 324 1 16915 24777 92099 15.174391984939575
0 324 1 20139 24777 92099 16.359638929367065
1 325 0 23067 24777 92099 14.97927975654602
0 324 1 19766 24777 92099 16.079261302947998
0 324 1 19625 24777 92099 14.932233333587646
0 324 1 18674 24777 92099 17.53238034248352
1 325 0 24777 24777 92099 16.00456428527832
0 324 1 17060 24777 92099 15.603440284729004
1 325 0 23558 23558 92099 15.451809883117676
0 323 2 15829 23558 92099 16.981823205947876
0 324 1 10954 23558 92099 15.459698915481567
1 325 0 23558 23558 92099 16.72966456413269
0 324 1 19525 23558 92099 15.740625381469727
1 325 0 23558 23558 92099 16.218336582183838
0 324 1 12803 23558 92099 16.596923828125
1 325 0 23558 23558 92099 15.031247854232788
0 324 1 21207 23558 92099 15.776902675628662
1 325 0 23558 23558 92099 16.755327224731445
0 324 1 13602 24209 92099 15.115646839141846
0 324 1 13552 24209 92099 16.40946912765503
1 325 0 24209 24209 92099 15.267057657241821
0 323 2 17854 24209 92099 17.640738248825073
0 323 2 13312 24209 92099 16.03392720222473
0 324 1 15203 24209 92099 16.874985694885254
1 325 0 24209 24209 92099 15.016563177108765
0 324 1 15128 24209 92099 17.52313256263733
1 325 0 24209 24209 92099 16.390775442123413
0 323 2 18168 24209 92099 16.21915602684021
0 324 1 13134 25239 92099 16.320488452911377
1 325 0 24902 25239 92099 15.30326533317566
1 325 0 25239 25239 92099 15.725098371505737
0 323 2 19865 25239 92099 16.50394868850708
1 325 0 25239 25239 92099 15.56964373588562
0 324 1 15826 25239 92099 15.1604905128479
0 324 1 11453 25239 92099 15.002758979797363
0 324 1 15828 25239 92099 16.66207480430603
1 325 0 25239 25239 92099 15.308788061141968
0 323 2 12802 25239 92099 17.14989447593689
1 325 0 19583 20031 92099 15.075139999389648
1 325 0 19510 20031 92099 15.531007528305054
1 325 0 18105 20031 92099 15.105952024459839
1 325 0 19802 20031 92099 16.53711223602295
1 325 0 20031 20031 92099 15.236051082611084
1 325 0 20031 20031 92099 15.230905532836914
1 325 0 20031 20031 92099 15.497907876968384
1 325 0 20031 20031 92099 15.239820003509521
1 325 0 19220 20031 92099 15.718870878219604
1 325 0 18824 20031 92099 15.572283506393433
0 324 1 12337 23576 92099 16.907485961914062
0 323 2 16983 23576 92099 14.90540623664856
0 324 1 13586 23576 92099 15.63650631904602
1 325 0 22620 23576 92099 15.149905920028687
0 324 1 16034 23576 92099 15.05578088760376
1 325 0 17391 23576 92099 15.418165922164917
0 324 1 13611 23576 92099 15.577467918395996
1 325 0 17391 23576 92099 15.479758977890015
1 325 0 23390 23576 92099 15.230273962020874
0 324 1 14840 23576 92099 15.143136262893677
0 324 1 11983 22467 92099 15.9387948513031
0 324 1 20937 22467 92099 15.078835010528564
0 324 1 12654 22467 92099 15.649065971374512
0 324 1 14063 22467 92099 14.770770072937012
1 325 0 22467 22467 92099 15.517504453659058
0 324 1 12653 22467 92099 15.022783994674683
0 324 1 12252 22467 92099 15.41439175605774
1 325 0 20793 22467 92099 15.254503726959229
0 323 2 11441 22467 92099 14.0773286819458
1 325 0 22467 22467 92099 16.50509810447693
0 324 1 18517 27932 92099 15.380744218826294
0 324 1 17059 27932 92099 16.273578882217407
0 323 2 15156 27932 92099 15.47509241104126
0 323 2 19193 27932 92099 15.295203447341919
0 324 1 17059 27932 92099 15.255497932434082
0 323 2 20539 27932 92099 14.091100215911865
0 324 1 18067 27932 92099 17.01307964324951
0 323 2 16837 27932 92099 14.162729263305664
0 323 2 18188 27932 92099 15.816570281982422
0 323 2 20533 27932 92099 15.392510890960693
1 325 0 22765 24488 92099 15.431549549102783
0 322 3 15312 24488 92099 15.272826194763184
0 324 1 18675 24488 92099 15.0826096534729
0 324 1 22429 24488 92099 16.382885217666626
1 325 0 23005 24488 92099 15.018444776535034
1 325 0 24294 24488 92099 16.96338415145874
1 325 0 24488 24488 92099 14.019688367843628
0 324 1 19069 24488 92099 15.295902729034424
1 325 0 23627 24488 92099 15.15686845779419
1 325 0 24179 24488 92099 15.778497457504272
0 324 1 16510 26586 92099 15.070149421691895
1 325 0 26586 26586 92099 15.131944417953491
0 324 1 20537 26586 92099 15.188740015029907
0 323 2 18637 26586 92099 15.44012451171875
0 323 2 19640 26586 92099 15.022765636444092
0 324 1 14154 26586 92099 15.286905288696289
1 325 0 26586 26586 92099 14.166807174682617
0 324 1 20648 26586 92099 16.578598737716675
1 325 0 26586 26586 92099 15.10578465461731
0 324 1 18854 26586 92099 15.118125438690186
0 324 1 13895 22234 92099 15.459349393844604
0 324 1 11633 22234 92099 13.953467845916748
0 323 2 10916 22234 92099 16.250890970230103
0 324 1 13404 22234 92099 15.274920463562012
0 323 2 15190 22234 92099 15.8152596950531
0 324 1 10725 22234 92099 15.203552961349487
0 323 2 15114 22234 92099 15.516780376434326
0 324 1 12617 22234 92099 14.979335069656372
0 324 1 14750 22234 92099 15.028629779815674
0 324 1 14330 22234 92099 15.23526930809021
0 324 1 21394 25119 92099 14.042826175689697
0 323 2 16284 25119 92099 15.362727642059326
0 323 2 22007 25119 92099 16.755961179733276
0 324 1 20268 25119 92099 15.464562177658081
1 325 0 24383 25119 92099 17.602108240127563
0 322 3 16896 25119 92099 16.75616145133972
1 325 0 24383 25119 92099 16.13354229927063
1 325 0 25119 25119 92099 15.044260025024414
0 323 2 14638 25119 92099 15.411072731018066
1 325 0 24973 25119 92099 15.16239070892334
0 324 1 16483 21131 92099 16.587794303894043
1 325 0 19959 21131 92099 15.493029356002808
0 324 1 17147 21131 92099 15.25084638595581
0 324 1 14809 21131 92099 15.31988525390625
1 325 0 19721 21131 92099 15.21004581451416
0 324 1 10905 21131 92099 15.960882186889648
0 324 1 16300 21131 92099 14.965921401977539
0 324 1 12536 21131 92099 16.16532015800476
0 324 1 10813 21131 92099 14.13584566116333
0 324 1 14777 21131 92099 15.584545373916626
0 324 1 14260 25800 92099 16.331249713897705
0 324 1 15157 25800 92099 15.507524967193604
0 324 1 15047 25800 92099 15.017022609710693
0 324 1 15153 25800 92099 16.642955780029297
0 324 1 17622 25800 92099 15.66527271270752
0 324 1 11234 25800 92099 15.344391822814941
0 324 1 14034 25800 92099 15.62502908706665
0 324 1 11908 25800 92099 15.083161115646362
0 324 1 14483 25800 92099 14.540163040161133
0 324 1 13588 25800 92099 16.75835609436035
1 325 0 22534 22534 92099 14.60092306137085
0 324 1 12778 22534 92099 16.928224802017212
0 323 2 13721 22534 92099 15.188078165054321
0 323 2 10018 22534 92099 16.171846389770508
0 324 1 15305 22534 92099 23.26540780067444
1 325 0 22407 22534 92099 20.38658380508423
0 324 1 16075 22534 92099 18.859627723693848
0 324 1 15789 22534 92099 21.007526397705078
1 325 0 22534 22534 92099 19.109981775283813
0 323 2 16735 22534 92099 17.608802318572998
0 324 1 19528 22436 92099 18.366207361221313
1 325 0 22436 22436 92099 17.51263737678528
0 324 1 19866 22436 92099 17.36957359313965
0 324 1 17062 22436 92099 17.99222755432129
0 323 2 13142 22436 92099 16.80901551246643
0 324 1 20317 22436 92099 18.54442071914673
0 322 3 19419 22436 92099 17.77575135231018
0 324 1 16842 22436 92099 17.53810429573059
0 324 1 20204 22436 92099 16.50188112258911
0 324 1 19085 22436 92099 17.791064262390137
0 324 1 22493 28282 92099 18.673359632492065
0 324 1 18324 28282 92099 17.257243394851685
0 324 1 18694 28282 92099 17.97658085823059
0 324 1 22595 28282 92099 17.113649368286133
1 325 0 16504 28282 92099 17.020989179611206
0 324 1 20719 28282 92099 17.46044945716858
0 323 2 23139 28282 92099 16.67995858192444
1 325 0 27423 28282 92099 19.528640508651733
0 324 1 21180 28282 92099 17.12251853942871
1 325 0 27423 28282 92099 17.884555339813232
1 325 0 28145 29228 92099 19.75322914123535
0 324 1 24285 29228 92099 18.7020046710968
1 325 0 27811 29228 92099 18.14225697517395
1 325 0 29228 29228 92099 17.59886145591736
0 323 2 18229 29228 92099 17.197163820266724
0 324 1 21320 29228 92099 17.9419686794281
1 325 0 28969 29228 92099 17.048935651779175
1 325 0 25593 29228 92099 18.627378702163696
1 325 0 25504 29228 92099 17.84948492050171
0 324 1 22843 29228 92099 17.84035634994507
0 323 2 15191 26883 92099 18.08824372291565
0 324 1 18675 26883 92099 18.487316608428955
0 324 1 17967 26883 92099 17.21137833595276
0 322 3 20688 26883 92099 18.220880270004272
0 324 1 17396 26883 92099 17.94153070449829
0 323 2 21505 26883 92099 18.17630648612976
1 325 0 26883 26883 92099 17.78825283050537
1 325 0 26883 26883 92099 18.474480152130127
1 325 0 26883 26883 92099 17.47462749481201
0 323 2 20500 26883 92099 17.556739807128906
0 322 3 13553 24256 92099 18.804940700531006
0 324 1 20877 24256 92099 18.09387230873108
0 324 1 18793 24256 92099 18.362520456314087
0 323 2 13244 24256 92099 17.356934785842896
0 324 1 14809 24256 92099 16.954975128173828
0 324 1 17274 24256 92099 18.03793239593506
0 323 2 17073 24256 92099 17.610973834991455
0 323 2 11001 24256 92099 18.16699767112732
1 325 0 23998 24256 92099 18.37283730506897
1 325 0 23982 24256 92099 18.16727113723755
0 323 2 13243 23820 92099 19.626691579818726
1 325 0 23820 23820 92099 18.558871030807495
0 324 1 20906 23820 92099 19.569668531417847
0 323 2 13658 23820 92099 18.96612548828125
0 324 1 16009 23820 92099 17.928858041763306
0 323 2 13432 23820 92099 18.599323511123657
1 325 0 16937 23820 92099 16.93302011489868
0 322 3 14720 23820 92099 17.954588413238525
0 324 1 20328 23820 92099 16.69408392906189
0 323 2 19196 23820 92099 18.22745966911316
0 323 2 14419 25574 92099 17.76375102996826
0 324 1 17582 25574 92099 18.19458270072937
1 325 0 25574 25574 92099 17.523221015930176
0 324 1 18454 25574 92099 18.212141036987305
0 324 1 16770 25574 92099 17.896808385849
0 323 2 17442 25574 92099 18.022233724594116
0 323 2 15089 25574 92099 18.615291357040405
1 325 0 25574 25574 92099 17.953425407409668
0 324 1 16768 25574 92099 18.27853751182556
1 325 0 25574 25574 92099 17.99859642982483
0 324 1 20233 24654 92099 18.44143271446228
1 325 0 24654 24654 92099 17.565276622772217
1 325 0 24505 24654 92099 18.868905544281006
0 324 1 16356 24654 92099 16.926238298416138
0 324 1 21759 24654 92099 17.469088792800903
1 325 0 23870 24654 92099 17.550052642822266
1 325 0 24505 24654 92099 15.596347093582153
1 325 0 23790 24654 92099 16.628481149673462
1 325 0 24505 24654 92099 16.470407724380493
0 324 1 23160 24654 92099 15.28818964958191
0 324 1 13977 19979 92099 17.048476696014404
1 325 0 15446 19979 92099 15.610839366912842
0 324 1 18802 19979 92099 16.33117961883545
0 324 1 15706 19979 92099 15.388381481170654
1 325 0 16164 19979 92099 16.81665873527527
0 324 1 14553 19979 92099 16.320756673812866
1 325 0 15446 19979 92099 16.718586444854736
1 325 0 16049 19979 92099 16.718748569488525
1 325 0 16164 19979 92099 15.328791618347168
0 324 1 14103 19979 92099 15.342995882034302
1 325 0 21087 21340 92099 15.575392723083496
0 324 1 13550 21340 92099 15.190767765045166
1 325 0 19618 21340 92099 15.469045877456665
0 323 2 14574 21340 92099 16.486570596694946
0 324 1 11157 21340 92099 15.543747425079346
0 324 1 13386 21340 92099 15.755186557769775
0 324 1 12768 21340 92099 15.947078943252563
1 325 0 19877 21340 92099 16.183921813964844
1 325 0 19877 21340 92099 15.755002975463867
1 325 0 19378 21340 92099 16.947713613510132
1 325 0 24809 25075 92099 14.99217677116394
1 325 0 24498 25075 92099 16.19578528404236
1 325 0 24479 25075 92099 15.971027135848999
1 325 0 25075 25075 92099 15.793976545333862
1 325 0 24809 25075 92099 16.767114877700806
1 325 0 23227 25075 92099 16.08903455734253
1 325 0 24697 25075 92099 16.5699245929718
1 325 0 23190 25075 92099 14.572059154510498
1 325 0 20940 25075 92099 16.088326930999756
1 325 0 24806 25075 92099 15.225314378738403
1 325 0 22213 22213 92099 16.946669101715088
1 325 0 22213 22213 92099 15.877358675003052
0 324 1 15153 22213 92099 15.913816928863525
0 323 2 14708 22213 92099 19.730314254760742
0 324 1 17056 22213 92099 16.582544565200806
1 325 0 22213 22213 92099 16.437461853027344
1 325 0 21988 22213 92099 15.11831784248352
1 325 0 22213 22213 92099 16.180896043777466
1 325 0 22213 22213 92099 16.30082106590271
1 325 0 22213 22213 92099 15.976739168167114
0 324 1 16464 26054 92099 15.59754753112793
1 325 0 22672 26054 92099 15.800707578659058
1 325 0 25550 26054 92099 15.980095148086548
1 325 0 25829 26054 92099 16.250303030014038
1 325 0 24040 26054 92099 16.14406442642212
0 324 1 16904 26054 92099 15.095651149749756
0 324 1 18810 26054 92099 16.02200746536255
1 325 0 24510 26054 92099 16.311108827590942
1 325 0 25473 26054 92099 15.166069269180298
1 325 0 22837 26054 92099 16.772518396377563
0 324 1 16466 18635 92099 16.76797866821289
0 324 1 16153 18635 92099 15.37513518333435
0 324 1 16242 18635 92099 16.28504204750061
0 324 1 16472 18635 92099 16.313482522964478
0 324 1 13377 18635 92099 16.067081212997437
0 324 1 10470 18635 92099 16.139626264572144
0 324 1 12270 18635 92099 15.96085786819458
0 324 1 11538 18635 92099 16.4330894947052
0 324 1 17289 18635 92099 16.462666034698486
0 324 1 11429 18635 92099 15.2739577293396
0 324 1 17194 20922 92099 16.677972078323364
1 325 0 20922 20922 92099 16.148993968963623
0 323 2 16337 20922 92099 16.16107988357544
0 324 1 14931 20922 92099 16.314847946166992
0 324 1 15146 20922 92099 15.251421689987183
0 324 1 16093 20922 92099 16.44640326499939
0 322 3 13955 20922 92099 15.978699445724487
0 324 1 17865 20922 92099 16.937172889709473
0 324 1 15970 20922 92099 15.116533756256104
0 324 1 16032 20922 92099 16.106956481933594
0 324 1 19189 27023 92099 16.129096508026123
1 325 0 27023 27023 92099 16.007754802703857
1 325 0 27023 27023 92099 16.246453046798706
1 325 0 24134 27023 92099 15.331073760986328
0 324 1 19938 27023 92099 15.31183409690857
1 325 0 27023 27023 92099 15.237007141113281
1 325 0 27023 27023 92099 15.196450471878052
0 324 1 21815 27023 92099 15.029913425445557
1 325 0 24154 27023 92099 15.248376607894897
0 324 1 24538 27023 92099 15.261209964752197
0 324 1 19294 23695 92099 15.198099374771118
1 325 0 23695 23695 92099 15.132537603378296
0 324 1 17244 23695 92099 14.896760940551758
1 325 0 23030 23695 92099 14.856752395629883
0 324 1 19145 23695 92099 14.21249008178711
0 324 1 18492 23695 92099 15.315558910369873
0 324 1 14768 23695 92099 16.78873872756958
1 325 0 22204 23695 92099 17.472689390182495
0 324 1 15442 23695 92099 14.378533363342285
0 324 1 16093 23695 92099 15.724426746368408
1 325 0 14385 18100 92099 15.313690423965454
0 324 1 16803 18100 92099 15.324191570281982
1 325 0 18100 18100 92099 15.169983386993408
0 324 1 13332 18100 92099 15.129967451095581
1 325 0 15866 18100 92099 15.041277885437012
0 324 1 12515 18100 92099 15.27225923538208
0 324 1 13847 18100 92099 14.214654207229614
0 324 1 11141 18100 92099 15.346765518188477
0 324 1 15630 18100 92099 14.923708200454712
1 325 0 15866 18100 92099 15.163590669631958
1 325 0 15627 18370 92099 15.062458515167236
1 325 0 17412 18370 92099 14.11577582359314
1 325 0 17614 18370 92099 14.95572280883789
1 325 0 17099 18370 92099 15.251949071884155
1 325 0 17804 18370 92099 14.944525957107544
1 325 0 15576 18370 92099 14.134592056274414
1 325 0 17552 18370 92099 15.174233436584473
1 325 0 17540 18370 92099 14.993504285812378
1 325 0 17740 18370 92099 15.225943088531494
1 325 0 17484 18370 92099 14.771748065948486
1 325 0 18732 18796 92099 15.210218667984009
1 325 0 18651 18796 92099 15.29261302947998
0 324 1 12380 18796 92099 15.061985969543457
0 323 2 11905 18796 92099 16.617826461791992
1 325 0 18796 18796 92099 14.888122081756592
1 325 0 18796 18796 92099 16.014302492141724
1 325 0 18732 18796 92099 16.489014625549316
1 325 0 18256 18796 92099 15.275513410568237
0 323 2 8146 18796 92099 16.787691831588745
0 324 1 13573 18796 92099 15.392463445663452
1 325 0 18132 25980 92099 17.631382942199707
1 325 0 24657 25980 92099 14.909258127212524
0 324 1 18121 25980 92099 16.0354266166687
0 324 1 16356 25980 92099 14.967993021011353
0 324 1 16121 25980 92099 15.383050203323364
0 324 1 14099 25980 92099 15.111003875732422
1 325 0 25980 25980 92099 16.46010160446167
0 324 1 19507 25980 92099 17.464895248413086
1 325 0 24657 25980 92099 16.312496185302734
0 324 1 15864 25980 92099 15.813623428344727
0 324 1 12616 21436 92099 13.974369525909424
0 324 1 18755 21436 92099 15.564830541610718
1 325 0 21113 21436 92099 15.36084771156311
1 325 0 21113 21436 92099 15.123417139053345
0 324 1 10289 21436 92099 16.41654896736145
0 324 1 15926 21436 92099 15.53874921798706
1 325 0 21436 21436 92099 14.80182957649231
0 324 1 18390 21436 92099 16.70293927192688
0 323 2 9178 21436 92099 15.39026665687561
0 324 1 16405 21436 92099 15.259904623031616
1 325 0 23124 26749 92099 16.288986921310425
1 325 0 26294 26749 92099 14.800073385238647
1 325 0 26196 26749 92099 15.396885871887207
1 325 0 26591 26749 92099 14.597201347351074
1 325 0 26493 26749 92099 15.581092119216919
1 325 0 23177 26749 92099 14.851779222488403
1 325 0 24780 26749 92099 15.623299598693848
1 325 0 26000 26749 92099 15.32092833518982
1 325 0 25989 26749 92099 17.732462644577026
1 325 0 25967 26749 92099 15.469358205795288
0 324 1 18285 25743 92099 16.999754428863525
0 322 3 19167 25743 92099 14.715751886367798
0 324 1 18421 25743 92099 16.796780824661255
1 325 0 25743 25743 92099 14.966123580932617
1 325 0 25743 25743 92099 15.487677812576294
1 325 0 25743 25743 92099 14.092971563339233
1 325 0 24967 25743 92099 14.697077751159668
1 325 0 25341 25743 92099 14.749328851699829
1 325 0 25743 25743 92099 15.492048263549805
0 324 1 17090 25743 92099 14.176249504089355
0 324 1 15201 21714 92099 17.243433475494385
1 325 0 21456 21714 92099 15.311232566833496
0 324 1 16580 21714 92099 13.986904859542847
0 323 2 14945 21714 92099 16.267976999282837
1 325 0 21714 21714 92099 15.437076091766357
0 323 2 12248 21714 92099 14.211632013320923
0 324 1 12128 21714 92099 15.35296893119812
0 324 1 12934 21714 92099 15.215701818466187
1 325 0 21456 21714 92099 15.234023809432983
0 323 2 15918 21714 92099 15.991756439208984
0 323 2 14243 23053 92099 13.994237661361694
0 324 1 16088 23053 92099 15.57128643989563
1 325 0 18599 23053 92099 14.986960172653198
1 325 0 23053 23053 92099 15.507097721099854
0 324 1 15066 23053 92099 13.988189458847046
0 323 2 14294 23053 92099 15.185038089752197
0 324 1 14520 23053 92099 14.798225164413452
0 324 1 11850 23053 92099 14.483403444290161
0 324 1 11850 23053 92099 15.575804471969604
0 323 2 15190 23053 92099 14.984404563903809
1 325 0 23309 23544 92099 16.135370016098022
1 325 0 21974 23544 92099 14.221377611160278
1 325 0 23271 23544 92099 15.530754566192627
1 325 0 23544 23544 92099 14.967767477035522
1 325 0 21604 23544 92099 13.996663808822632
1 325 0 23309 23544 92099 15.359198331832886
1 325 0 21904 23544 92099 15.076931476593018
0 324 1 16333 23544 92099 15.231003522872925
1 325 0 23544 23544 92099 14.454994201660156
0 324 1 15446 23544 92099 15.03782844543457
0 324 1 8320 21536 92099 16.05684542655945
0 323 2 11521 21536 92099 15.07885479927063
0 323 2 12948 21536 92099 15.742657899856567
0 323 2 13479 21536 92099 13.91847014427185
0 323 2 12007 21536 92099 15.280208587646484
1 325 0 21536 21536 92099 15.293465852737427
0 323 2 14297 21536 92099 13.95861291885376
1 325 0 21536 21536 92099 15.319296836853027
0 323 2 17501 21536 92099 15.07017970085144
0 322 3 13323 21536 92099 15.28479266166687
1 325 0 21626 22393 92099 14.0635986328125
0 324 1 13469 22393 92099 16.326741695404053
1 325 0 18089 22393 92099 14.88370943069458
1 325 0 20636 22393 92099 14.023056507110596
0 323 2 16160 22393 92099 16.192201614379883
0 323 2 12047 22393 92099 15.127058267593384
1 325 0 22393 22393 92099 15.076022624969482
0 324 1 14288 22393 92099 14.278451919555664
1 325 0 20420 22393 92099 15.201208114624023
1 325 0 21626 22393 92099 15.885490417480469
0 324 1 16803 23566 92099 14.939112186431885
0 324 1 14995 23566 92099 15.243667364120483
0 324 1 15870 23566 92099 14.036003112792969
0 324 1 13570 23566 92099 15.496269941329956
0 324 1 15347 23566 92099 14.970228910446167
0 324 1 16253 23566 92099 14.418210506439209
0 323 2 17160 23566 92099 15.385255098342896
0 324 1 15773 23566 92099 14.941628694534302
0 324 1 15868 23566 92099 15.650263547897339
1 325 0 23566 23566 92099 16.424508333206177
0 324 1 20556 26957 92099 14.973000288009644
1 325 0 26957 26957 92099 15.467654466629028
1 325 0 26957 26957 92099 15.016619682312012
1 325 0 26957 26957 92099 16.55338406562805
1 325 0 26807 26957 92099 14.85043740272522
0 323 2 14866 26957 92099 13.989054918289185
0 323 2 17268 26957 92099 15.390750169754028
1 325 0 26957 26957 92099 14.828754663467407
0 324 1 21221 26957 92099 15.279320478439331
1 325 0 26957 26957 92099 13.989170551300049
1 325 0 19634 21480 92099 16.459007024765015
0 324 1 15686 21480 92099 15.526633262634277
1 325 0 21064 21480 92099 16.252142906188965
1 325 0 20501 21480 92099 15.134846210479736
1 325 0 20880 21480 92099 15.202551126480103
1 325 0 21117 21480 92099 14.628524780273438
0 324 1 15064 21480 92099 15.160919189453125
0 324 1 13815 21480 92099 16.32164978981018
1 325 0 18874 21480 92099 14.092271327972412
0 324 1 17567 21480 92099 15.483627557754517
1 325 0 27949 27949 92099 13.98294973373413
1 325 0 27949 27949 92099 15.125545978546143
1 325 0 27949 27949 92099 15.161787033081055
0 324 1 16598 27949 92099 15.90334963798523
0 324 1 21154 27949 92099 14.88808798789978
0 324 1 17297 27949 92099 16.3247709274292
0 324 1 18766 27949 92099 14.010021924972534
0 324 1 18306 27949 92099 15.612435817718506
1 325 0 27765 27949 92099 13.841405868530273
1 325 0 27949 27949 92099 15.548740863800049
1 325 0 25464 26644 92099 14.99720549583435
1 325 0 25949 26644 92099 15.042691707611084
0 324 1 16453 26644 92099 14.368638277053833
1 325 0 25876 26644 92099 14.925481796264648
1 325 0 26188 26644 92099 16.246625423431396
1 325 0 25100 26644 92099 14.903204202651978
1 325 0 26089 26644 92099 15.125185251235962
1 325 0 24395 26644 92099 14.249768257141113
1 325 0 25879 26644 92099 16.22342300415039
1 325 0 26145 26644 92099 14.208479166030884
0 324 1 17925 22468 92099 15.425713777542114
1 325 0 21969 22468 92099 14.34734559059143
1 325 0 22333 22468 92099 15.530365228652954
0 324 1 21234 22468 92099 13.964423656463623
1 325 0 16863 22468 92099 15.652047157287598
0 324 1 21755 22468 92099 15.173466920852661
0 324 1 20854 22468 92099 16.11908984184265
1 325 0 20085 22468 92099 14.112923383712769
0 324 1 21259 22468 92099 16.185540676116943
0 324 1 17256 22468 92099 15.217759847640991
0 324 1 12057 19881 92099 15.802614212036133
1 325 0 19585 19881 92099 15.06478500366211
1 325 0 19504 19881 92099 15.164268016815186
0 324 1 14217 19881 92099 15.923041343688965
1 325 0 19752 19881 92099 14.216217994689941
1 325 0 19659 19881 92099 16.36274766921997
1 325 0 18751 19881 92099 14.360678434371948
0 324 1 12109 19881 92099 16.22264051437378
1 325 0 19574 19881 92099 15.403614282608032
1 325 0 18591 19881 92099 14.22039008140564
0 323 2 12292 23468 92099 14.112152576446533
0 323 2 12290 23468 92099 15.975881338119507
0 323 2 11657 23468 92099 14.694479942321777
0 323 2 10273 23468 92099 15.631899118423462
0 324 1 18799 23468 92099 14.162376880645752
0 324 1 16939 23468 92099 16.362401485443115
0 324 1 12448 23468 92099 15.416353225708008
0 324 1 14290 23468 92099 14.1901695728302
0 323 2 12611 23468 92099 15.792996168136597
0 323 2 13774 23468 92099 15.113783359527588
0 324 1 14817 18847 92099 15.847535371780396
0 324 1 11458 18847 92099 14.223437547683716
0 324 1 12472 18847 92099 18.22496271133423
0 324 1 16835 18847 92099 18.909040689468384
0 324 1 16278 18847 92099 15.33460783958435
0 324 1 14485 18847 92099 15.385417699813843
0 324 1 13810 18847 92099 15.647111654281616
0 324 1 14819 18847 92099 15.089599132537842
0 324 1 14482 18847 92099 14.021571159362793
0 324 1 13473 18847 92099 15.290783405303955
0 324 1 24903 25239 92099 14.997831106185913
0 323 2 17842 25239 92099 14.041754007339478
0 323 2 15827 25239 92099 15.40201735496521
0 324 1 15831 25239 92099 15.401950120925903
0 324 1 17177 25239 92099 14.962956666946411
1 325 0 25239 25239 92099 15.486130952835083
0 324 1 18522 25239 92099 14.192989826202393
0 323 2 21546 25239 92099 15.509996891021729
0 324 1 22214 25239 92099 15.065130233764648
0 324 1 18184 25239 92099 15.228768825531006
0 324 1 12019 26636 92099 14.962475776672363
0 323 2 14070 26636 92099 15.307444095611572
1 325 0 18349 26636 92099 14.23041558265686
0 324 1 20832 26636 92099 14.32980227470398
0 324 1 14355 26636 92099 15.263895750045776
0 324 1 16622 26636 92099 14.787903308868408
0 324 1 18918 26636 92099 14.83279275894165
0 324 1 20952 26636 92099 15.538049936294556
0 324 1 19372 26636 92099 14.146410942077637
0 324 1 19183 26636 92099 16.218143463134766
1 325 0 20091 21982 92099 14.484180688858032
1 325 0 21179 21982 92099 15.371409893035889
1 325 0 21272 21982 92099 14.103450536727905
0 324 1 16102 21982 92099 14.382220268249512
1 325 0 20091 21982 92099 16.004661083221436
1 325 0 21982 21982 92099 14.250798225402832
1 325 0 21746 21982 92099 15.428198337554932
1 325 0 21717 21982 92099 14.202646970748901
1 325 0 21593 21982 92099 15.910948514938354
1 325 0 19711 21982 92099 14.36539912223816
1 325 0 21153 21274 92099 14.305774688720703
1 325 0 20070 21274 92099 15.681549310684204
1 325 0 21274 21274 92099 14.10494351387024
1 325 0 20909 21274 92099 14.254399299621582
0 324 1 15354 21274 92099 14.283762216567993
1 325 0 20703 21274 92099 14.187870740890503
1 325 0 20394 21274 92099 15.391466617584229
1 325 0 21005 21274 92099 14.501842021942139
1 325 0 18771 21274 92099 14.093766212463379
1 325 0 19311 21274 92099 16.5958149433136
0 324 1 18283 25036 92099 14.38954472541809
0 324 1 16856 25036 92099 14.327675580978394
1 325 0 25036 25036 92099 14.498035192489624
0 324 1 18431 25036 92099 14.83781099319458
1 325 0 25036 25036 92099 14.334950923919678
1 325 0 24975 25036 92099 15.40632700920105
0 324 1 21033 25036 92099 14.18660593032837
0 322 3 14221 25036 92099 14.773471355438232
0 323 2 15043 25036 92099 14.25119686126709
1 325 0 25036 25036 92099 16.096440076828003
0 324 1 18418 29209 92099 13.907421350479126
0 324 1 19187 29209 92099 16.54157781600952
0 324 1 18350 29209 92099 14.15772533416748
0 324 1 18067 29209 92099 16.245478868484497
1 325 0 29209 29209 92099 14.363908052444458
0 324 1 17295 29209 92099 14.13204050064087
1 325 0 29209 29209 92099 14.152719974517822
0 324 1 20891 29209 92099 14.121586799621582
0 324 1 17709 29209 92099 14.135215997695923
0 323 2 22185 29209 92099 15.97792363166809
0 324 1 19528 29616 92099 14.153165102005005
1 325 0 29447 29616 92099 14.348433017730713
0 323 2 18182 29616 92099 15.23420786857605
0 324 1 15660 29616 92099 14.618025064468384
0 323 2 11594 29616 92099 14.173954248428345
0 324 1 15760 29616 92099 14.115970611572266
0 323 2 15427 29616 92099 16.148955821990967
0 323 2 12901 29616 92099 14.081933736801147
0 324 1 18451 29616 92099 14.38110876083374
0 324 1 22219 29616 92099 14.054273843765259
1 325 0 22302 23116 92099 14.436570882797241
1 325 0 22390 23116 92099 14.222685813903809
1 325 0 22847 23116 92099 15.103719711303711
1 325 0 22390 23116 92099 14.047365665435791
1 325 0 22913 23116 92099 15.499318361282349
1 325 0 22425 23116 92099 14.053323984146118
1 325 0 20651 23116 92099 14.11352014541626
1 325 0 22776 23116 92099 15.295368194580078
0 324 1 14675 23116 92099 15.061475992202759
1 325 0 22276 23116 92099 14.123435735702515
1 325 0 21962 21962 92099 14.629401445388794
0 324 1 16730 21962 92099 14.283844947814941
1 325 0 21962 21962 92099 14.505398035049438
1 325 0 21962 21962 92099 14.369301557540894
0 324 1 14195 21962 92099 15.843927145004272
1 325 0 21063 21962 92099 14.549121618270874
1 325 0 21962 21962 92099 14.283344030380249
0 324 1 17146 21962 92099 15.42704439163208
0 324 1 15473 21962 92099 14.035917520523071
0 323 2 12026 21962 92099 15.796191930770874
0 323 2 17180 22554 92099 15.215059041976929
1 325 0 21724 22554 92099 13.840819120407104
1 325 0 21438 22554 92099 14.82179307937622
1 325 0 22031 22554 92099 15.235716104507446
1 325 0 21971 22554 92099 14.21461033821106
1 325 0 22257 22554 92099 14.953871488571167
1 325 0 22125 22554 92099 13.972216844558716
1 325 0 21860 22554 92099 15.268628120422363
1 325 0 19803 22554 92099 14.16707968711853
1 325 0 21336 22554 92099 15.46982455253601
