0 321 4 19112 26573 935 0.26747751235961914
0 318 7 18523 26573 935 0.2109544277191162
0 319 6 16359 26573 935 0.20300936698913574
0 320 5 14981 26573 935 0.2512679100036621
0 319 6 14440 26573 935 0.1309525966644287
0 319 6 17329 26573 935 0.13473081588745117
0 316 9 14132 26573 935 0.1432030200958252
0 317 8 15433 26573 935 0.1344289779663086
0 315 10 14397 26573 935 0.16052794456481934
0 321 4 18950 26573 935 0.1408684253692627
0 322 3 15005 18638 935 0.19342803955078125
0 318 7 13550 18638 935 0.1432633399963379
0 317 8 12656 18638 935 0.16943144798278809
0 318 7 12184 18638 935 0.13739967346191406
0 314 11 14361 18638 935 0.14830708503723145
0 317 8 14125 18638 935 0.18932533264160156
0 321 4 14153 18638 935 0.20400595664978027
0 320 5 14173 18638 935 0.13160490989685059
0 320 5 15604 18638 935 0.1538550853729248
0 316 9 13241 18638 935 0.16068291664123535
0 315 10 15316 24430 935 0.25813913345336914
0 319 6 19236 24430 935 0.28369784355163574
0 319 6 15464 24430 935 0.1558239459991455
0 316 9 17949 24430 935 0.13497138023376465
0 315 10 16831 24430 935 0.1552419662475586
0 317 8 16168 24430 935 0.15271949768066406
0 318 7 15898 24430 935 0.14368486404418945
0 316 9 19381 24430 935 0.13656163215637207
0 318 7 18902 24430 935 0.13427448272705078
0 311 14 16942 24430 935 0.13808822631835938
0 318 7 11007 26137 935 0.1392807960510254
0 315 10 15721 26137 935 0.14150428771972656
0 313 12 14263 26137 935 0.13451528549194336
0 312 13 18745 26137 935 0.13829898834228516
0 313 12 15712 26137 935 0.14583945274353027
0 312 13 10333 26137 935 0.15502238273620605
0 312 13 16726 26137 935 0.15592241287231445
0 317 8 10334 26137 935 0.13952302932739258
0 314 11 13587 26137 935 0.13712334632873535
0 317 8 13025 26137 935 0.1398181915283203
0 320 5 21187 24689 935 0.24313926696777344
0 314 11 17667 24689 935 0.15071916580200195
0 317 8 16723 24689 935 0.13728904724121094
0 318 7 16009 24689 935 0.13676834106445312
0 313 12 16444 24689 935 0.1395092010498047
0 314 11 14676 24689 935 0.13125252723693848
0 318 7 19055 24689 935 0.1394367218017578
0 318 7 17933 24689 935 0.17631101608276367
0 319 6 17408 24689 935 0.1320784091949463
0 316 9 15199 24689 935 0.1393435001373291
0 321 4 10554 24016 935 0.13421916961669922
0 317 8 12941 24016 935 0.13631629943847656
0 315 10 14699 24016 935 0.1371598243713379
0 316 9 10403 24016 935 0.13452386856079102
0 320 5 17221 24016 935 0.13405942916870117
0 318 7 15794 24016 935 0.13381004333496094
0 319 6 12323 24016 935 0.13734197616577148
0 315 10 10079 24016 935 0.14032483100891113
0 319 6 12562 24016 935 0.1430339813232422
0 316 9 14985 24016 935 0.13423967361450195
0 317 8 13119 26123 935 0.13310956954956055
0 317 8 20372 26123 935 0.14163804054260254
0 316 9 15877 26123 935 0.14188432693481445
0 320 5 15965 26123 935 0.13256525993347168
0 318 7 18579 26123 935 0.1391737461090088
0 313 12 14380 26123 935 0.14100956916809082
0 315 10 16169 26123 935 0.1380302906036377
0 321 4 16737 26123 935 0.13155102729797363
0 319 6 19396 26123 935 0.1428365707397461
0 317 8 18030 26123 935 0.13302206993103027
0 313 12 16757 25071 935 0.1372976303100586
0 313 12 16718 25071 935 0.1362009048461914
0 317 8 18853 25071 935 0.1397230625152588
0 311 14 13224 25071 935 0.13832831382751465
0 315 10 13540 25071 935 0.1629793643951416
0 318 7 15746 25071 935 0.13186430931091309
0 314 11 17605 25071 935 0.1384282112121582
0 314 11 14486 25071 935 0.13437175750732422
0 313 12 17930 25071 935 0.13153529167175293
0 318 7 12798 25071 935 0.13442730903625488
0 314 11 11177 21278 935 0.13425540924072266
0 321 4 12148 21278 935 0.1370840072631836
0 318 7 17054 21278 935 0.13998746871948242
0 318 7 13581 21278 935 0.13687348365783691
0 320 5 11825 21278 935 0.2169961929321289
0 319 6 13055 21278 935 0.1588449478149414
0 319 6 14806 21278 935 0.14004135131835938
0 317 8 11086 21278 935 0.19647669792175293
0 317 8 13457 21278 935 0.28790926933288574
0 320 5 15586 21278 935 0.15185880661010742
0 314 11 13003 22180 935 0.21036934852600098
0 317 8 11496 22180 935 0.14307403564453125
0 312 13 9029 22180 935 0.1985321044921875
0 317 8 10804 22180 935 0.21419572830200195
0 318 7 17550 22180 935 0.24413728713989258
0 313 12 12559 22180 935 0.14551067352294922
0 316 9 14510 22180 935 0.15594172477722168
0 317 8 14244 22180 935 0.14844417572021484
0 316 9 11200 22180 935 0.13979244232177734
0 319 6 17056 22180 935 0.1354224681854248
0 316 9 15715 25800 935 0.1365506649017334
0 313 12 11570 25800 935 0.13417387008666992
0 315 10 10342 25800 935 0.1498265266418457
0 317 8 10005 25800 935 0.13930797576904297
0 315 10 16388 25800 935 0.14989352226257324
0 318 7 12915 25800 935 0.1438133716583252
0 316 9 10891 25800 935 0.13460659980773926
0 312 13 11576 25800 935 0.13988423347473145
0 316 9 15271 25800 935 0.16115331649780273
0 309 16 14263 25800 935 0.24116754531860352
0 314 11 10434 20466 935 0.14409923553466797
0 316 9 16343 20466 935 0.1313626766204834
0 321 4 16541 20466 935 0.13381695747375488
0 313 12 13501 20466 935 0.15600180625915527
0 309 16 13803 20466 935 0.13777446746826172
0 317 8 15388 20466 935 0.14522862434387207
0 317 8 11421 20466 935 0.15187525749206543
0 320 5 15953 20466 935 0.13747811317443848
0 315 10 15727 20466 935 0.13730597496032715
0 313 12 13733 20466 935 0.13832974433898926
0 318 7 17509 31523 935 0.13435029983520508
0 320 5 19187 31523 935 0.13948345184326172
0 318 7 20481 31523 935 0.1379706859588623
0 318 7 19418 31523 935 0.14576101303100586
0 317 8 22000 31523 935 0.1360621452331543
0 319 6 21435 31523 935 0.13897299766540527
0 315 10 19026 31523 935 0.13622808456420898
0 319 6 22055 31523 935 0.13422131538391113
0 318 7 21097 31523 935 0.13167428970336914
0 315 10 17290 31523 935 0.140486478805542
0 315 10 14978 28700 935 0.1366589069366455
0 317 8 16661 28700 935 0.13689064979553223
0 316 9 21824 28700 935 0.13841819763183594
0 312 13 18981 28700 935 0.13664913177490234
0 317 8 17739 28700 935 0.13838505744934082
0 317 8 18563 28700 935 0.13803458213806152
0 314 11 15076 28700 935 0.14399194717407227
0 315 10 16690 28700 935 0.1400892734527588
0 317 8 15027 28700 935 0.13706541061401367
0 311 14 12509 28700 935 0.13624882698059082
0 317 8 16111 24729 935 0.13703417778015137
0 319 6 19347 24729 935 0.13637280464172363
0 317 8 17068 24729 935 0.14435577392578125
0 315 10 17420 24729 935 0.1433570384979248
0 316 9 16427 24729 935 0.13404130935668945
0 316 9 18406 24729 935 0.1414015293121338
0 315 10 16362 24729 935 0.13967633247375488
0 317 8 17609 24729 935 0.1363070011138916
0 316 9 18290 24729 935 0.14368367195129395
0 318 7 17233 24729 935 0.13626503944396973
0 317 8 15772 22975 935 0.16430306434631348
0 318 7 14078 22975 935 0.13725590705871582
0 321 4 19990 22975 935 0.13365697860717773
0 317 8 15780 22975 935 0.13739371299743652
0 318 7 13544 22975 935 0.13402414321899414
0 314 11 10811 22975 935 0.15098142623901367
0 319 6 13236 22975 935 0.1585240364074707
0 315 10 13834 22975 935 0.1636199951171875
0 311 14 13436 22975 935 0.14387249946594238
0 316 9 15530 22975 935 0.13749027252197266
0 320 5 14138 20396 935 0.13996410369873047
0 318 7 12617 20396 935 0.14507842063903809
0 319 6 16247 20396 935 0.14858484268188477
0 316 9 10334 20396 935 0.14891886711120605
0 317 8 13945 20396 935 0.15311193466186523
0 319 6 11664 20396 935 0.13435959815979004
0 316 9 11159 20396 935 0.14855623245239258
0 315 10 11436 20396 935 0.14553260803222656
0 317 8 13901 20396 935 0.1449296474456787
0 314 11 14857 20396 935 0.13511872291564941
0 318 7 13325 28737 935 0.14005231857299805
0 318 7 23597 28737 935 0.13843774795532227
0 317 8 14325 28737 935 0.13006591796875
0 313 12 17821 28737 935 0.13297533988952637
0 315 10 17718 28737 935 0.14858031272888184
0 316 9 21572 28737 935 0.13113999366760254
0 318 7 22130 28737 935 0.13919377326965332
0 317 8 18053 28737 935 0.13915801048278809
0 318 7 23216 28737 935 0.1369466781616211
0 321 4 19092 28737 935 0.13487482070922852
0 319 6 11947 19184 935 0.13469290733337402
0 314 11 12525 19184 935 0.13276219367980957
0 316 9 10554 19184 935 0.14229369163513184
0 318 7 11323 19184 935 0.13848209381103516
0 315 10 13016 19184 935 0.13879036903381348
0 313 12 8180 19184 935 0.14964032173156738
0 317 8 10642 19184 935 0.1527252197265625
0 321 4 14402 19184 935 0.14649581909179688
0 314 11 12076 19184 935 0.13884949684143066
0 320 5 12514 19184 935 0.13184309005737305
0 317 8 15526 20380 935 0.13616490364074707
0 315 10 15846 20380 935 0.1710042953491211
0 322 3 16185 20380 935 0.21851253509521484
0 322 3 18140 20380 935 0.24659085273742676
0 320 5 18292 20380 935 0.25720787048339844
0 317 8 14507 20380 935 0.2593386173248291
0 319 6 13719 20380 935 0.12900495529174805
0 319 6 16218 20380 935 0.13270020484924316
0 317 8 12211 20380 935 0.13709044456481934
0 315 10 14443 20380 935 0.13024187088012695
0 319 6 14570 25348 935 0.13815069198608398
0 319 6 15670 25348 935 0.1385507583618164
0 319 6 13705 25348 935 0.13820147514343262
0 320 5 16789 25348 935 0.13345980644226074
0 319 6 14604 25348 935 0.13752365112304688
0 321 4 12545 25348 935 0.13072514533996582
0 319 6 12284 25348 935 0.1347332000732422
0 319 6 15347 25348 935 0.14142894744873047
0 315 10 12329 25348 935 0.13055682182312012
0 319 6 13888 25348 935 0.1316530704498291
0 320 5 12356 16731 935 0.14478588104248047
0 316 9 10863 16731 935 0.13346385955810547
0 315 10 12169 16731 935 0.13467884063720703
0 318 7 7472 16731 935 0.14156126976013184
0 316 9 10638 16731 935 0.13492393493652344
0 320 5 8592 16731 935 0.13039779663085938
0 311 14 10505 16731 935 0.13504719734191895
0 315 10 9136 16731 935 0.13352394104003906
0 320 5 11817 16731 935 0.13408637046813965
0 314 11 9072 16731 935 0.13492536544799805
0 314 11 18579 26931 935 0.1530013084411621
0 317 8 17149 26931 935 0.13193726539611816
0 321 4 19653 26931 935 0.19564342498779297
0 317 8 19621 26931 935 0.14922833442687988
0 317 8 15549 26931 935 0.14568495750427246
0 317 8 15400 26931 935 0.15113162994384766
0 319 6 20332 26931 935 0.15652966499328613
0 319 6 18369 26931 935 0.14234471321105957
0 317 8 19377 26931 935 0.14379477500915527
0 316 9 20408 26931 935 0.1699068546295166
0 316 9 13405 22741 935 0.14713191986083984
0 315 10 14826 22741 935 0.14764833450317383
0 317 8 12662 22741 935 0.15862274169921875
0 320 5 13531 22741 935 0.15831875801086426
0 314 11 14146 22741 935 0.2685811519622803
0 312 13 11382 22741 935 0.1543879508972168
0 315 10 14074 22741 935 0.14390015602111816
0 319 6 10045 22741 935 0.1388707160949707
0 318 7 11992 22741 935 0.2034602165222168
0 316 9 12864 22741 935 0.16213703155517578
0 317 8 15692 26208 935 0.1796555519104004
0 318 7 20585 26208 935 0.1536865234375
0 316 9 14467 26208 935 0.14592218399047852
0 318 7 18041 26208 935 0.13347387313842773
0 319 6 17049 26208 935 0.13329792022705078
0 318 7 17537 26208 935 0.14450526237487793
0 316 9 16836 26208 935 0.13737034797668457
0 316 9 13231 26208 935 0.14433574676513672
0 317 8 13245 26208 935 0.1399550437927246
0 317 8 14480 26208 935 0.1343555450439453
0 322 3 13237 25279 935 0.13714599609375
0 314 11 16501 25279 935 0.1363205909729004
0 314 11 14570 25279 935 0.13364720344543457
0 315 10 11513 25279 935 0.1366727352142334
0 315 10 19095 25279 935 0.15456366539001465
0 314 11 14722 25279 935 0.1485607624053955
0 314 11 13976 25279 935 0.14452266693115234
0 314 11 14655 25279 935 0.1591789722442627
0 311 14 12489 25279 935 0.13083863258361816
0 317 8 12532 25279 935 0.1390078067779541
0 315 10 13068 20455 935 0.140533447265625
0 316 9 11859 20455 935 0.13141441345214844
0 320 5 13471 20455 935 0.13424968719482422
0 319 6 14254 20455 935 0.14189386367797852
0 319 6 12172 20455 935 0.1311190128326416
0 319 6 14795 20455 935 0.253054141998291
0 319 6 13709 20455 935 0.25203752517700195
0 318 7 13768 20455 935 0.22144603729248047
0 314 11 11520 20455 935 0.12914228439331055
0 316 9 14006 20455 935 0.1397545337677002
0 315 10 13657 20186 935 0.15831685066223145
0 313 12 8592 20186 935 0.1405503749847412
0 315 10 11764 20186 935 0.1425158977508545
0 313 12 11611 20186 935 0.14579486846923828
0 313 12 17562 20186 935 0.13144350051879883
0 318 7 13090 20186 935 0.13628506660461426
0 320 5 13413 20186 935 0.14021015167236328
0 319 6 13500 20186 935 0.13442492485046387
0 318 7 13173 20186 935 0.13739371299743652
0 319 6 14525 20186 935 0.1449751853942871
0 319 6 14248 27711 935 0.1371316909790039
0 321 4 20469 27711 935 0.13432097434997559
0 321 4 23246 27711 935 0.14832496643066406
0 316 9 19071 27711 935 0.17128634452819824
0 319 6 16111 27711 935 0.1404581069946289
0 317 8 16079 27711 935 0.1432662010192871
0 314 11 13073 27711 935 0.1311032772064209
0 317 8 17823 27711 935 0.13550543785095215
0 318 7 19754 27711 935 0.1404263973236084
0 318 7 15187 27711 935 0.13161873817443848
0 316 9 15825 27933 935 0.1368420124053955
0 317 8 21547 27933 935 0.1438157558441162
0 316 9 17848 27933 935 0.1314835548400879
0 314 11 21213 27933 935 0.13799691200256348
0 314 11 16952 27933 935 0.1466376781463623
0 315 10 19306 27933 935 0.13223528861999512
0 317 8 13247 27933 935 0.13865184783935547
0 318 7 18185 27933 935 0.14793992042541504
0 316 9 18298 27933 935 0.13307571411132812
0 313 12 16388 27933 935 0.13724660873413086
0 318 7 15604 27370 935 0.19415640830993652
0 314 11 14625 27370 935 0.1341259479522705
0 318 7 16613 27370 935 0.14347434043884277
0 320 5 15493 27370 935 0.14603686332702637
0 315 10 12953 27370 935 0.1317577362060547
0 316 9 14556 27370 935 0.13962817192077637
0 317 8 16875 27370 935 0.1500864028930664
0 316 9 17624 27370 935 0.13388848304748535
0 315 10 8464 27370 935 0.13510513305664062
0 316 9 14186 27370 935 0.14108753204345703
0 315 10 15556 25801 935 0.13266777992248535
0 319 6 14202 25801 935 0.13976359367370605
0 316 9 15443 25801 935 0.13932275772094727
0 315 10 18239 25801 935 0.1331653594970703
0 311 14 12861 25801 935 0.13529562950134277
0 317 8 18632 25801 935 0.14643597602844238
0 313 12 10734 25801 935 0.1315758228302002
0 316 9 18575 25801 935 0.13372278213500977
0 316 9 17734 25801 935 0.14782357215881348
0 313 12 12973 25801 935 0.13278460502624512
0 314 11 10471 25506 935 0.13335800170898438
0 316 9 16457 25506 935 0.1391596794128418
0 313 12 13356 25506 935 0.15577292442321777
0 318 7 15901 25506 935 0.1359117031097412
0 314 11 13761 25506 935 0.1506330966949463
0 314 11 11024 25506 935 0.21041107177734375
0 314 11 15928 25506 935 0.2120800018310547
0 315 10 15710 25506 935 0.21980714797973633
0 318 7 14723 25506 935 0.23948884010314941
0 314 11 15446 25506 935 0.21087026596069336
0 316 9 17289 24453 935 0.23685431480407715
0 316 9 12583 24453 935 0.13208842277526855
0 315 10 20651 24453 935 0.13742828369140625
0 318 7 13923 24453 935 0.13759541511535645
0 315 10 9890 24453 935 0.13407588005065918
0 315 10 13926 24453 935 0.12978267669677734
0 314 11 10563 24453 935 0.14023327827453613
0 315 10 13925 24453 935 0.1352243423461914
0 314 11 11689 24453 935 0.132523775100708
0 314 11 13928 24453 935 0.14007329940795898
0 318 7 11662 24296 935 0.13435077667236328
0 317 8 15333 24296 935 0.14635872840881348
0 314 11 14391 24296 935 0.1503753662109375
0 313 12 14552 24296 935 0.15775799751281738
0 313 12 16684 24296 935 0.23395681381225586
0 316 9 9215 24296 935 0.1799945831298828
0 316 9 10855 24296 935 0.16741657257080078
0 317 8 13942 24296 935 0.15332961082458496
0 316 9 10856 24296 935 0.14772987365722656
0 313 12 10854 24296 935 0.18948769569396973
0 310 15 13813 25576 935 0.2552335262298584
0 313 12 14485 25576 935 0.21894145011901855
0 311 14 17175 25576 935 0.15874624252319336
0 318 7 15947 25576 935 0.16920065879821777
0 315 10 11678 25576 935 0.1779932975769043
0 311 14 16503 25576 935 0.15361428260803223
0 318 7 16614 25576 935 0.14168000221252441
0 313 12 15158 25576 935 0.16402506828308105
0 316 9 16499 25576 935 0.14699983596801758
0 319 6 16393 25576 935 0.21765875816345215
0 318 7 16342 24792 935 0.16391468048095703
0 316 9 15224 24792 935 0.15078043937683105
0 317 8 17643 24792 935 0.2399153709411621
0 314 11 18974 24792 935 0.15045619010925293
0 321 4 16722 24792 935 0.14991140365600586
0 319 6 14343 24792 935 0.14965367317199707
0 313 12 15083 24792 935 0.15796613693237305
0 314 11 15693 24792 935 0.17308926582336426
0 317 8 12601 24792 935 0.1832435131072998
0 315 10 14283 24792 935 0.24765872955322266
0 311 14 15115 24777 935 0.20146679878234863
0 318 7 15840 24777 935 0.16150426864624023
0 318 7 18158 24777 935 0.14239811897277832
0 318 7 22601 24777 935 0.15259838104248047
0 318 7 20496 24777 935 0.16073369979858398
0 315 10 18869 24777 935 0.15438294410705566
0 318 7 18501 24777 935 0.15073084831237793
0 314 11 20154 24777 935 0.15588641166687012
0 320 5 19499 24777 935 0.19949984550476074
0 313 12 18814 24777 935 0.40236639976501465
0 318 7 12466 23558 935 0.30440711975097656
0 320 5 16332 23558 935 0.2879965305328369
0 313 12 12628 23558 935 0.2659902572631836
0 312 13 12294 23558 935 0.20907378196716309
0 315 10 18526 23558 935 0.13555192947387695
0 315 10 10956 23558 935 0.16089773178100586
0 314 11 15156 23558 935 0.13936161994934082
0 315 10 14818 23558 935 0.15934324264526367
0 313 12 11451 23558 935 0.2436661720275879
0 314 11 14147 23558 935 0.22032499313354492
0 316 9 18189 24209 935 0.14701104164123535
0 316 9 12122 24209 935 0.14305806159973145
0 316 9 16919 24209 935 0.13788628578186035
0 316 9 13410 24209 935 0.14118146896362305
0 318 7 14424 24209 935 0.14996838569641113
0 315 10 17214 24209 935 0.15270280838012695
0 316 9 16714 24209 935 0.13550543785095215
0 315 10 13802 24209 935 0.13998961448669434
0 321 4 17437 24209 935 0.14126133918762207
0 313 12 13976 24209 935 0.13150525093078613
0 319 6 13475 25239 935 0.13521933555603027
0 316 9 14152 25239 935 0.13378477096557617
0 313 12 12134 25239 935 0.14522981643676758
0 313 12 17511 25239 935 0.13997840881347656
0 315 10 12801 25239 935 0.13615202903747559
0 313 12 14823 25239 935 0.1343545913696289
0 318 7 15160 25239 935 0.14559078216552734
0 313 12 15160 25239 935 0.13657665252685547
0 317 8 15494 25239 935 0.13964080810546875
0 316 9 14823 25239 935 0.13815832138061523
0 319 6 13080 20031 935 0.1396026611328125
0 319 6 15096 20031 935 0.13473248481750488
0 319 6 15732 20031 935 0.14613747596740723
0 311 14 12731 20031 935 0.13675689697265625
0 315 10 13632 20031 935 0.13942885398864746
0 316 9 10546 20031 935 0.14405536651611328
0 322 3 15219 20031 935 0.13901972770690918
0 318 7 17386 20031 935 0.14366936683654785
0 316 9 11082 20031 935 0.14124417304992676
0 320 5 15172 20031 935 0.1432478427886963
0 318 7 18263 23576 935 0.13565897941589355
0 317 8 10232 23576 935 0.13603782653808594
0 321 4 14755 23576 935 0.1349020004272461
0 316 9 13235 23576 935 0.14269495010375977
0 320 5 14398 23576 935 0.14346861839294434
0 320 5 14554 23576 935 0.13985586166381836
0 314 11 12536 23576 935 0.14496254920959473
0 317 8 18128 23576 935 0.1475069522857666
0 316 9 16590 23576 935 0.13723325729370117
0 316 9 12109 23576 935 0.13875055313110352
0 317 8 12558 22467 935 0.14370942115783691
0 317 8 12878 22467 935 0.14456558227539062
0 315 10 10608 22467 935 0.1529827117919922
0 317 8 11056 22467 935 0.14622998237609863
0 317 8 12567 22467 935 0.14024019241333008
0 321 4 12338 22467 935 0.1469409465789795
0 316 9 15125 22467 935 0.13931488990783691
0 318 7 12497 22467 935 0.14358973503112793
0 317 8 10506 22467 935 0.1478407382965088
0 316 9 12332 22467 935 0.13817596435546875
0 315 10 11786 27932 935 0.14375710487365723
0 313 12 14826 27932 935 0.14277124404907227
0 316 9 20313 27932 935 0.13913440704345703
0 314 11 18407 27932 935 0.14263463020324707
0 319 6 13142 27932 935 0.14189481735229492
0 316 9 22891 27932 935 0.15392756462097168
0 319 6 15607 27932 935 0.1462571620941162
0 316 9 13475 27932 935 0.14284491539001465
0 318 7 11801 27932 935 0.13862109184265137
0 321 4 23897 27932 935 0.14445948600769043
0 317 8 15599 24488 935 0.1481175422668457
0 314 11 17044 24488 935 0.13405203819274902
0 313 12 14746 24488 935 0.1429765224456787
0 321 4 19823 24488 935 0.15058279037475586
0 319 6 18834 24488 935 0.13425850868225098
0 319 6 14247 24488 935 0.14556074142456055
0 321 4 19424 24488 935 0.1387789249420166
0 316 9 14484 24488 935 0.13701963424682617
0 317 8 17312 24488 935 0.13765311241149902
0 314 11 13668 24488 935 0.1463308334350586
0 319 6 16174 26586 935 0.13449788093566895
0 316 9 12915 26586 935 0.13978362083435059
0 314 11 18527 26586 935 0.14884734153747559
0 321 4 19866 26586 935 0.13621068000793457
0 316 9 15828 26586 935 0.14150619506835938
0 320 5 13138 26586 935 0.14512276649475098
0 316 9 15266 26586 935 0.13977289199829102
0 316 9 14255 26586 935 0.13821983337402344
0 319 6 15161 26586 935 0.14270901679992676
0 317 8 15831 26586 935 0.13206839561462402
0 315 10 16170 22234 935 0.13858270645141602
0 315 10 14506 22234 935 0.14719510078430176
0 319 6 14659 22234 935 0.13486862182617188
0 316 9 9250 22234 935 0.13813519477844238
0 317 8 9615 22234 935 0.13959097862243652
0 318 7 11491 22234 935 0.14518213272094727
0 315 10 14517 22234 935 0.1342008113861084
0 316 9 11423 22234 935 0.15394163131713867
0 318 7 16134 22234 935 0.20602059364318848
0 317 8 17391 22234 935 0.15428447723388672
0 309 16 14839 25119 935 0.23929905891418457
0 313 12 11088 25119 935 0.20615839958190918
0 313 12 13214 25119 935 0.1438894271850586
0 317 8 19674 25119 935 0.2187364101409912
0 318 7 16217 25119 935 0.2070631980895996
0 317 8 15170 25119 935 0.15009045600891113
0 319 6 17707 25119 935 0.20562386512756348
0 314 11 13852 25119 935 0.14135265350341797
0 317 8 22248 25119 935 0.1349184513092041
0 319 6 20820 25119 935 0.13577008247375488
0 316 9 15861 21131 935 0.13762879371643066
0 314 11 14275 21131 935 0.13314533233642578
0 315 10 17525 21131 935 0.1393263339996338
0 318 7 14197 21131 935 0.13793420791625977
0 317 8 11407 21131 935 0.13329815864562988
0 318 7 15702 21131 935 0.13770532608032227
0 317 8 14103 21131 935 0.1584165096282959
0 315 10 16827 21131 935 0.13743948936462402
0 312 13 14666 21131 935 0.14383888244628906
0 319 6 14818 21131 935 0.1472632884979248
0 320 5 18292 25800 935 0.1433718204498291
0 321 4 19082 25800 935 0.14194679260253906
0 319 6 20091 25800 935 0.1432783603668213
0 318 7 13472 25800 935 0.14145612716674805
0 315 10 18632 25800 935 0.1353161334991455
0 315 10 10109 25800 935 0.13593745231628418
0 318 7 16278 25800 935 0.13958978652954102
0 315 10 17288 25800 935 0.14680266380310059
0 317 8 15380 25800 935 0.13446331024169922
0 315 10 18744 25800 935 0.14223885536193848
0 322 3 17462 22534 935 0.1484208106994629
0 318 7 13555 22534 935 0.14383339881896973
0 317 8 13741 22534 935 0.17453551292419434
0 319 6 13257 22534 935 0.13442611694335938
0 318 7 11978 22534 935 0.13463807106018066
0 315 10 12540 22534 935 0.14128398895263672
0 318 7 11834 22534 935 0.189697265625
0 313 12 14295 22534 935 0.1542348861694336
0 317 8 18510 22534 935 0.13698554039001465
0 319 6 12189 22534 935 0.13834738731384277
0 321 4 18965 22436 935 0.14641523361206055
0 315 10 9998 22436 935 0.13490653038024902
0 319 6 17177 22436 935 0.13890719413757324
0 317 8 14712 22436 935 0.14269685745239258
0 316 9 13032 22436 935 0.13940048217773438
0 315 10 18422 22436 935 0.13715815544128418
0 314 11 14495 22436 935 0.14304614067077637
0 319 6 9774 22436 935 0.1374034881591797
0 314 11 12133 22436 935 0.13639497756958008
0 315 10 13708 22436 935 0.14632534980773926
0 315 10 18372 28282 935 0.1858832836151123
0 318 7 17098 28282 935 0.13374114036560059
0 312 13 17952 28282 935 0.1432657241821289
0 317 8 18594 28282 935 0.13904094696044922
0 313 12 15913 28282 935 0.13519573211669922
0 315 10 20079 28282 935 0.14529991149902344
0 313 12 11994 28282 935 0.1402299404144287
0 316 9 13988 28282 935 0.14167523384094238
0 318 7 16864 28282 935 0.13612723350524902
0 316 9 18848 28282 935 0.14066553115844727
0 314 11 21162 29228 935 0.20508861541748047
0 316 9 17624 29228 935 0.18277525901794434
0 315 10 21697 29228 935 0.14422965049743652
0 316 9 14458 29228 935 0.14046168327331543
0 319 6 20061 29228 935 0.1370081901550293
0 317 8 18981 29228 935 0.140763521194458
0 319 6 23703 29228 935 0.14242243766784668
0 318 7 17845 29228 935 0.13563776016235352
0 317 8 22078 29228 935 0.146240234375
0 315 10 17213 29228 935 0.14060568809509277
0 315 10 13811 26883 935 0.13298368453979492
0 317 8 17737 26883 935 0.1385657787322998
0 317 8 17880 26883 935 0.1440742015838623
0 316 9 17504 26883 935 0.13819360733032227
0 316 9 17099 26883 935 0.13869142532348633
0 318 7 16802 26883 935 0.14683246612548828
0 315 10 19379 26883 935 0.1356489658355713
0 315 10 15274 26883 935 0.14410710334777832
0 316 9 13402 26883 935 0.1446514129638672
0 316 9 21768 26883 935 0.1378772258758545
0 315 10 10621 24256 935 0.13726544380187988
0 313 12 10497 24256 935 0.15132427215576172
0 312 13 13535 24256 935 0.13775420188903809
0 313 12 11092 24256 935 0.13807201385498047
0 321 4 14887 24256 935 0.1450355052947998
0 311 14 12665 24256 935 0.13259387016296387
0 317 8 17827 24256 935 0.14094185829162598
0 317 8 17703 24256 935 0.1464376449584961
0 316 9 17625 24256 935 0.1375575065612793
0 314 11 15292 24256 935 0.13454151153564453
0 319 6 12421 23820 935 0.1403963565826416
0 320 5 20002 23820 935 0.13652658462524414
0 318 7 14697 23820 935 0.1387012004852295
0 318 7 17098 23820 935 0.14606928825378418
0 316 9 11950 23820 935 0.1543750762939453
0 316 9 14879 23820 935 0.2153034210205078
0 313 12 17243 23820 935 0.21379685401916504
0 314 11 10616 23820 935 0.22655582427978516
0 313 12 15419 23820 935 0.21184635162353516
0 320 5 16283 23820 935 0.20847582817077637
0 313 12 15630 25574 935 0.22652792930603027
0 316 9 10652 25574 935 0.21316051483154297
0 311 14 10380 25574 935 0.13964271545410156
0 314 11 12870 25574 935 0.2153794765472412
0 312 13 13205 25574 935 0.20296955108642578
0 313 12 13879 25574 935 0.14353632926940918
0 315 10 9241 25574 935 0.14978408813476562
0 316 9 18857 25574 935 0.1417694091796875
0 316 9 17509 25574 935 0.1450507640838623
0 314 11 12871 25574 935 0.13826870918273926
0 319 6 20274 24654 935 0.14263081550598145
0 318 7 16691 24654 935 0.13945436477661133
0 315 10 16440 24654 935 0.14282894134521484
0 317 8 18637 24654 935 0.14052057266235352
0 317 8 18669 24654 935 0.1351621150970459
0 313 12 14698 24654 935 0.14633584022521973
0 314 11 15240 24654 935 0.1335296630859375
0 311 14 16896 24654 935 0.16083693504333496
0 314 11 15229 24654 935 0.1805877685546875
0 320 5 16593 24654 935 0.2839517593383789
0 315 10 14334 19979 935 0.3054502010345459
0 317 8 17570 19979 935 0.13512420654296875
0 319 6 14707 19979 935 0.13419032096862793
0 320 5 13688 19979 935 0.14675474166870117
0 315 10 14142 19979 935 0.13897180557250977
0 318 7 13435 19979 935 0.13731837272644043
0 314 11 13651 19979 935 0.13961434364318848
0 317 8 15026 19979 935 0.14066076278686523
0 317 8 12975 19979 935 0.13223838806152344
0 317 8 10866 19979 935 0.14072632789611816
0 316 9 9777 21340 935 0.14513659477233887
0 320 5 15248 21340 935 0.13314151763916016
0 316 9 11039 21340 935 0.13797283172607422
0 321 4 15361 21340 935 0.1348733901977539
0 317 8 13883 21340 935 0.13730597496032715
0 320 5 15080 21340 935 0.13674187660217285
0 316 9 12037 21340 935 0.1405625343322754
0 316 9 11858 21340 935 0.13861322402954102
0 315 10 13406 21340 935 0.14232206344604492
0 315 10 9658 21340 935 0.13757944107055664
0 317 8 18693 25075 935 0.1396944522857666
0 319 6 14461 25075 935 0.13540124893188477
0 317 8 16844 25075 935 0.13573861122131348
0 317 8 13485 25075 935 0.1317768096923828
0 321 4 15725 25075 935 0.13447308540344238
0 315 10 20194 25075 935 0.13670563697814941
0 318 7 19133 25075 935 0.13190102577209473
0 317 8 17549 25075 935 0.13805150985717773
0 312 13 12551 25075 935 0.13637804985046387
0 321 4 16739 25075 935 0.1331624984741211
0 320 5 16499 22213 935 0.13717174530029297
0 316 9 12914 22213 935 0.14301109313964844
0 317 8 12915 22213 935 0.1361994743347168
0 319 6 13474 22213 935 0.14231371879577637
0 318 7 13475 22213 935 0.13487672805786133
0 314 11 15610 22213 935 0.14046740531921387
0 323 2 15485 22213 935 0.1404721736907959
0 317 8 12464 22213 935 0.14098429679870605
0 316 9 14142 22213 935 0.13111114501953125
0 311 14 14714 22213 935 0.14042258262634277
0 318 7 19657 26054 935 0.14024972915649414
0 318 7 21168 26054 935 0.13428664207458496
0 319 6 17115 26054 935 0.14043736457824707
0 321 4 18162 26054 935 0.14021706581115723
0 315 10 15076 26054 935 0.141265869140625
0 316 9 14928 26054 935 0.14101886749267578
0 318 7 17588 26054 935 0.13956546783447266
0 317 8 16275 26054 935 0.1313316822052002
0 316 9 16131 26054 935 0.1408827304840088
0 318 7 19795 26054 935 0.13300871849060059
0 310 15 11676 18635 935 0.13546013832092285
0 312 13 12355 18635 935 0.14087414741516113
0 312 13 10847 18635 935 0.14490151405334473
0 318 7 13655 18635 935 0.14087176322937012
0 314 11 11742 18635 935 0.14120769500732422
0 316 9 12485 18635 935 0.14194083213806152
0 314 11 15642 18635 935 0.14204001426696777
0 317 8 15733 18635 935 0.14310526847839355
0 315 10 8546 18635 935 0.1344738006591797
0 317 8 10399 18635 935 0.13242077827453613
0 316 9 17133 20922 935 0.14490747451782227
0 318 7 14471 20922 935 0.1381514072418213
0 316 9 17808 20922 935 0.1324012279510498
0 315 10 12795 20922 935 0.14013075828552246
0 316 9 12913 20922 935 0.17594408988952637
0 322 3 18261 20922 935 0.13111472129821777
0 317 8 12911 20922 935 0.14208626747131348
0 318 7 16522 20922 935 0.1390390396118164
0 316 9 16915 20922 935 0.13826704025268555
0 316 9 13186 20922 935 0.14430689811706543
0 319 6 16994 27023 935 0.15372395515441895
0 317 8 15612 27023 935 0.14195585250854492
0 314 11 17763 27023 935 0.2195596694946289
0 319 6 19197 27023 935 0.24529194831848145
0 317 8 12361 27023 935 0.20059609413146973
0 319 6 16962 27023 935 0.23822474479675293
0 315 10 16789 27023 935 0.13472437858581543
0 314 11 15189 27023 935 0.21907353401184082
0 315 10 16340 27023 935 0.20253539085388184
0 320 5 14650 27023 935 0.24110698699951172
0 317 8 9301 23695 935 0.16026043891906738
0 320 5 11419 23695 935 0.14626789093017578
0 316 9 13247 23695 935 0.13895010948181152
0 312 13 13472 23695 935 0.1931607723236084
0 321 4 15974 23695 935 0.14263510704040527
0 320 5 14791 23695 935 0.1494913101196289
0 317 8 15193 23695 935 0.13329410552978516
0 322 3 17072 23695 935 0.13943195343017578
0 317 8 16748 23695 935 0.13944053649902344
0 317 8 16006 23695 935 0.1430528163909912
0 316 9 16218 18100 935 0.14844083786010742
0 321 4 11272 18100 935 0.16937637329101562
0 315 10 13569 18100 935 0.14004755020141602
0 313 12 11942 18100 935 0.14082694053649902
0 317 8 13048 18100 935 0.13568401336669922
0 319 6 13176 18100 935 0.14194273948669434
0 318 7 11303 18100 935 0.13370728492736816
0 314 11 8828 18100 935 0.1397404670715332
0 319 6 11921 18100 935 0.1323375701904297
0 318 7 12256 18100 935 0.14719343185424805
0 319 6 14769 18370 935 0.14041614532470703
0 318 7 12768 18370 935 0.14200639724731445
0 316 9 11487 18370 935 0.13315129280090332
0 321 4 12491 18370 935 0.14698457717895508
0 319 6 13356 18370 935 0.2154991626739502
0 317 8 12891 18370 935 0.1410834789276123
0 316 9 14093 18370 935 0.13560009002685547
0 314 11 13870 18370 935 0.1430835723876953
0 320 5 14785 18370 935 0.14481210708618164
0 315 10 12401 18370 935 0.13376665115356445
0 316 9 11100 18796 935 0.1402873992919922
0 316 9 12393 18796 935 0.13860511779785156
0 322 3 13665 18796 935 0.1332683563232422
0 314 11 11198 18796 935 0.13621115684509277
0 315 10 13874 18796 935 0.1447596549987793
0 318 7 13053 18796 935 0.1324443817138672
0 320 5 12059 18796 935 0.14604687690734863
0 317 8 15050 18796 935 0.15558958053588867
0 317 8 13085 18796 935 0.17231249809265137
0 321 4 18121 18796 935 0.13345718383789062
0 313 12 16458 25980 935 0.1511223316192627
0 318 7 16606 25980 935 0.135026216506958
0 316 9 14286 25980 935 0.14349579811096191
0 320 5 19382 25980 935 0.1430039405822754
0 313 12 18921 25980 935 0.1419847011566162
0 318 7 14606 25980 935 0.13919615745544434
0 314 11 14544 25980 935 0.2276606559753418
0 316 9 16419 25980 935 0.1433391571044922
0 314 11 16228 25980 935 0.14390945434570312
0 312 13 14690 25980 935 0.13575482368469238
0 321 4 14552 21436 935 0.15566492080688477
0 320 5 12268 21436 935 0.1411757469177246
0 320 5 13968 21436 935 0.14320611953735352
0 316 9 15272 21436 935 0.13900017738342285
0 318 7 13956 21436 935 0.14493799209594727
0 319 6 15320 21436 935 0.14026832580566406
0 316 9 17180 21436 935 0.14523911476135254
0 314 11 14123 21436 935 0.2682311534881592
0 317 8 12262 21436 935 0.2618827819824219
0 315 10 7839 21436 935 0.2666921615600586
0 317 8 20050 26749 935 0.15175938606262207
0 316 9 19222 26749 935 0.14230632781982422
0 317 8 22426 26749 935 0.14391207695007324
0 316 9 22886 26749 935 0.15293550491333008
0 313 12 14960 26749 935 0.14576125144958496
0 319 6 19902 26749 935 0.13923358917236328
0 318 7 21163 26749 935 0.13949894905090332
0 315 10 18529 26749 935 0.14527225494384766
0 311 14 16881 26749 935 0.13730072975158691
0 315 10 15577 26749 935 0.14209580421447754
0 315 10 11438 25743 935 0.1450819969177246
0 317 8 18250 25743 935 0.13608312606811523
0 313 12 19229 25743 935 0.14295244216918945
0 319 6 14413 25743 935 0.14821863174438477
0 317 8 16110 25743 935 0.1357874870300293
0 314 11 17138 25743 935 0.13987135887145996
0 320 5 14234 25743 935 0.1541457176208496
0 315 10 15045 25743 935 0.13177204132080078
0 314 11 16727 25743 935 0.14256811141967773
0 313 12 20511 25743 935 0.13610529899597168
0 314 11 11385 21714 935 0.13968443870544434
0 316 9 17260 21714 935 0.13538432121276855
0 317 8 12524 21714 935 0.14020466804504395
0 315 10 12468 21714 935 0.13412261009216309
0 314 11 13726 21714 935 0.1364915370941162
0 314 11 10252 21714 935 0.1460862159729004
0 317 8 11383 21714 935 0.13396739959716797
0 317 8 14075 21714 935 0.13863205909729004
0 312 13 12697 21714 935 0.13582158088684082
0 319 6 15594 21714 935 0.13527488708496094
0 318 7 13764 23053 935 0.13712811470031738
0 316 9 8708 23053 935 0.1395723819732666
0 316 9 17179 23053 935 0.13242363929748535
0 318 7 16561 23053 935 0.13722538948059082
0 320 5 13922 23053 935 0.14368557929992676
0 319 6 18297 23053 935 0.13462495803833008
0 318 7 16960 23053 935 0.14088010787963867
0 318 7 14465 23053 935 0.14769458770751953
0 315 10 15117 23053 935 0.1348741054534912
0 318 7 12951 23053 935 0.13402748107910156
0 316 9 16406 23544 935 0.13727092742919922
0 320 5 19142 23544 935 0.14202213287353516
0 316 9 10985 23544 935 0.1689314842224121
0 321 4 17119 23544 935 0.14945745468139648
0 314 11 15065 23544 935 0.13518857955932617
0 317 8 18524 23544 935 0.16867423057556152
0 320 5 16148 23544 935 0.13587498664855957
0 320 5 16488 23544 935 0.1359403133392334
0 319 6 16751 23544 935 0.15684819221496582
0 315 10 12613 23544 935 0.13872766494750977
0 316 9 13731 21536 935 0.14234614372253418
0 311 14 13066 21536 935 0.1357107162475586
0 313 12 9373 21536 935 0.14260339736938477
0 321 4 10740 21536 935 0.14047861099243164
0 318 7 11759 21536 935 0.13303208351135254
0 315 10 14223 21536 935 0.14676618576049805
0 317 8 11646 21536 935 0.14226222038269043
0 316 9 8958 21536 935 0.13720250129699707
0 315 10 11006 21536 935 0.13825678825378418
0 312 13 7863 21536 935 0.1426088809967041
0 317 8 12544 22393 935 0.14380359649658203
0 316 9 16449 22393 935 0.14035606384277344
0 314 11 12284 22393 935 0.1350564956665039
0 318 7 16728 22393 935 0.15486502647399902
0 314 11 14483 22393 935 0.13501596450805664
0 318 7 14163 22393 935 0.19001102447509766
0 318 7 13489 22393 935 0.13292384147644043
0 318 7 13747 22393 935 0.14109444618225098
0 313 12 12746 22393 935 0.14945745468139648
0 318 7 17042 22393 935 0.13631033897399902
0 309 16 8047 23566 935 0.13487935066223145
0 320 5 18697 23566 935 0.13623809814453125
0 318 7 15040 23566 935 0.13332009315490723
0 317 8 11174 23566 935 0.13526320457458496
0 314 11 13821 23566 935 0.1399247646331787
0 317 8 13487 23566 935 0.1407918930053711
0 315 10 15614 23566 935 0.13838911056518555
0 319 6 14558 23566 935 0.13492369651794434
0 316 9 16479 23566 935 0.14143824577331543
0 318 7 15718 23566 935 0.14093899726867676
0 313 12 15129 26957 935 0.13837814331054688
0 314 11 16899 26957 935 0.13695740699768066
0 317 8 10048 26957 935 0.13546490669250488
0 315 10 18190 26957 935 0.13343048095703125
0 315 10 12466 26957 935 0.13303780555725098
0 317 8 15726 26957 935 0.13438034057617188
0 313 12 17010 26957 935 0.13097238540649414
0 314 11 12936 26957 935 0.13205742835998535
0 317 8 15825 26957 935 0.13968396186828613
0 312 13 14134 26957 935 0.13181257247924805
0 317 8 12695 21480 935 0.21311664581298828
0 321 4 15300 21480 935 0.13269877433776855
0 314 11 12395 21480 935 0.1346602439880371
0 312 13 13095 21480 935 0.13520479202270508
0 318 7 13495 21480 935 0.13380837440490723
0 318 7 12096 21480 935 0.13488125801086426
0 320 5 15467 21480 935 0.13143253326416016
0 319 6 13698 21480 935 0.13523125648498535
0 319 6 12154 21480 935 0.1319577693939209
0 314 11 13903 21480 935 0.13805150985717773
0 317 8 19483 27949 935 0.13949084281921387
0 317 8 17021 27949 935 0.1402430534362793
0 315 10 14807 27949 935 0.14190196990966797
0 317 8 20645 27949 935 0.14175629615783691
0 319 6 20825 27949 935 0.13700294494628906
0 316 9 16855 27949 935 0.14939451217651367
0 315 10 16835 27949 935 0.1362466812133789
0 315 10 15795 27949 935 0.13808584213256836
0 317 8 18193 27949 935 0.14837908744812012
0 315 10 18318 27949 935 0.13698506355285645
0 319 6 19077 26644 935 0.15395784378051758
0 320 5 18682 26644 935 0.1326916217803955
0 316 9 11988 26644 935 0.13768315315246582
0 320 5 20121 26644 935 0.1405189037322998
0 317 8 20427 26644 935 0.14023828506469727
0 318 7 20162 26644 935 0.13596129417419434
0 321 4 18636 26644 935 0.14050507545471191
0 316 9 21386 26644 935 0.13425016403198242
0 320 5 15286 26644 935 0.14345741271972656
0 316 9 18039 26644 935 0.13475799560546875
0 314 11 17040 22468 935 0.13646364212036133
0 317 8 15683 22468 935 0.14439868927001953
0 318 7 18178 22468 935 0.13303112983703613
0 320 5 18836 22468 935 0.13423442840576172
0 318 7 15989 22468 935 0.14008879661560059
0 318 7 19297 22468 935 0.1298997402191162
0 316 9 16050 22468 935 0.13235712051391602
0 318 7 17357 22468 935 0.13697028160095215
0 317 8 16640 22468 935 0.13364100456237793
0 318 7 14446 22468 935 0.13121509552001953
0 321 4 13009 19881 935 0.14214563369750977
0 318 7 10962 19881 935 0.1342906951904297
0 316 9 12298 19881 935 0.13248491287231445
0 318 7 15783 19881 935 0.1487128734588623
0 317 8 10498 19881 935 0.1349351406097412
0 315 10 12816 19881 935 0.12945818901062012
0 317 8 14281 19881 935 0.1441633701324463
0 313 12 9899 19881 935 0.13944172859191895
0 319 6 17035 19881 935 0.13620519638061523
0 314 11 14973 19881 935 0.13720011711120605
0 318 7 16114 23468 935 0.14320063591003418
0 319 6 16661 23468 935 0.131058931350708
0 320 5 14132 23468 935 0.13680243492126465
0 314 11 13154 23468 935 0.13601994514465332
0 314 11 10820 23468 935 0.13436627388000488
0 314 11 19311 23468 935 0.13646221160888672
0 318 7 15668 23468 935 0.13613224029541016
0 317 8 18117 23468 935 0.13275361061096191
0 318 7 14766 23468 935 0.13710403442382812
0 320 5 10607 23468 935 0.13334202766418457
0 315 10 11004 18847 935 0.1352825164794922
0 320 5 13137 18847 935 0.1347362995147705
0 317 8 13816 18847 935 0.13487768173217773
0 314 11 8651 18847 935 0.1286478042602539
0 318 7 14596 18847 935 0.14242196083068848
0 319 6 14150 18847 935 0.13088345527648926
0 317 8 10223 18847 935 0.14120697975158691
0 320 5 13807 18847 935 0.1349945068359375
0 314 11 9105 18847 935 0.13454461097717285
0 319 6 14256 18847 935 0.12714862823486328
0 320 5 17176 25239 935 0.1388106346130371
0 318 7 18852 25239 935 0.13666415214538574
0 318 7 15158 25239 935 0.13278484344482422
0 318 7 12802 25239 935 0.13709211349487305
0 317 8 18522 25239 935 0.1398320198059082
0 317 8 19534 25239 935 0.1306159496307373
0 317 8 13472 25239 935 0.142625093460083
0 317 8 13804 25239 935 0.13359737396240234
0 317 8 17178 25239 935 0.14032483100891113
0 313 12 16844 25239 935 0.13823556900024414
0 316 9 16507 26636 935 0.14467072486877441
0 317 8 14676 26636 935 0.13920807838439941
0 312 13 15167 26636 935 0.26226258277893066
0 317 8 15761 26636 935 0.2722296714782715
0 312 13 19647 26636 935 0.2522614002227783
0 316 9 14869 26636 935 0.17963337898254395
0 317 8 10431 26636 935 0.13670682907104492
0 319 6 17666 26636 935 0.1350412368774414
0 318 7 18395 26636 935 0.13454508781433105
0 317 8 11801 26636 935 0.1357114315032959
0 316 9 14307 21982 935 0.13178324699401855
0 320 5 14056 21982 935 0.12945270538330078
0 320 5 19620 21982 935 0.1377415657043457
0 315 10 16770 21982 935 0.13410234451293945
0 314 11 17200 21982 935 0.13959622383117676
0 311 14 14218 21982 935 0.1418302059173584
0 316 9 12694 21982 935 0.13166475296020508
0 318 7 15425 21982 935 0.12621665000915527
0 316 9 11944 21982 935 0.2538301944732666
0 319 6 17147 21982 935 0.25106310844421387
0 314 11 17008 21274 935 0.13390350341796875
0 315 10 14895 21274 935 0.1346452236175537
0 318 7 16488 21274 935 0.1408390998840332
0 317 8 12574 21274 935 0.13966035842895508
0 318 7 16642 21274 935 0.1353752613067627
0 321 4 19252 21274 935 0.14414477348327637
0 318 7 15224 21274 935 0.13834929466247559
0 314 11 13868 21274 935 0.143385648727417
0 319 6 14564 21274 935 0.13107776641845703
0 316 9 14398 21274 935 0.1346883773803711
0 314 11 15259 25036 935 0.17364168167114258
0 318 7 10525 25036 935 0.2745518684387207
0 316 9 14248 25036 935 0.2612731456756592
0 312 13 17311 25036 935 0.21533870697021484
0 317 8 13030 25036 935 0.14806365966796875
0 316 9 9628 25036 935 0.13987159729003906
0 319 6 11111 25036 935 0.13650941848754883
0 313 12 13696 25036 935 0.14145421981811523
0 316 9 14666 25036 935 0.1447899341583252
0 314 11 13385 25036 935 0.14230060577392578
0 315 10 15523 29209 935 0.1432185173034668
0 321 4 17990 29209 935 0.13789081573486328
0 316 9 17227 29209 935 0.1409294605255127
0 320 5 22732 29209 935 0.13468027114868164
0 320 5 22858 29209 935 0.14260578155517578
0 315 10 17492 29209 935 0.13546252250671387
0 319 6 15439 29209 935 0.1385347843170166
0 314 11 14847 29209 935 0.1375434398651123
0 321 4 23486 29209 935 0.1394178867340088
0 319 6 16266 29209 935 0.1415119171142578
0 317 8 10786 29616 935 0.14278101921081543
0 317 8 19193 29616 935 0.14355921745300293
0 318 7 19023 29616 935 0.134246826171875
0 316 9 12905 29616 935 0.14630913734436035
0 321 4 18624 29616 935 0.13477396965026855
0 318 7 18014 29616 935 0.13714218139648438
0 311 14 16841 29616 935 0.14500117301940918
0 315 10 15094 29616 935 0.22052478790283203
0 316 9 15089 29616 935 0.2521843910217285
0 317 8 16663 29616 935 0.2593085765838623
0 314 11 11678 23116 935 0.2725226879119873
0 319 6 19306 23116 935 0.18583273887634277
0 317 8 12311 23116 935 0.1351923942565918
0 316 9 13999 23116 935 0.14223694801330566
0 314 11 14068 23116 935 0.1351783275604248
0 314 11 13577 23116 935 0.14535784721374512
0 319 6 14844 23116 935 0.14063000679016113
0 314 11 10376 23116 935 0.13275575637817383
0 315 10 12415 23116 935 0.13801789283752441
0 318 7 17189 23116 935 0.14575648307800293
0 319 6 13143 21962 935 0.13343310356140137
0 312 13 14322 21962 935 0.14435291290283203
0 314 11 12133 21962 935 0.13598108291625977
0 317 8 15483 21962 935 0.13420510292053223
0 314 11 12777 21962 935 0.1535170078277588
0 319 6 14708 21962 935 0.13802194595336914
0 317 8 14473 21962 935 0.13223004341125488
0 315 10 14089 21962 935 0.14974665641784668
0 317 8 13220 21962 935 0.14112377166748047
0 313 12 14327 21962 935 0.14080142974853516
0 319 6 15085 22554 935 0.1460568904876709
0 318 7 16382 22554 935 0.139725923538208
0 315 10 14899 22554 935 0.13421964645385742
0 317 8 13370 22554 935 0.13896560668945312
0 322 3 21556 22554 935 0.13965344429016113
0 320 5 17834 22554 935 0.1411583423614502
0 319 6 14038 22554 935 0.1406726837158203
0 319 6 15035 22554 935 0.14669060707092285
0 318 7 16752 22554 935 0.13162994384765625
0 315 10 17025 22554 935 0.14507007598876953
