0 324 1 18181 26573 93922 14.524512767791748
1 325 0 26305 26573 93922 15.8115553855896
0 324 1 16100 26573 93922 15.03234314918518
0 324 1 16403 26573 93922 16.13331937789917
1 325 0 26573 26573 93922 14.823781967163086
1 325 0 26399 26573 93922 16.429433822631836
0 324 1 17708 26573 93922 15.426169157028198
0 324 1 15952 26573 93922 16.009392976760864
0 323 2 19821 26573 93922 16.497892379760742
1 325 0 26573 26573 93922 16.876595735549927
1 325 0 17995 18638 93922 14.903690814971924
1 325 0 18022 18638 93922 15.45447039604187
1 325 0 17940 18638 93922 16.324978828430176
1 325 0 16283 18638 93922 16.018115997314453
1 325 0 18304 18638 93922 17.102946281433105
1 325 0 17171 18638 93922 16.334781885147095
1 325 0 16513 18638 93922 14.926010847091675
0 324 1 15398 18638 93922 17.159786462783813
1 325 0 16785 18638 93922 16.18652606010437
0 324 1 17275 18638 93922 16.493272304534912
0 324 1 18828 24430 93922 15.930672407150269
1 325 0 21430 24430 93922 16.84521722793579
0 324 1 23249 24430 93922 16.74629807472229
0 324 1 22218 24430 93922 16.244070053100586
0 324 1 21267 24430 93922 16.570016145706177
0 324 1 12622 24430 93922 16.175599575042725
0 324 1 18466 24430 93922 16.5832302570343
0 324 1 21806 24430 93922 16.202977180480957
0 324 1 15379 24430 93922 16.452342748641968
0 323 2 20400 24430 93922 15.138204574584961
0 324 1 13701 26137 93922 17.601991653442383
0 324 1 13365 26137 93922 15.27600622177124
0 324 1 19410 26137 93922 17.530898809432983
0 323 2 13362 26137 93922 16.29230046272278
0 324 1 13366 26137 93922 15.283146858215332
1 325 0 26137 26137 93922 17.313448190689087
1 325 0 26137 26137 93922 16.555518627166748
0 322 3 13027 26137 93922 16.929579734802246
0 324 1 17395 26137 93922 15.346984624862671
0 323 2 16280 26137 93922 16.508736848831177
1 325 0 22400 24689 93922 16.774792909622192
1 325 0 24689 24689 93922 16.614501237869263
1 325 0 23460 24689 93922 17.04656481742859
1 325 0 23062 24689 93922 15.576343536376953
1 325 0 24689 24689 93922 17.15987253189087
1 325 0 24200 24689 93922 16.954305171966553
1 325 0 22400 24689 93922 15.45848560333252
1 325 0 24689 24689 93922 17.15511178970337
0 323 2 20563 24689 93922 15.590519666671753
1 325 0 23460 24689 93922 17.243484497070312
1 325 0 23511 24016 93922 16.869391441345215
1 325 0 23247 24016 93922 17.076197385787964
1 325 0 23594 24016 93922 18.47276735305786
0 324 1 17785 24016 93922 16.451999187469482
0 324 1 18871 24016 93922 17.0796856880188
0 323 2 12316 24016 93922 15.204185962677002
1 325 0 23812 24016 93922 16.35325574874878
0 324 1 15710 24016 93922 16.817737102508545
1 325 0 22825 24016 93922 15.278973817825317
1 325 0 22872 24016 93922 17.37142825126648
0 324 1 19270 26123 93922 16.08877968788147
1 325 0 21890 26123 93922 16.419189453125
0 324 1 20595 26123 93922 16.31663465499878
0 324 1 14817 26123 93922 16.658710479736328
1 325 0 26123 26123 93922 15.188242673873901
0 324 1 18888 26123 93922 17.263558626174927
0 324 1 19779 26123 93922 15.38840103149414
0 324 1 19787 26123 93922 16.210522651672363
0 324 1 21590 26123 93922 15.16301703453064
0 323 2 15438 26123 93922 16.060784578323364
0 324 1 18600 25071 93922 15.39517855644226
0 324 1 24231 25071 93922 15.308911323547363
0 324 1 19621 25071 93922 16.833361864089966
0 323 2 16975 25071 93922 15.176006078720093
0 324 1 21876 25071 93922 17.14027214050293
1 325 0 25071 25071 93922 14.985092401504517
0 324 1 19879 25071 93922 16.67627501487732
1 325 0 25071 25071 93922 16.150248527526855
0 324 1 18431 25071 93922 16.10080623626709
0 322 3 11621 25071 93922 15.56406545639038
1 325 0 21124 21278 93922 16.360661506652832
0 324 1 17834 21278 93922 15.95034646987915
1 325 0 20526 21278 93922 16.179871797561646
0 324 1 15683 21278 93922 15.692092657089233
1 325 0 20964 21278 93922 15.30954360961914
1 325 0 20772 21278 93922 16.78553581237793
1 325 0 20976 21278 93922 15.109515190124512
0 324 1 16328 21278 93922 17.22611355781555
1 325 0 18622 21278 93922 15.284823417663574
1 325 0 20574 21278 93922 15.562153816223145
1 325 0 20168 22180 93922 17.16669726371765
1 325 0 22146 22180 93922 15.28749418258667
1 325 0 20267 22180 93922 15.282052755355835
1 325 0 21814 22180 93922 15.142614603042603
1 325 0 19725 22180 93922 16.637140035629272
1 325 0 20552 22180 93922 15.116856336593628
1 325 0 20168 22180 93922 17.012694597244263
1 325 0 22116 22180 93922 16.517818689346313
1 325 0 20433 22180 93922 19.942567348480225
1 325 0 21780 22180 93922 17.50552272796631
0 324 1 15605 25800 93922 17.618479013442993
0 324 1 14710 25800 93922 17.94773554801941
0 324 1 14260 25800 93922 15.08040738105774
0 323 2 16050 25800 93922 16.45813512802124
0 324 1 15047 25800 93922 15.103458404541016
0 324 1 14706 25800 93922 15.205804824829102
0 324 1 15379 25800 93922 16.370797157287598
1 325 0 25800 25800 93922 15.194093704223633
0 323 2 10557 25800 93922 17.11891531944275
0 324 1 23671 25800 93922 15.554010391235352
1 325 0 20409 20466 93922 17.059033155441284
1 325 0 14600 20466 93922 15.167898654937744
1 325 0 20171 20466 93922 15.112905979156494
1 325 0 19983 20466 93922 15.242639064788818
1 325 0 20175 20466 93922 16.695183515548706
0 324 1 10909 20466 93922 15.245913028717041
1 325 0 20080 20466 93922 16.63291049003601
1 325 0 20076 20466 93922 15.312930345535278
1 325 0 20466 20466 93922 16.236082315444946
1 325 0 20310 20466 93922 15.922492742538452
1 325 0 31523 31523 93922 14.910150051116943
1 325 0 31523 31523 93922 16.230860948562622
0 324 1 27037 31523 93922 15.157348155975342
1 325 0 31523 31523 93922 15.670291185379028
0 324 1 21491 31523 93922 15.15996241569519
0 324 1 29224 31523 93922 14.913448572158813
0 324 1 21041 31523 93922 16.633748531341553
1 325 0 31523 31523 93922 14.947619199752808
0 324 1 28608 31523 93922 15.493820905685425
0 324 1 24739 31523 93922 15.595042705535889
1 325 0 28700 28700 93922 15.574809074401855
1 325 0 27988 28700 93922 17.024072885513306
1 325 0 28433 28700 93922 15.128374814987183
0 323 2 23609 28700 93922 15.583288192749023
1 325 0 28606 28700 93922 15.440726041793823
1 325 0 28198 28700 93922 15.912946224212646
1 325 0 28700 28700 93922 15.102606296539307
1 325 0 28700 28700 93922 15.257975578308105
1 325 0 28700 28700 93922 16.433871030807495
1 325 0 28087 28700 93922 14.979239702224731
1 325 0 24207 24729 93922 15.34720492362976
1 325 0 24166 24729 93922 15.064265489578247
1 325 0 24523 24729 93922 16.535817623138428
1 325 0 23854 24729 93922 15.159976243972778
0 324 1 16399 24729 93922 15.34519362449646
1 325 0 23413 24729 93922 16.164811849594116
1 325 0 24350 24729 93922 15.845339059829712
1 325 0 21567 24729 93922 14.93216586112976
1 325 0 24729 24729 93922 15.367871284484863
1 325 0 21567 24729 93922 15.571241617202759
0 323 2 15465 22975 93922 14.850642442703247
1 325 0 22437 22975 93922 16.856119632720947
0 323 2 14930 22975 93922 15.455330848693848
0 324 1 13773 22975 93922 15.355677604675293
0 323 2 16923 22975 93922 14.711685180664062
1 325 0 22417 22975 93922 15.971226215362549
0 324 1 17923 22975 93922 15.7273690700531
0 324 1 15718 22975 93922 14.514099836349487
0 324 1 20484 22975 93922 16.87342381477356
1 325 0 22975 22975 93922 14.53636646270752
0 324 1 15817 20396 93922 15.948397874832153
1 325 0 20396 20396 93922 15.93741774559021
0 323 2 13349 20396 93922 14.589803695678711
0 324 1 13340 20396 93922 15.473584175109863
0 324 1 14426 20396 93922 16.63021945953369
1 325 0 19538 20396 93922 14.328770875930786
1 325 0 19901 20396 93922 15.470420360565186
0 324 1 15592 20396 93922 16.035829782485962
0 324 1 11502 20396 93922 15.830316066741943
0 324 1 14589 20396 93922 16.55328607559204
1 325 0 27971 28737 93922 14.790748119354248
1 325 0 26995 28737 93922 17.40886092185974
1 325 0 27879 28737 93922 14.641115427017212
1 325 0 26704 28737 93922 16.724388122558594
1 325 0 27891 28737 93922 14.49312448501587
1 325 0 28422 28737 93922 15.453999996185303
1 325 0 27697 28737 93922 15.925295352935791
1 325 0 28157 28737 93922 14.58896279335022
1 325 0 28050 28737 93922 15.993496179580688
1 325 0 27913 28737 93922 14.71349048614502
1 325 0 19184 19184 93922 17.445794105529785
0 324 1 13494 19184 93922 14.472647190093994
0 324 1 14814 19184 93922 15.474740266799927
1 325 0 16234 19184 93922 16.87923288345337
0 324 1 12470 19184 93922 14.615207433700562
0 323 2 12654 19184 93922 17.314591646194458
0 324 1 16845 19184 93922 14.60791277885437
0 324 1 14080 19184 93922 15.690242290496826
1 325 0 19042 19184 93922 16.168742656707764
0 324 1 14791 19184 93922 14.540943384170532
1 325 0 19853 20380 93922 16.443765878677368
1 325 0 19853 20380 93922 14.385091543197632
1 325 0 19853 20380 93922 16.366549491882324
0 324 1 14762 20380 93922 15.522160291671753
1 325 0 17418 20380 93922 14.768370628356934
1 325 0 19749 20380 93922 15.483834981918335
0 324 1 16367 20380 93922 16.10128378868103
1 325 0 19853 20380 93922 14.848517417907715
0 323 2 16638 20380 93922 15.449474811553955
0 323 2 12634 20380 93922 15.311570405960083
0 324 1 15915 25348 93922 15.708866596221924
0 324 1 17651 25348 93922 14.873993635177612
0 324 1 14115 25348 93922 16.681758642196655
0 324 1 17786 25348 93922 15.835933923721313
0 324 1 17684 25348 93922 15.730661153793335
0 324 1 16840 25348 93922 16.155398845672607
0 324 1 15796 25348 93922 15.777246475219727
0 324 1 18995 25348 93922 15.345001935958862
0 324 1 15753 25348 93922 14.776504039764404
0 324 1 17516 25348 93922 16.77819323539734
1 325 0 16731 16731 93922 14.57201862335205
1 325 0 16670 16731 93922 15.746982097625732
1 325 0 16418 16731 93922 15.572593688964844
0 324 1 8810 16731 93922 14.607551336288452
0 324 1 12123 16731 93922 15.51960563659668
0 324 1 14111 16731 93922 16.04186224937439
0 324 1 11615 16731 93922 14.688733577728271
1 325 0 16670 16731 93922 16.174604892730713
0 324 1 13763 16731 93922 16.78330111503601
0 324 1 16494 16731 93922 15.832588911056519
1 325 0 21987 26931 93922 16.370635271072388
1 325 0 26174 26931 93922 16.975435256958008
0 324 1 16685 26931 93922 15.83808422088623
1 325 0 23306 26931 93922 16.266743421554565
1 325 0 26807 26931 93922 16.62896728515625
1 325 0 20577 26931 93922 15.859986782073975
1 325 0 26807 26931 93922 15.554015398025513
1 325 0 21987 26931 93922 15.741181373596191
1 325 0 20577 26931 93922 15.292639017105103
0 324 1 22283 26931 93922 15.626957654953003
1 325 0 22203 22741 93922 16.30264973640442
0 324 1 11993 22741 93922 14.252587080001831
1 325 0 22741 22741 93922 15.223593950271606
0 324 1 18240 22741 93922 16.488123655319214
0 323 2 13204 22741 93922 14.445748329162598
0 323 2 13883 22741 93922 16.189756393432617
0 323 2 18644 22741 93922 14.360787153244019
0 324 1 13066 22741 93922 15.779924631118774
0 324 1 14143 22741 93922 14.979161739349365
1 325 0 22741 22741 93922 15.312027931213379
0 324 1 15644 26208 93922 15.900798320770264
1 325 0 18445 26208 93922 14.435742378234863
0 324 1 15078 26208 93922 15.964948654174805
0 324 1 12846 26208 93922 14.444268941879272
1 325 0 26208 26208 93922 15.71283745765686
1 325 0 18445 26208 93922 14.675703287124634
0 324 1 17761 26208 93922 15.600954294204712
0 323 2 15295 26208 93922 15.655462741851807
1 325 0 26196 26208 93922 14.389083623886108
1 325 0 26196 26208 93922 15.704968690872192
0 324 1 16904 25279 93922 14.36940336227417
0 324 1 16769 25279 93922 15.941641569137573
0 323 2 12354 25279 93922 15.844959497451782
0 324 1 18445 25279 93922 16.587671279907227
0 323 2 15561 25279 93922 16.28659701347351
1 325 0 25016 25279 93922 14.528890609741211
0 324 1 13885 25279 93922 16.935316562652588
0 323 2 22119 25279 93922 15.65638279914856
1 325 0 25279 25279 93922 14.475661516189575
0 324 1 12052 25279 93922 15.999009132385254
1 325 0 19215 20455 93922 15.478201627731323
1 325 0 20006 20455 93922 14.294439792633057
1 325 0 19943 20455 93922 14.337778329849243
1 325 0 19486 20455 93922 15.592670679092407
1 325 0 19492 20455 93922 15.588550806045532
1 325 0 17342 20455 93922 14.238973617553711
1 325 0 19406 20455 93922 16.8737633228302
1 325 0 19717 20455 93922 15.524338960647583
1 325 0 19731 20455 93922 14.561128377914429
1 325 0 19781 20455 93922 15.463775396347046
0 324 1 15911 20186 93922 15.941941976547241
1 325 0 15112 20186 93922 15.406303644180298
0 324 1 11457 20186 93922 14.57737684249878
0 323 2 11998 20186 93922 15.310997009277344
0 324 1 14804 20186 93922 15.51862621307373
0 323 2 14938 20186 93922 15.464049577713013
1 325 0 15112 20186 93922 14.505766868591309
0 324 1 13049 20186 93922 15.505477905273438
0 323 2 16647 20186 93922 16.65834069252014
0 324 1 15489 20186 93922 14.34688949584961
0 324 1 20990 27711 93922 16.60019016265869
0 323 2 15080 27711 93922 15.415032625198364
1 325 0 20366 27711 93922 15.53242540359497
1 325 0 27436 27711 93922 14.602023601531982
1 325 0 27711 27711 93922 15.599949836730957
0 324 1 19492 27711 93922 16.370757579803467
0 324 1 17919 27711 93922 15.235082149505615
0 324 1 15306 27711 93922 15.908311605453491
1 325 0 27711 27711 93922 15.21390676498413
0 324 1 19284 27711 93922 16.674129962921143
0 324 1 22555 27933 93922 15.11867356300354
0 324 1 24683 27933 93922 16.600325107574463
0 323 2 20195 27933 93922 14.468013525009155
1 325 0 27708 27933 93922 16.438762187957764
0 323 2 13925 27933 93922 15.432572364807129
0 323 2 15154 27933 93922 15.423949956893921
1 325 0 27933 27933 93922 14.136786460876465
0 324 1 21098 27933 93922 16.049976110458374
0 322 3 14935 27933 93922 15.26192307472229
0 323 2 15947 27933 93922 17.24194884300232
0 324 1 18630 27370 93922 14.628422737121582
0 323 2 16507 27370 93922 15.68052887916565
0 324 1 18217 27370 93922 15.459509134292603
0 323 2 17964 27370 93922 15.530175924301147
0 324 1 13586 27370 93922 16.73041296005249
0 323 2 16280 27370 93922 15.407972574234009
0 323 2 17589 27370 93922 16.75746488571167
0 324 1 20464 27370 93922 14.297793865203857
0 323 2 17850 27370 93922 17.212502479553223
0 324 1 18968 27370 93922 15.185575723648071
1 325 0 25801 25801 93922 16.756826877593994
0 322 3 12242 25801 93922 14.267685413360596
0 323 2 15778 25801 93922 15.544993877410889
1 325 0 25801 25801 93922 15.57628583908081
1 325 0 25801 25801 93922 15.349387645721436
0 323 2 17120 25801 93922 15.48464322090149
0 322 3 12858 25801 93922 15.878682136535645
0 323 2 17623 25801 93922 15.35796308517456
0 322 3 13585 25801 93922 17.75945019721985
0 321 4 15777 25801 93922 14.343671560287476
1 325 0 25506 25506 93922 16.424487590789795
0 323 2 22789 25506 93922 15.55439567565918
0 324 1 19940 25506 93922 15.903531789779663
1 325 0 25506 25506 93922 15.402770280838013
0 324 1 18302 25506 93922 16.43816637992859
0 323 2 16811 25506 93922 15.54450273513794
0 324 1 19939 25506 93922 16.200162172317505
0 324 1 20128 25506 93922 14.994462728500366
0 324 1 17438 25506 93922 17.699860334396362
0 324 1 17585 25506 93922 15.341919898986816
1 325 0 24453 24453 93922 15.942606449127197
0 324 1 15489 24453 93922 14.962963581085205
0 323 2 15048 24453 93922 16.757651329040527
0 324 1 10557 24453 93922 16.173405647277832
0 324 1 19299 24453 93922 16.54444646835327
0 324 1 21989 24453 93922 15.868704557418823
0 323 2 9208 24453 93922 15.352922201156616
0 323 2 13482 24453 93922 16.402690172195435
1 325 0 24453 24453 93922 15.978224277496338
1 325 0 24453 24453 93922 17.084441423416138
0 324 1 16145 24296 93922 15.318211317062378
0 324 1 15068 24296 93922 16.99937391281128
0 324 1 15067 24296 93922 15.528929948806763
0 323 2 13471 24296 93922 17.371796369552612
0 323 2 13722 24296 93922 15.297621965408325
0 323 2 14660 24296 93922 16.927414655685425
0 324 1 14664 24296 93922 15.99514389038086
0 323 2 17087 24296 93922 15.783551216125488
0 323 2 15488 24296 93922 16.062374591827393
0 323 2 14620 24296 93922 15.71980881690979
0 322 3 13141 25576 93922 16.34823489189148
0 324 1 15499 25576 93922 15.252127170562744
0 324 1 19524 25576 93922 16.548889636993408
0 324 1 22216 25576 93922 15.951385498046875
0 324 1 15161 25576 93922 15.978976011276245
0 324 1 21991 25576 93922 17.42151975631714
0 324 1 15721 25576 93922 16.174598455429077
0 324 1 24342 25576 93922 17.652103424072266
0 324 1 16731 25576 93922 15.2746741771698
0 324 1 16394 25576 93922 17.411168098449707
1 325 0 24452 24792 93922 15.218618869781494
0 324 1 17639 24792 93922 16.856703758239746
0 322 3 17236 24792 93922 15.03301739692688
1 325 0 24427 24792 93922 17.562297582626343
0 324 1 18844 24792 93922 15.28652572631836
1 325 0 24792 24792 93922 16.721210718154907
1 325 0 24206 24792 93922 17.06874680519104
0 324 1 20249 24792 93922 15.497633695602417
0 324 1 16660 24792 93922 17.13223671913147
1 325 0 24646 24792 93922 15.035127401351929
0 324 1 22872 24777 93922 16.931279182434082
0 323 2 18386 24777 93922 17.3307204246521
0 324 1 18378 24777 93922 15.259268283843994
0 324 1 19897 24777 93922 17.78781008720398
0 323 2 18281 24777 93922 15.373265743255615
0 324 1 16902 24777 93922 17.692245960235596
1 325 0 22133 24777 93922 15.245428085327148
1 325 0 22133 24777 93922 18.033422470092773
1 325 0 22133 24777 93922 16.27970314025879
0 324 1 20954 24777 93922 16.694499015808105
0 323 2 16504 23558 93922 15.309018850326538
0 324 1 19184 23558 93922 17.134299993515015
0 324 1 12465 23558 93922 15.737871646881104
1 325 0 23558 23558 93922 17.979796171188354
0 324 1 21374 23558 93922 15.624984502792358
0 324 1 20032 23558 93922 16.529853105545044
0 324 1 11624 23558 93922 16.461604356765747
0 324 1 20532 23558 93922 15.542035102844238
0 324 1 19356 23558 93922 16.49740958213806
0 324 1 18515 23558 93922 17.6935396194458
0 324 1 15643 24209 93922 15.417417526245117
1 325 0 24209 24209 93922 17.340198516845703
1 325 0 24209 24209 93922 15.259878396987915
0 324 1 15220 24209 93922 17.909051179885864
0 324 1 15947 24209 93922 16.110668897628784
0 324 1 15576 24209 93922 16.542256593704224
1 325 0 23990 24209 93922 15.208735704421997
0 324 1 17722 24209 93922 16.869542121887207
0 324 1 17694 24209 93922 16.2780601978302
0 323 2 16126 24209 93922 15.69765830039978
0 323 2 15157 25239 93922 16.5278377532959
0 324 1 16499 25239 93922 16.253098011016846
0 324 1 16165 25239 93922 15.873463153839111
0 324 1 16834 25239 93922 16.380244970321655
0 324 1 15151 25239 93922 16.17488670349121
0 324 1 18177 25239 93922 15.372887372970581
0 324 1 15829 25239 93922 15.29793930053711
0 324 1 14815 25239 93922 16.040772914886475
0 323 2 20873 25239 93922 15.639232397079468
0 324 1 17508 25239 93922 16.869961977005005
1 325 0 19379 20031 93922 15.579984188079834
1 325 0 19682 20031 93922 16.14114022254944
1 325 0 16242 20031 93922 15.26401948928833
0 324 1 15459 20031 93922 15.766991376876831
1 325 0 19379 20031 93922 15.549082517623901
0 324 1 12269 20031 93922 15.777102947235107
0 324 1 16869 20031 93922 16.214909076690674
1 325 0 14838 20031 93922 15.42996621131897
1 325 0 19413 20031 93922 16.373287677764893
1 325 0 19932 20031 93922 15.39097285270691
0 323 2 17003 23576 93922 17.30700993537903
1 325 0 23576 23576 93922 15.557088613510132
1 325 0 17391 23576 93922 16.07089638710022
0 324 1 12519 23576 93922 15.412702560424805
0 324 1 14945 23576 93922 15.635060787200928
0 324 1 13777 23576 93922 16.28897738456726
1 325 0 23576 23576 93922 15.492989778518677
0 324 1 16196 23576 93922 15.804699182510376
1 325 0 17391 23576 93922 15.716365575790405
0 323 2 16214 23576 93922 15.323759317398071
0 324 1 13051 22467 93922 15.91454029083252
1 325 0 22325 22467 93922 15.395161628723145
0 324 1 20873 22467 93922 17.84067463874817
0 324 1 11425 22467 93922 15.18962025642395
0 324 1 12572 22467 93922 15.638479948043823
1 325 0 21547 22467 93922 15.489818572998047
0 324 1 20246 22467 93922 15.62763500213623
0 324 1 13482 22467 93922 16.001696348190308
0 324 1 11397 22467 93922 14.467443466186523
0 323 2 15861 22467 93922 15.70043134689331
0 323 2 21212 27932 93922 15.166554927825928
0 324 1 16049 27932 93922 16.1350736618042
0 323 2 17514 27932 93922 15.481501340866089
0 323 2 12468 27932 93922 15.472923517227173
0 323 2 12807 27932 93922 16.949172496795654
0 322 3 20538 27932 93922 14.328579187393188
0 324 1 19751 27932 93922 17.37754535675049
0 324 1 18069 27932 93922 14.592517375946045
0 323 2 15494 27932 93922 15.664555311203003
1 325 0 27932 27932 93922 15.778250694274902
1 325 0 24488 24488 93922 15.889774560928345
1 325 0 23283 24488 93922 16.097097635269165
0 324 1 20655 24488 93922 15.29526686668396
1 325 0 23175 24488 93922 16.751637935638428
1 325 0 23719 24488 93922 15.235164403915405
0 324 1 19270 24488 93922 16.07436728477478
0 324 1 16193 24488 93922 14.497425317764282
1 325 0 23522 24488 93922 16.782387256622314
0 324 1 17862 24488 93922 15.495782136917114
1 325 0 23183 24488 93922 15.659506797790527
0 324 1 18302 26586 93922 15.42059063911438
0 324 1 16951 26586 93922 15.136233568191528
0 324 1 19306 26586 93922 15.263792514801025
0 324 1 19300 26586 93922 15.53763198852539
0 324 1 22550 26586 93922 15.334255933761597
0 322 3 21995 26586 93922 16.406172513961792
0 323 2 18640 26586 93922 14.225006103515625
0 324 1 16619 26586 93922 16.8280131816864
0 324 1 20201 26586 93922 15.324953079223633
0 323 2 18856 26586 93922 15.347915649414062
0 324 1 13167 22234 93922 16.607340574264526
0 324 1 14676 22234 93922 14.24168586730957
0 324 1 13330 22234 93922 15.95244812965393
0 324 1 11669 22234 93922 15.53916049003601
0 324 1 12212 22234 93922 15.696191549301147
0 324 1 11713 22234 93922 15.495237112045288
0 324 1 15133 22234 93922 15.672807693481445
1 325 0 22234 22234 93922 15.431536436080933
0 324 1 12213 22234 93922 15.544997453689575
0 324 1 12406 22234 93922 15.891649723052979
1 325 0 25119 25119 93922 14.439148187637329
1 325 0 25119 25119 93922 15.29860782623291
0 324 1 21370 25119 93922 16.601669311523438
1 325 0 24074 25119 93922 15.277858018875122
1 325 0 24383 25119 93922 18.247648239135742
0 324 1 21907 25119 93922 16.35569977760315
1 325 0 25119 25119 93922 15.967581748962402
1 325 0 25119 25119 93922 15.620028734207153
0 321 4 17272 25119 93922 16.55819869041443
0 324 1 19827 25119 93922 15.416275978088379
0 324 1 15340 21131 93922 16.422884464263916
0 324 1 17401 21131 93922 16.36250329017639
0 324 1 14715 21131 93922 15.717164039611816
0 324 1 13568 21131 93922 16.667484521865845
1 325 0 19959 21131 93922 15.428610801696777
0 324 1 13136 21131 93922 16.18627953529358
1 325 0 19959 21131 93922 15.266975164413452
0 324 1 8682 21131 93922 16.745626211166382
1 325 0 19721 21131 93922 14.520268440246582
0 324 1 11257 21131 93922 15.388512372970581
0 324 1 10563 25800 93922 15.791500806808472
0 324 1 10223 25800 93922 15.812170028686523
0 324 1 11909 25800 93922 15.349374771118164
0 324 1 13588 25800 93922 16.864866018295288
0 324 1 12915 25800 93922 16.299987077713013
0 324 1 15158 25800 93922 15.602437496185303
0 324 1 11571 25800 93922 16.034982442855835
0 324 1 14145 25800 93922 15.215973854064941
0 324 1 13923 25800 93922 15.053946018218994
0 324 1 14709 25800 93922 16.62179660797119
1 325 0 21929 22534 93922 14.857326984405518
0 324 1 18467 22534 93922 17.00107192993164
1 325 0 22228 22534 93922 15.15946888923645
0 324 1 21541 22534 93922 17.18815040588379
1 325 0 22534 22534 93922 23.396251916885376
1 325 0 22534 22534 93922 19.987095832824707
0 324 1 15367 22534 93922 18.00752830505371
0 324 1 13529 22534 93922 21.130841732025146
1 325 0 22534 22534 93922 21.06818914413452
0 324 1 10905 22534 93922 19.956021547317505
0 324 1 19196 22436 93922 18.723259687423706
0 322 3 14376 22436 93922 17.974022388458252
0 322 3 13815 22436 93922 18.216512203216553
1 325 0 22436 22436 93922 17.700448989868164
0 323 2 15385 22436 93922 17.0904324054718
0 324 1 18070 22436 93922 18.310747861862183
1 325 0 22436 22436 93922 18.374860525131226
0 324 1 20082 22436 93922 17.956052541732788
0 324 1 18861 22436 93922 16.666003465652466
0 324 1 20765 22436 93922 17.730520486831665
0 324 1 23972 28282 93922 18.665623426437378
0 324 1 22484 28282 93922 17.428258895874023
0 323 2 19086 28282 93922 18.34545111656189
0 324 1 22651 28282 93922 17.63422203063965
0 324 1 22320 28282 93922 17.38844919204712
1 325 0 28234 28282 93922 17.535820484161377
0 324 1 24882 28282 93922 17.87578535079956
1 325 0 28282 28282 93922 18.26172375679016
1 325 0 28092 28282 93922 17.692261695861816
1 325 0 16504 28282 93922 17.43390393257141
0 323 2 19183 29228 93922 19.832026720046997
1 325 0 29228 29228 93922 18.44474720954895
0 323 2 14822 29228 93922 18.487324476242065
0 324 1 20432 29228 93922 17.850178480148315
0 324 1 23621 29228 93922 17.8431134223938
0 324 1 22637 29228 93922 18.31295895576477
0 324 1 27598 29228 93922 17.23758864402771
0 324 1 19199 29228 93922 19.644596576690674
0 324 1 22474 29228 93922 18.003153324127197
0 324 1 19859 29228 93922 18.16131281852722
0 324 1 17510 26883 93922 17.94858455657959
0 324 1 17628 26883 93922 18.650394916534424
0 323 2 18074 26883 93922 17.76836133003235
0 323 2 21325 26883 93922 18.546576738357544
0 324 1 23861 26883 93922 18.06607699394226
0 324 1 18781 26883 93922 18.59021282196045
1 325 0 26883 26883 93922 18.15683603286743
0 324 1 16793 26883 93922 18.80163550376892
0 324 1 17847 26883 93922 17.664769411087036
0 323 2 17288 26883 93922 17.922643184661865
0 324 1 19271 24256 93922 18.372767686843872
0 324 1 16627 24256 93922 18.559884548187256
1 325 0 23506 24256 93922 18.886789560317993
1 325 0 23547 24256 93922 18.036197185516357
1 325 0 24038 24256 93922 17.372719049453735
0 324 1 20633 24256 93922 18.311128854751587
1 325 0 22995 24256 93922 17.74971580505371
1 325 0 23118 24256 93922 17.80534601211548
0 323 2 13420 24256 93922 18.874263048171997
1 325 0 24256 24256 93922 18.20305347442627
0 322 3 15092 23820 93922 20.269710540771484
0 324 1 18027 23820 93922 18.593572854995728
1 325 0 16937 23820 93922 19.847352504730225
0 323 2 12754 23820 93922 18.919231414794922
1 325 0 16937 23820 93922 18.16052508354187
0 324 1 16547 23820 93922 19.000741958618164
0 322 3 16535 23820 93922 17.408681631088257
0 323 2 19786 23820 93922 18.0439293384552
1 325 0 16937 23820 93922 16.889314889907837
0 323 2 17074 23820 93922 18.72870111465454
1 325 0 25574 25574 93922 18.34239625930786
0 323 2 19189 25574 93922 19.13345766067505
1 325 0 25574 25574 93922 17.74764060974121
0 324 1 22817 25574 93922 18.620962381362915
1 325 0 25574 25574 93922 18.079275608062744
1 325 0 25574 25574 93922 18.540560245513916
0 324 1 17779 25574 93922 19.102776288986206
0 324 1 17443 25574 93922 18.051482677459717
0 324 1 18451 25574 93922 18.733550786972046
1 325 0 25574 25574 93922 18.519083738327026
1 325 0 23868 24654 93922 18.7687566280365
1 325 0 24095 24654 93922 17.539686679840088
1 325 0 24654 24654 93922 18.61127781867981
1 325 0 23870 24654 93922 17.344804286956787
1 325 0 23339 24654 93922 17.816370964050293
1 325 0 24654 24654 93922 17.752840757369995
0 324 1 23379 24654 93922 15.718360424041748
1 325 0 21972 24654 93922 16.799904108047485
1 325 0 24382 24654 93922 16.74436902999878
1 325 0 24461 24654 93922 15.684032440185547
0 324 1 15169 19979 93922 16.89353346824646
0 324 1 14485 19979 93922 15.644402742385864
0 324 1 14040 19979 93922 16.79538321495056
0 324 1 13041 19979 93922 15.608793258666992
0 324 1 14741 19979 93922 16.93353796005249
0 324 1 13895 19979 93922 16.70883274078369
0 324 1 15375 19979 93922 16.52164912223816
0 324 1 13750 19979 93922 16.7921781539917
0 324 1 12594 19979 93922 15.503856897354126
0 324 1 13673 19979 93922 15.539477348327637
1 325 0 20868 21340 93922 15.727531671524048
1 325 0 19618 21340 93922 15.571545839309692
1 325 0 19877 21340 93922 15.456118822097778
0 324 1 13017 21340 93922 16.664788246154785
0 324 1 11287 21340 93922 16.17435598373413
1 325 0 21168 21340 93922 16.144564628601074
1 325 0 21340 21340 93922 14.891554832458496
1 325 0 19618 21340 93922 16.297451496124268
1 325 0 19678 21340 93922 15.919140577316284
1 325 0 19799 21340 93922 17.371418952941895
1 325 0 25075 25075 93922 15.12515926361084
0 324 1 18190 25075 93922 16.717556476593018
1 325 0 24369 25075 93922 16.11554455757141
1 325 0 20025 25075 93922 15.741173505783081
1 325 0 20025 25075 93922 17.115081787109375
1 325 0 21151 25075 93922 16.43931293487549
1 325 0 24894 25075 93922 17.353715419769287
1 325 0 21175 25075 93922 14.88401484489441
1 325 0 23244 25075 93922 16.416305541992188
0 324 1 14540 25075 93922 15.36013150215149
0 324 1 18176 22213 93922 18.201019287109375
1 325 0 22213 22213 93922 16.303995609283447
0 323 2 13137 22213 93922 16.687567710876465
0 323 2 12349 22213 93922 19.434913396835327
1 325 0 22213 22213 93922 16.80721402168274
1 325 0 22213 22213 93922 16.754653692245483
0 323 2 15147 22213 93922 15.641712665557861
0 323 2 12015 22213 93922 16.593763828277588
1 325 0 21651 22213 93922 16.560325860977173
0 323 2 14144 22213 93922 16.603577375411987
1 325 0 25743 26054 93922 15.653182983398438
0 324 1 18950 26054 93922 16.2543888092041
1 325 0 25253 26054 93922 16.554275274276733
0 324 1 16910 26054 93922 16.520416259765625
0 324 1 20253 26054 93922 15.986596822738647
1 325 0 25182 26054 93922 15.158169507980347
1 325 0 24797 26054 93922 16.43818497657776
1 325 0 25533 26054 93922 16.537041902542114
1 325 0 24580 26054 93922 15.344332933425903
1 325 0 25346 26054 93922 16.864596128463745
0 323 2 12664 18635 93922 16.586976289749146
0 324 1 10481 18635 93922 15.625572919845581
1 325 0 18635 18635 93922 16.63088607788086
0 324 1 10075 18635 93922 16.893995761871338
0 324 1 10077 18635 93922 16.378742456436157
0 323 2 12645 18635 93922 16.810261964797974
1 325 0 18245 18635 93922 16.104048013687134
0 324 1 9587 18635 93922 16.73516035079956
1 325 0 17117 18635 93922 16.85037136077881
0 323 2 16442 18635 93922 15.16320252418518
0 324 1 17437 20922 93922 16.78462052345276
0 324 1 16520 20922 93922 16.437246561050415
1 325 0 19515 20922 93922 16.26990270614624
0 323 2 15112 20922 93922 16.137678861618042
0 324 1 16185 20922 93922 15.420081377029419
0 324 1 17437 20922 93922 16.57979130744934
0 324 1 14471 20922 93922 16.590480089187622
0 324 1 14870 20922 93922 16.805169582366943
0 324 1 16520 20922 93922 15.8458993434906
0 324 1 17224 20922 93922 16.03769850730896
0 324 1 23464 27023 93922 16.329991579055786
0 323 2 15721 27023 93922 16.152695655822754
1 325 0 26870 27023 93922 16.651697635650635
1 325 0 26555 27023 93922 15.572311162948608
0 324 1 24674 27023 93922 15.50637698173523
0 324 1 16760 27023 93922 15.522241592407227
1 325 0 26709 27023 93922 15.45533299446106
1 325 0 26746 27023 93922 15.360987186431885
1 325 0 26746 27023 93922 15.487545251846313
0 323 2 13122 27023 93922 15.64775037765503
1 325 0 23695 23695 93922 15.399863243103027
0 324 1 14394 23695 93922 15.286242485046387
0 324 1 17475 23695 93922 15.151816368103027
0 324 1 16314 23695 93922 15.379127740859985
1 325 0 19414 23695 93922 14.313095092773438
0 324 1 17144 23695 93922 15.439970254898071
0 324 1 16121 23695 93922 17.84992790222168
0 324 1 19022 23695 93922 17.233365774154663
0 324 1 16450 23695 93922 14.867500066757202
0 324 1 17995 23695 93922 15.823331594467163
1 325 0 15866 18100 93922 15.828498125076294
0 324 1 11596 18100 93922 15.415055513381958
1 325 0 15704 18100 93922 15.490843534469604
1 325 0 14421 18100 93922 15.377299308776855
1 325 0 15866 18100 93922 15.530051231384277
0 324 1 14358 18100 93922 15.314178943634033
0 324 1 10879 18100 93922 14.461771965026855
1 325 0 15485 18100 93922 15.647727251052856
0 323 2 13384 18100 93922 15.312419414520264
1 325 0 13796 18100 93922 15.488927364349365
1 325 0 17577 18370 93922 15.256573915481567
1 325 0 17502 18370 93922 14.363969326019287
1 325 0 18086 18370 93922 15.444617986679077
1 325 0 15982 18370 93922 15.867350578308105
1 325 0 18234 18370 93922 15.523575782775879
1 325 0 17875 18370 93922 14.275680541992188
1 325 0 17456 18370 93922 15.358657836914062
1 325 0 17432 18370 93922 15.288203716278076
1 325 0 18019 18370 93922 15.397521495819092
1 325 0 17836 18370 93922 14.27452278137207
0 324 1 10720 18796 93922 15.530774593353271
0 324 1 11389 18796 93922 15.20155143737793
1 325 0 18796 18796 93922 15.331490755081177
0 324 1 12057 18796 93922 16.57506561279297
0 323 2 12168 18796 93922 15.072441101074219
0 324 1 9047 18796 93922 15.05021858215332
0 324 1 14239 18796 93922 16.96711564064026
1 325 0 18651 18796 93922 15.75272274017334
1 325 0 18732 18796 93922 16.595876455307007
1 325 0 18541 18796 93922 15.60685420036316
0 324 1 20121 25980 93922 16.804449558258057
0 324 1 16872 25980 93922 15.263744354248047
0 324 1 15788 25980 93922 16.235771417617798
0 324 1 17394 25980 93922 15.609505891799927
1 325 0 24657 25980 93922 15.836756944656372
0 324 1 17374 25980 93922 15.199361085891724
0 324 1 15151 25980 93922 16.61461043357849
0 324 1 17956 25980 93922 17.323479652404785
0 324 1 16326 25980 93922 16.5881564617157
1 325 0 25980 25980 93922 16.074557304382324
0 324 1 17736 21436 93922 14.584766626358032
0 324 1 14164 21436 93922 16.564436197280884
0 324 1 10557 21436 93922 15.335299253463745
0 324 1 15538 21436 93922 15.896760940551758
1 325 0 20693 21436 93922 16.284198760986328
1 325 0 16183 21436 93922 15.973905086517334
0 324 1 12509 21436 93922 14.682808637619019
0 324 1 17958 21436 93922 15.770620584487915
1 325 0 21169 21436 93922 15.405560493469238
0 324 1 13367 21436 93922 14.874580144882202
1 325 0 23177 26749 93922 16.747143507003784
1 325 0 24370 26749 93922 14.878030776977539
1 325 0 26044 26749 93922 15.799852132797241
1 325 0 25977 26749 93922 14.891177415847778
1 325 0 26341 26749 93922 15.62962794303894
1 325 0 26099 26749 93922 15.145314693450928
1 325 0 26116 26749 93922 15.630534172058105
1 325 0 26240 26749 93922 15.276962757110596
1 325 0 24539 26749 93922 17.89892554283142
1 325 0 22413 26749 93922 16.172296285629272
0 324 1 18479 25743 93922 16.960489988327026
0 324 1 17612 25743 93922 15.051915407180786
0 324 1 18693 25743 93922 15.803816080093384
1 325 0 25743 25743 93922 15.10865330696106
1 325 0 25743 25743 93922 16.957907915115356
1 325 0 25743 25743 93922 14.996864795684814
0 324 1 22557 25743 93922 16.0452983379364
0 324 1 16698 25743 93922 15.328053712844849
1 325 0 25743 25743 93922 15.736269474029541
0 324 1 18348 25743 93922 14.65434980392456
1 325 0 21714 21714 93922 17.544021129608154
0 324 1 14954 21714 93922 15.875849962234497
1 325 0 21517 21714 93922 14.025383949279785
1 325 0 21714 21714 93922 16.295318365097046
1 325 0 21714 21714 93922 15.722068309783936
0 324 1 15668 21714 93922 14.58937382698059
0 324 1 19522 21714 93922 15.636370420455933
0 324 1 14492 21714 93922 15.337040901184082
1 325 0 21714 21714 93922 15.368471384048462
0 324 1 15942 21714 93922 16.316993713378906
0 324 1 16937 23053 93922 14.427276372909546
0 323 2 14294 23053 93922 16.252572059631348
0 323 2 14819 23053 93922 15.291403770446777
0 324 1 20663 23053 93922 16.962971210479736
0 323 2 10035 23053 93922 14.669070720672607
0 323 2 15196 23053 93922 15.368971109390259
1 325 0 22529 23053 93922 15.649405479431152
1 325 0 23053 23053 93922 14.428033351898193
0 324 1 11929 23053 93922 16.448287963867188
0 324 1 14917 23053 93922 15.361212491989136
1 325 0 22654 23544 93922 16.128208875656128
1 325 0 21828 23544 93922 14.137043237686157
1 325 0 21974 23544 93922 16.550742864608765
0 324 1 15513 23544 93922 15.207644701004028
0 324 1 21410 23544 93922 14.196630716323853
0 324 1 18880 23544 93922 15.743154525756836
1 325 0 22654 23544 93922 15.816222667694092
0 324 1 15546 23544 93922 15.405243396759033
1 325 0 21974 23544 93922 15.423473119735718
1 325 0 22654 23544 93922 15.553250312805176
0 323 2 14667 21536 93922 15.753060340881348
0 324 1 9817 21536 93922 15.254359006881714
0 324 1 8659 21536 93922 16.019641637802124
0 324 1 9407 21536 93922 14.307060241699219
0 324 1 9481 21536 93922 16.373287200927734
0 323 2 13737 21536 93922 15.623147964477539
1 325 0 21536 21536 93922 14.616373777389526
0 323 2 12352 21536 93922 16.403890132904053
1 325 0 21536 21536 93922 15.36666226387024
1 325 0 20042 21536 93922 16.932676553726196
0 324 1 13298 22393 93922 14.157415390014648
1 325 0 21626 22393 93922 15.585387229919434
1 325 0 21538 22393 93922 15.327879428863525
0 324 1 18658 22393 93922 14.145360946655273
1 325 0 22393 22393 93922 15.579857587814331
0 324 1 17750 22393 93922 15.433190822601318
0 324 1 15223 22393 93922 15.468083381652832
0 324 1 15170 22393 93922 15.002859830856323
1 325 0 20636 22393 93922 15.039048671722412
1 325 0 20636 22393 93922 16.46669340133667
0 323 2 12131 23566 93922 15.106760740280151
0 324 1 14522 23566 93922 16.78069233894348
0 324 1 12769 23566 93922 14.223690032958984
0 324 1 12855 23566 93922 15.773037195205688
0 324 1 12855 23566 93922 15.481427192687988
0 324 1 13168 23566 93922 14.644121646881104
0 324 1 15760 23566 93922 15.839203119277954
0 324 1 17067 23566 93922 15.202539443969727
0 324 1 17559 23566 93922 15.935317754745483
0 324 1 15369 23566 93922 16.308552980422974
1 325 0 26957 26957 93922 15.166294574737549
1 325 0 26957 26957 93922 16.07426357269287
0 324 1 25663 26957 93922 15.374614000320435
0 323 2 10420 26957 93922 15.986969470977783
0 323 2 16448 26957 93922 15.223793268203735
1 325 0 26957 26957 93922 14.652440547943115
0 323 2 16523 26957 93922 16.613956928253174
0 323 2 17642 26957 93922 15.229339838027954
1 325 0 26957 26957 93922 15.935312032699585
1 325 0 26957 26957 93922 14.192373991012573
1 325 0 20864 21480 93922 16.23213219642639
1 325 0 18874 21480 93922 15.426859855651855
0 324 1 13586 21480 93922 15.55295205116272
1 325 0 20537 21480 93922 15.149540901184082
0 324 1 15476 21480 93922 15.437415599822998
0 324 1 13042 21480 93922 14.852436780929565
1 325 0 21156 21480 93922 15.26973843574524
0 324 1 15908 21480 93922 15.240474462509155
0 324 1 15311 21480 93922 14.225631475448608
1 325 0 21258 21480 93922 17.26154088973999
0 324 1 13751 27949 93922 14.33422064781189
0 324 1 16007 27949 93922 15.435650110244751
1 325 0 27949 27949 93922 15.347297191619873
0 324 1 18458 27949 93922 15.757875919342041
0 324 1 17718 27949 93922 15.124024391174316
0 324 1 18646 27949 93922 15.724125862121582
0 324 1 16376 27949 93922 14.939576625823975
0 324 1 16373 27949 93922 16.973905324935913
0 324 1 15518 27949 93922 14.192138671875
0 324 1 16107 27949 93922 15.883556365966797
1 325 0 25814 26644 93922 15.264478206634521
1 325 0 24578 26644 93922 15.657804250717163
1 325 0 24064 26644 93922 15.419819593429565
1 325 0 26147 26644 93922 15.232319831848145
1 325 0 26298 26644 93922 16.8405499458313
1 325 0 25969 26644 93922 14.642022132873535
1 325 0 25796 26644 93922 16.149381637573242
1 325 0 25673 26644 93922 14.703490257263184
1 325 0 24721 26644 93922 17.41319179534912
1 325 0 26422 26644 93922 14.384318590164185
1 325 0 22460 22468 93922 15.445791006088257
1 325 0 18926 22468 93922 15.017497062683105
0 324 1 17929 22468 93922 16.530186653137207
0 324 1 18754 22468 93922 14.210604429244995
0 324 1 16500 22468 93922 16.204256296157837
1 325 0 20085 22468 93922 15.536986112594604
1 325 0 19239 22468 93922 15.584317445755005
0 324 1 17153 22468 93922 14.215355634689331
0 324 1 18862 22468 93922 15.803743362426758
1 325 0 22460 22468 93922 15.389117956161499
1 325 0 19585 19881 93922 15.620777130126953
1 325 0 19279 19881 93922 14.88309621810913
1 325 0 19527 19881 93922 15.342212677001953
1 325 0 19696 19881 93922 16.436833143234253
0 324 1 13307 19881 93922 14.323866128921509
0 324 1 13186 19881 93922 15.98600172996521
0 324 1 11653 19881 93922 14.492518901824951
1 325 0 19550 19881 93922 15.816899061203003
1 325 0 19659 19881 93922 16.06643033027649
0 324 1 13781 19881 93922 14.641372919082642
0 323 2 10045 23468 93922 14.77707815170288
0 324 1 17189 23468 93922 16.69140911102295
0 323 2 11953 23468 93922 14.547351360321045
0 324 1 18482 23468 93922 16.002723217010498
0 324 1 18286 23468 93922 14.55769968032837
0 324 1 13937 23468 93922 15.9595468044281
1 325 0 23361 23468 93922 15.660609483718872
0 323 2 11955 23468 93922 14.622208833694458
0 323 2 16287 23468 93922 15.975925207138062
0 323 2 11276 23468 93922 15.260998725891113
0 324 1 10337 18847 93922 16.867604732513428
0 324 1 11908 18847 93922 15.014763355255127
0 324 1 11676 18847 93922 18.835630655288696
0 324 1 13477 18847 93922 18.76028299331665
0 324 1 13363 18847 93922 15.545667171478271
0 324 1 15153 18847 93922 15.422329425811768
0 324 1 14818 18847 93922 15.819917917251587
0 324 1 12352 18847 93922 15.543004274368286
0 324 1 13470 18847 93922 14.171245098114014
1 325 0 18847 18847 93922 15.27928113937378
0 324 1 21876 25239 93922 15.440631866455078
0 324 1 16165 25239 93922 14.455091953277588
0 324 1 23563 25239 93922 15.28930139541626
0 324 1 16842 25239 93922 15.51513409614563
0 323 2 14823 25239 93922 14.612316608428955
0 324 1 22887 25239 93922 15.576220273971558
0 324 1 17844 25239 93922 14.484087944030762
0 324 1 16841 25239 93922 15.868332147598267
0 323 2 13807 25239 93922 15.246748447418213
1 325 0 25239 25239 93922 15.237160921096802
1 325 0 26386 26636 93922 15.293127536773682
0 324 1 19887 26636 93922 17.091658115386963
0 323 2 17677 26636 93922 14.328349113464355
1 325 0 18349 26636 93922 14.72205638885498
0 323 2 16967 26636 93922 15.484893798828125
0 324 1 19196 26636 93922 14.91620135307312
1 325 0 18349 26636 93922 15.23380184173584
0 323 2 19684 26636 93922 15.908653736114502
1 325 0 18349 26636 93922 14.440590143203735
0 324 1 14748 26636 93922 15.743807315826416
1 325 0 19917 21982 93922 14.688358068466187
1 325 0 20006 21982 93922 15.623668909072876
1 325 0 21547 21982 93922 15.07637095451355
1 325 0 19992 21982 93922 14.510810136795044
0 324 1 16540 21982 93922 16.61746335029602
1 325 0 21249 21982 93922 14.487653255462646
1 325 0 21657 21982 93922 15.723356008529663
1 325 0 21426 21982 93922 14.505656480789185
1 325 0 20327 21982 93922 16.268162965774536
1 325 0 17853 21982 93922 15.213534116744995
1 325 0 20909 21274 93922 14.45437240600586
1 325 0 20400 21274 93922 17.08783531188965
1 325 0 19920 21274 93922 14.68987512588501
1 325 0 19949 21274 93922 14.828291416168213
1 325 0 20640 21274 93922 14.600283861160278
1 325 0 19949 21274 93922 14.89357852935791
1 325 0 20778 21274 93922 15.68510127067566
0 324 1 19629 21274 93922 15.518596172332764
1 325 0 19756 21274 93922 14.39972996711731
1 325 0 21003 21274 93922 16.052045822143555
0 324 1 20873 25036 93922 14.868893146514893
1 325 0 24669 25036 93922 14.67222785949707
0 323 2 14587 25036 93922 14.75456190109253
0 324 1 20565 25036 93922 14.657002449035645
1 325 0 25036 25036 93922 14.576995611190796
0 324 1 21644 25036 93922 15.487138748168945
0 323 2 12885 25036 93922 14.669062614440918
1 325 0 24791 25036 93922 15.759013175964355
1 325 0 25036 25036 93922 14.362504959106445
0 324 1 21646 25036 93922 16.20971155166626
0 324 1 19420 29209 93922 14.37735366821289
0 324 1 19877 29209 93922 16.119911432266235
0 324 1 19607 29209 93922 14.482994318008423
1 325 0 28416 29209 93922 15.598138809204102
0 324 1 17823 29209 93922 14.78437852859497
0 324 1 20349 29209 93922 14.221377849578857
0 324 1 21119 29209 93922 14.546248435974121
0 324 1 20018 29209 93922 14.430974245071411
0 324 1 20466 29209 93922 14.630953550338745
0 324 1 18445 29209 93922 16.661943912506104
0 324 1 17643 29616 93922 14.408141613006592
0 323 2 13309 29616 93922 15.126474380493164
0 324 1 20636 29616 93922 15.341120481491089
0 324 1 14648 29616 93922 14.566084146499634
0 324 1 18625 29616 93922 14.977376461029053
0 324 1 16333 29616 93922 14.609502792358398
0 324 1 14415 29616 93922 15.543463945388794
1 325 0 27291 29616 93922 14.353476285934448
0 324 1 22215 29616 93922 16.485321760177612
0 323 2 21814 29616 93922 14.366303205490112
1 325 0 22302 23116 93922 15.81986665725708
1 325 0 20827 23116 93922 14.361825942993164
1 325 0 22141 23116 93922 15.400014877319336
1 325 0 23063 23116 93922 14.295714139938354
1 325 0 22090 23116 93922 15.66932201385498
1 325 0 22432 23116 93922 14.582159996032715
1 325 0 22607 23116 93922 14.502868175506592
1 325 0 22607 23116 93922 15.656381607055664
1 325 0 22265 23116 93922 14.596235513687134
1 325 0 23116 23116 93922 14.70157766342163
1 325 0 21962 21962 93922 15.922170162200928
1 325 0 21962 21962 93922 14.555560827255249
0 324 1 16016 21962 93922 16.150810480117798
0 324 1 15516 21962 93922 14.50912094116211
0 324 1 16432 21962 93922 16.031500101089478
0 324 1 17008 21962 93922 14.55431342124939
1 325 0 21063 21962 93922 14.339162588119507
0 324 1 14047 21962 93922 15.735370397567749
1 325 0 21063 21962 93922 14.345893859863281
0 324 1 19946 21962 93922 14.717017889022827
1 325 0 18643 22554 93922 15.475215911865234
1 325 0 20793 22554 93922 14.193590641021729
1 325 0 21755 22554 93922 15.276276111602783
1 325 0 21927 22554 93922 15.582256317138672
1 325 0 19803 22554 93922 14.224137306213379
0 324 1 14673 22554 93922 15.24300742149353
1 325 0 21985 22554 93922 14.269685983657837
1 325 0 20430 22554 93922 15.880255699157715
1 325 0 21755 22554 93922 14.597417831420898
0 324 1 13979 22554 93922 15.464682579040527
