0 323 2 16357 26573 9388 1.5829241275787354
0 322 3 21269 26573 9388 1.3649890422821045
0 324 1 19723 26573 9388 1.4047222137451172
0 323 2 16262 26573 9388 1.391812801361084
0 322 3 18663 26573 9388 1.351029634475708
0 322 3 20229 26573 9388 1.352421760559082
0 322 3 20580 26573 9388 1.3605968952178955
0 322 3 13474 26573 9388 1.3684790134429932
0 324 1 18704 26573 9388 1.349782943725586
0 324 1 24188 26573 9388 1.4910192489624023
0 323 2 13347 18638 9388 2.420823097229004
0 324 1 14357 18638 9388 1.436985969543457
0 324 1 16186 18638 9388 1.6167817115783691
0 322 3 14762 18638 9388 2.194112777709961
0 324 1 11647 18638 9388 1.4307096004486084
1 325 0 17992 18638 9388 1.4538400173187256
1 325 0 17810 18638 9388 1.4601609706878662
0 323 2 15705 18638 9388 1.4290828704833984
0 324 1 16197 18638 9388 1.5143349170684814
0 324 1 16533 18638 9388 1.4943091869354248
0 323 2 19090 24430 9388 1.4702534675598145
0 321 4 17312 24430 9388 1.802623987197876
0 323 2 17008 24430 9388 2.0239131450653076
0 322 3 17569 24430 9388 1.4948217868804932
0 322 3 20627 24430 9388 1.8365674018859863
0 324 1 22597 24430 9388 1.516322374343872
0 324 1 18705 24430 9388 2.132373094558716
0 322 3 19878 24430 9388 2.112367630004883
0 323 2 19610 24430 9388 1.6095178127288818
0 321 4 17003 24430 9388 1.804431676864624
0 323 2 13703 26137 9388 2.0241940021514893
0 322 3 14259 26137 9388 1.402191162109375
0 322 3 18737 26137 9388 1.989042043685913
0 323 2 15380 26137 9388 2.555250406265259
0 320 5 7308 26137 9388 1.5184595584869385
0 322 3 13703 26137 9388 1.5021965503692627
0 324 1 14709 26137 9388 1.5877776145935059
0 322 3 10001 26137 9388 2.282028913497925
0 324 1 18737 26137 9388 1.5678410530090332
0 323 2 15037 26137 9388 1.4586865901947021
0 324 1 20135 24689 9388 1.5815565586090088
0 324 1 19317 24689 9388 1.43803071975708
0 322 3 13267 24689 9388 1.40757155418396
0 323 2 13758 24689 9388 1.767169713973999
0 324 1 22331 24689 9388 2.2186691761016846
0 323 2 17845 24689 9388 1.4001386165618896
0 323 2 13701 24689 9388 2.1658835411071777
0 324 1 21769 24689 9388 2.021303176879883
0 323 2 13149 24689 9388 1.5661942958831787
0 323 2 17279 24689 9388 1.3986492156982422
0 324 1 16187 24016 9388 1.4255046844482422
0 322 3 13054 24016 9388 1.5427119731903076
0 322 3 17624 24016 9388 1.5015654563903809
0 324 1 20458 24016 9388 1.550438642501831
1 325 0 21830 24016 9388 1.4476735591888428
0 323 2 16668 24016 9388 1.5116631984710693
0 322 3 12382 24016 9388 1.4403374195098877
0 323 2 11518 24016 9388 2.235306978225708
0 323 2 16688 24016 9388 1.775623083114624
0 324 1 16562 24016 9388 1.4589741230010986
0 323 2 17102 26123 9388 1.4576079845428467
0 324 1 20030 26123 9388 2.4808337688446045
1 325 0 26123 26123 9388 1.3842027187347412
0 323 2 15368 26123 9388 1.478954792022705
0 323 2 18979 26123 9388 1.5760486125946045
0 323 2 20690 26123 9388 2.1853878498077393
0 323 2 19922 26123 9388 2.9309637546539307
0 323 2 21899 26123 9388 1.3782708644866943
0 320 5 14894 26123 9388 1.4038095474243164
0 324 1 19659 26123 9388 1.368309497833252
0 323 2 20296 25071 9388 2.7258191108703613
0 322 3 15023 25071 9388 1.5200557708740234
0 321 4 16151 25071 9388 1.4660592079162598
0 321 4 15483 25071 9388 1.4456279277801514
0 322 3 14860 25071 9388 1.429532527923584
0 321 4 16170 25071 9388 1.4768486022949219
0 321 4 13880 25071 9388 1.4372425079345703
0 322 3 16504 25071 9388 1.34661865234375
0 322 3 15496 25071 9388 1.961230754852295
0 323 2 18215 25071 9388 1.6931264400482178
0 323 2 14618 21278 9388 1.3488881587982178
0 322 3 15856 21278 9388 1.3509585857391357
0 324 1 19518 21278 9388 1.3788726329803467
0 323 2 15291 21278 9388 1.4800190925598145
0 324 1 15766 21278 9388 1.514814853668213
0 323 2 15180 21278 9388 1.5184204578399658
1 325 0 20118 21278 9388 1.42641282081604
0 323 2 14578 21278 9388 1.4113385677337646
0 323 2 12049 21278 9388 1.4181866645812988
0 322 3 15032 21278 9388 1.3968183994293213
0 322 3 12969 22180 9388 1.3947422504425049
0 321 4 15775 22180 9388 2.493633270263672
1 325 0 22150 22180 9388 1.3799309730529785
1 325 0 20882 22180 9388 1.3632678985595703
1 325 0 21916 22180 9388 2.085939645767212
0 324 1 15605 22180 9388 1.7723596096038818
0 324 1 14345 22180 9388 2.063323974609375
0 322 3 13283 22180 9388 1.7062857151031494
0 324 1 15280 22180 9388 1.468017339706421
0 324 1 10969 22180 9388 1.3359384536743164
0 321 4 13367 25800 9388 1.3903660774230957
0 324 1 14714 25800 9388 1.500103235244751
0 324 1 15606 25800 9388 2.528505802154541
0 322 3 21319 25800 9388 1.4221065044403076
0 324 1 23334 25800 9388 1.6230933666229248
0 321 4 11906 25800 9388 1.5311617851257324
0 322 3 10334 25800 9388 1.3451902866363525
0 323 2 14710 25800 9388 1.451054573059082
0 321 4 19414 25800 9388 1.458179235458374
0 323 2 16279 25800 9388 1.907557725906372
0 323 2 12637 20466 9388 1.6015093326568604
0 324 1 18118 20466 9388 1.4311976432800293
0 324 1 16596 20466 9388 2.0035760402679443
0 324 1 17779 20466 9388 1.417484998703003
0 322 3 11675 20466 9388 1.4420380592346191
1 325 0 17822 20466 9388 2.2101922035217285
0 323 2 10678 20466 9388 2.1260826587677
1 325 0 20113 20466 9388 1.3954253196716309
1 325 0 17539 20466 9388 1.449298620223999
0 323 2 16109 20466 9388 1.3462212085723877
0 322 3 18127 31523 9388 1.3941500186920166
0 323 2 24124 31523 9388 2.09800386428833
0 322 3 21490 31523 9388 1.4766178131103516
0 324 1 22053 31523 9388 1.3889214992523193
0 324 1 26872 31523 9388 1.3643999099731445
0 322 3 21380 31523 9388 1.397817850112915
0 324 1 21152 31523 9388 1.3551318645477295
0 324 1 22832 31523 9388 1.4073846340179443
0 323 2 20368 31523 9388 1.3525125980377197
0 324 1 21154 31523 9388 1.3493573665618896
1 325 0 26922 28700 9388 1.3326425552368164
0 324 1 19162 28700 9388 2.1320536136627197
1 325 0 27651 28700 9388 1.3695545196533203
1 325 0 27988 28700 9388 1.4562714099884033
0 324 1 20417 28700 9388 1.9508774280548096
1 325 0 27261 28700 9388 1.8928134441375732
0 324 1 24582 28700 9388 1.3872032165527344
0 321 4 18788 28700 9388 1.3327789306640625
0 323 2 22579 28700 9388 1.4654877185821533
0 323 2 24484 28700 9388 1.4105558395385742
0 323 2 22720 24729 9388 1.3530993461608887
0 323 2 21805 24729 9388 2.379288673400879
0 323 2 19256 24729 9388 1.3490991592407227
0 323 2 19757 24729 9388 1.3522474765777588
0 324 1 17513 24729 9388 1.3640191555023193
0 322 3 21415 24729 9388 1.9807209968566895
0 324 1 19710 24729 9388 1.5600676536560059
0 322 3 17853 24729 9388 1.3945767879486084
1 325 0 23335 24729 9388 1.3588712215423584
0 323 2 18402 24729 9388 1.4392704963684082
0 323 2 17582 22975 9388 1.4189696311950684
0 323 2 16026 22975 9388 1.5158398151397705
0 323 2 16679 22975 9388 2.0273489952087402
0 323 2 19461 22975 9388 1.3832247257232666
0 322 3 15351 22975 9388 1.4361741542816162
0 324 1 20296 22975 9388 1.3715028762817383
0 324 1 19104 22975 9388 1.354830265045166
0 324 1 18706 22975 9388 1.3305182456970215
0 322 3 13134 22975 9388 1.3492441177368164
0 323 2 18588 22975 9388 1.361725091934204
0 323 2 13476 20396 9388 1.3848328590393066
0 323 2 15146 20396 9388 1.3520283699035645
0 324 1 14059 20396 9388 1.345484972000122
0 324 1 18264 20396 9388 1.4077472686767578
0 323 2 15381 20396 9388 1.3477540016174316
0 323 2 15755 20396 9388 1.5105228424072266
1 325 0 18830 20396 9388 1.3457188606262207
1 325 0 19847 20396 9388 1.380002498626709
0 322 3 14265 20396 9388 2.1527979373931885
0 323 2 14744 20396 9388 1.501051425933838
1 325 0 27935 28737 9388 1.3925096988677979
1 325 0 25666 28737 9388 1.3962483406066895
0 324 1 25003 28737 9388 1.3693580627441406
0 323 2 21289 28737 9388 1.366873025894165
0 323 2 21804 28737 9388 2.266122817993164
0 324 1 19935 28737 9388 1.437622308731079
1 325 0 26704 28737 9388 1.3798928260803223
1 325 0 26908 28737 9388 1.659794569015503
1 325 0 22552 28737 9388 1.4734611511230469
1 325 0 26154 28737 9388 1.3261923789978027
0 324 1 13811 19184 9388 1.4279735088348389
0 322 3 13539 19184 9388 1.7414171695709229
0 321 4 8839 19184 9388 1.887916088104248
1 325 0 18601 19184 9388 1.4975318908691406
0 324 1 16544 19184 9388 1.8236274719238281
0 323 2 13559 19184 9388 1.8456735610961914
0 322 3 13984 19184 9388 1.3792355060577393
0 324 1 14202 19184 9388 1.385392427444458
0 322 3 12253 19184 9388 2.643768072128296
0 321 4 13795 19184 9388 1.3737692832946777
0 324 1 16174 20380 9388 1.4488074779510498
0 322 3 16811 20380 9388 1.3671526908874512
0 323 2 15748 20380 9388 1.3718492984771729
0 323 2 15318 20380 9388 1.348818063735962
0 323 2 15670 20380 9388 1.4102652072906494
0 323 2 13849 20380 9388 1.3594005107879639
0 323 2 11082 20380 9388 1.3666136264801025
0 323 2 16750 20380 9388 1.341461420059204
0 323 2 14467 20380 9388 1.380070447921753
0 323 2 17848 20380 9388 2.208123207092285
0 322 3 17969 25348 9388 1.33209228515625
0 323 2 15508 25348 9388 1.3871264457702637
0 324 1 16149 25348 9388 1.3973627090454102
0 323 2 16382 25348 9388 1.6661186218261719
0 324 1 16332 25348 9388 1.793454647064209
0 322 3 14511 25348 9388 1.4276092052459717
0 323 2 15947 25348 9388 1.3897998332977295
0 324 1 21182 25348 9388 1.3717865943908691
0 322 3 18033 25348 9388 2.1894845962524414
0 323 2 15795 25348 9388 1.4963977336883545
0 324 1 11733 16731 9388 1.384594202041626
0 323 2 12459 16731 9388 1.35524582862854
0 323 2 11064 16731 9388 1.369696855545044
0 323 2 10923 16731 9388 1.4508094787597656
0 324 1 13461 16731 9388 1.3914055824279785
0 322 3 9745 16731 9388 1.7766079902648926
0 323 2 9041 16731 9388 1.5179839134216309
0 324 1 12678 16731 9388 1.483548641204834
0 323 2 10033 16731 9388 1.609800100326538
0 324 1 6888 16731 9388 1.3921022415161133
1 325 0 19744 26931 9388 1.601942777633667
0 323 2 17863 26931 9388 2.4453415870666504
0 324 1 19847 26931 9388 1.6170661449432373
0 324 1 22508 26931 9388 1.6810243129730225
0 323 2 20703 26931 9388 2.6685068607330322
1 325 0 22849 26931 9388 1.3498609066009521
0 323 2 19926 26931 9388 1.387854814529419
0 322 3 15321 26931 9388 1.7586889266967773
0 322 3 17189 26931 9388 2.140078067779541
0 324 1 23693 26931 9388 1.5320491790771484
0 322 3 12398 22741 9388 1.3903779983520508
0 323 2 14207 22741 9388 1.5114150047302246
0 323 2 16566 22741 9388 1.3955411911010742
0 324 1 16963 22741 9388 1.3677599430084229
0 323 2 16559 22741 9388 1.3674914836883545
0 323 2 11649 22741 9388 1.3534700870513916
0 322 3 12119 22741 9388 1.3923110961914062
0 323 2 15219 22741 9388 2.6040117740631104
0 323 2 18984 22741 9388 1.4064195156097412
0 323 2 12260 22741 9388 1.3961198329925537
0 322 3 15163 26208 9388 1.4584169387817383
0 322 3 14268 26208 9388 1.7484607696533203
0 321 4 12237 26208 9388 1.6087465286254883
0 324 1 12742 26208 9388 1.458925724029541
0 324 1 23320 26208 9388 1.4218149185180664
0 323 2 17630 26208 9388 1.426612138748169
0 322 3 17308 26208 9388 1.3424761295318604
0 322 3 13504 26208 9388 1.377605676651001
0 322 3 13295 26208 9388 1.3560128211975098
0 324 1 17613 26208 9388 1.3501415252685547
0 322 3 21364 25279 9388 1.3940131664276123
0 323 2 16689 25279 9388 2.4963717460632324
0 322 3 14666 25279 9388 1.6320559978485107
0 323 2 19274 25279 9388 1.4027159214019775
0 322 3 14481 25279 9388 1.3958580493927002
0 320 5 16459 25279 9388 1.3654494285583496
0 324 1 16390 25279 9388 2.208350896835327
0 323 2 18966 25279 9388 1.3641583919525146
0 322 3 16529 25279 9388 1.392899990081787
0 323 2 13440 25279 9388 1.4559195041656494
0 323 2 15482 20455 9388 1.9721438884735107
0 322 3 13294 20455 9388 1.8395419120788574
1 325 0 17233 20455 9388 1.6054260730743408
1 325 0 18753 20455 9388 1.4233040809631348
1 325 0 19349 20455 9388 2.3075106143951416
0 324 1 15926 20455 9388 1.4271025657653809
1 325 0 19395 20455 9388 1.7828307151794434
1 325 0 17419 20455 9388 1.8122596740722656
0 323 2 14556 20455 9388 1.3921456336975098
1 325 0 19015 20455 9388 1.4134111404418945
0 323 2 15154 20186 9388 1.4091954231262207
0 323 2 16082 20186 9388 1.416844129562378
0 324 1 13609 20186 9388 1.4023773670196533
0 324 1 12931 20186 9388 1.8402528762817383
0 323 2 12246 20186 9388 2.2090706825256348
0 324 1 14332 20186 9388 1.3795804977416992
0 323 2 10770 20186 9388 1.4240851402282715
0 322 3 12443 20186 9388 1.398362636566162
0 323 2 17022 20186 9388 1.4099256992340088
0 322 3 15875 20186 9388 1.979973316192627
0 324 1 18083 27711 9388 2.3098413944244385
0 324 1 19164 27711 9388 1.9661338329315186
0 323 2 21062 27711 9388 1.6773040294647217
0 323 2 18379 27711 9388 1.502704381942749
0 322 3 16438 27711 9388 1.3569262027740479
0 323 2 21103 27711 9388 1.363194227218628
0 322 3 15721 27711 9388 2.1310598850250244
0 323 2 16899 27711 9388 1.3784289360046387
0 323 2 18762 27711 9388 1.9549119472503662
0 322 3 20165 27711 9388 1.9275870323181152
0 322 3 19526 27933 9388 1.355186939239502
0 322 3 16503 27933 9388 1.3828401565551758
0 321 4 17509 27933 9388 1.3664066791534424
0 321 4 16612 27933 9388 1.3852577209472656
0 320 5 20535 27933 9388 1.7674243450164795
0 323 2 20981 27933 9388 1.7773563861846924
0 324 1 22556 27933 9388 1.376955270767212
0 322 3 17962 27933 9388 1.4439573287963867
0 322 3 17509 27933 9388 1.492558479309082
0 322 3 18860 27933 9388 2.3884522914886475
0 320 5 13737 27370 9388 1.3829288482666016
0 322 3 16203 27370 9388 1.397050380706787
0 323 2 17513 27370 9388 1.3483951091766357
0 322 3 18667 27370 9388 1.3821351528167725
0 323 2 22367 27370 9388 1.9431962966918945
0 322 3 17546 27370 9388 1.7065708637237549
0 324 1 20987 27370 9388 1.4145376682281494
0 324 1 19302 27370 9388 1.3697457313537598
0 323 2 17847 27370 9388 1.6948883533477783
0 324 1 18969 27370 9388 1.9393389225006104
0 320 5 16226 25801 9388 1.3606007099151611
0 319 6 14545 25801 9388 1.396535873413086
0 321 4 18969 25801 9388 1.3659436702728271
0 321 4 12243 25801 9388 1.8451461791992188
0 321 4 14931 25801 9388 1.5314090251922607
0 322 3 13923 25801 9388 1.3746004104614258
0 323 2 10564 25801 9388 1.3802926540374756
0 320 5 13362 25801 9388 1.7606244087219238
0 321 4 16721 25801 9388 2.091585159301758
0 322 3 14037 25801 9388 1.9147937297821045
0 324 1 23993 25506 9388 1.378941297531128
0 323 2 21952 25506 9388 1.3420016765594482
0 322 3 15352 25506 9388 1.3669941425323486
0 323 2 19283 25506 9388 2.3398597240448
0 322 3 16958 25506 9388 1.879711627960205
0 324 1 24400 25506 9388 1.4256207942962646
0 323 2 17796 25506 9388 1.9829490184783936
0 323 2 18233 25506 9388 1.5663270950317383
0 322 3 18352 25506 9388 1.3858931064605713
0 322 3 15731 25506 9388 1.4263947010040283
0 322 3 13030 24453 9388 2.4899814128875732
0 322 3 17065 24453 9388 1.5715014934539795
0 322 3 10566 24453 9388 1.3748040199279785
0 323 2 17732 24453 9388 2.4185783863067627
0 322 3 12574 24453 9388 1.352262020111084
0 321 4 12578 24453 9388 1.378175973892212
0 323 2 16389 24453 9388 1.3621101379394531
0 323 2 14596 24453 9388 1.3695950508117676
0 324 1 13918 24453 9388 1.3364193439483643
0 324 1 21990 24453 9388 1.4147756099700928
0 323 2 12191 24296 9388 1.4746596813201904
0 322 3 16229 24296 9388 2.0350122451782227
0 322 3 13474 24296 9388 1.3512933254241943
0 323 2 13048 24296 9388 1.374821662902832
0 322 3 14349 24296 9388 1.355236530303955
0 323 2 12596 24296 9388 1.3886427879333496
0 321 4 11459 24296 9388 1.3517341613769531
1 325 0 23129 24296 9388 1.7882745265960693
0 323 2 14889 24296 9388 2.977585792541504
0 323 2 13946 24296 9388 1.702666997909546
0 321 4 18519 25576 9388 1.3597781658172607
0 321 4 17962 25576 9388 1.406735897064209
0 322 3 14485 25576 9388 1.9847993850708008
0 323 2 19526 25576 9388 1.3823513984680176
0 320 5 13811 25576 9388 1.417449712753296
0 323 2 21211 25576 9388 1.9376959800720215
0 320 5 14819 25576 9388 1.372363567352295
0 323 2 12806 25576 9388 1.3979568481445312
0 323 2 17507 25576 9388 1.6857986450195312
0 323 2 14819 25576 9388 2.1941874027252197
0 323 2 11568 24792 9388 1.4079620838165283
1 325 0 23823 24792 9388 2.214327812194824
0 323 2 16173 24792 9388 1.7203876972198486
0 323 2 15826 24792 9388 1.4012668132781982
0 322 3 16695 24792 9388 1.3888540267944336
0 322 3 18120 24792 9388 1.4040355682373047
0 322 3 19770 24792 9388 1.9703660011291504
1 325 0 23425 24792 9388 2.6846303939819336
0 322 3 13400 24792 9388 1.5143630504608154
0 322 3 15137 24792 9388 2.0538442134857178
0 323 2 22010 24777 9388 1.3917016983032227
0 324 1 22773 24777 9388 1.3500044345855713
0 322 3 19784 24777 9388 1.4065337181091309
0 322 3 23093 24777 9388 1.7931466102600098
0 323 2 22908 24777 9388 1.699514389038086
0 321 4 19278 24777 9388 1.3501834869384766
0 322 3 16361 24777 9388 1.3602197170257568
0 322 3 17112 24777 9388 1.8899884223937988
0 322 3 21760 24777 9388 2.112299680709839
0 322 3 20793 24777 9388 1.394446611404419
1 325 0 23052 23558 9388 1.442488670349121
0 320 5 12462 23558 9388 1.3555495738983154
0 324 1 21207 23558 9388 2.452515125274658
0 321 4 11797 23558 9388 1.5067112445831299
0 322 3 10789 23558 9388 1.5218791961669922
0 324 1 20031 23558 9388 1.9963417053222656
0 322 3 11289 23558 9388 1.8333585262298584
0 322 3 15323 23558 9388 2.033257007598877
0 322 3 16169 23558 9388 1.7185897827148438
0 323 2 12968 23558 9388 2.4342598915100098
0 323 2 18077 24209 9388 1.4455158710479736
0 322 3 16947 24209 9388 1.463792085647583
0 320 5 13148 24209 9388 1.5370876789093018
0 324 1 15913 24209 9388 2.4709863662719727
1 325 0 24209 24209 9388 1.3643321990966797
0 322 3 19032 24209 9388 1.3739237785339355
1 325 0 24209 24209 9388 1.5413072109222412
0 322 3 15428 24209 9388 2.4455621242523193
0 322 3 16460 24209 9388 1.5600171089172363
0 323 2 19815 24209 9388 1.3434605598449707
0 323 2 15155 25239 9388 1.3821027278900146
0 323 2 14482 25239 9388 2.5212180614471436
0 321 4 14830 25239 9388 1.9178838729858398
0 322 3 14821 25239 9388 2.318251371383667
0 320 5 12465 25239 9388 1.3577635288238525
0 323 2 21205 25239 9388 1.7077429294586182
0 323 2 16496 25239 9388 2.071033477783203
0 323 2 15150 25239 9388 1.429854393005371
0 322 3 14820 25239 9388 1.384178638458252
0 323 2 15158 25239 9388 1.9103078842163086
1 325 0 18662 20031 9388 2.189750909805298
0 324 1 14315 20031 9388 1.343933343887329
0 323 2 15580 20031 9388 1.3978662490844727
0 324 1 14837 20031 9388 1.3888297080993652
0 323 2 15822 20031 9388 1.394402265548706
0 324 1 18263 20031 9388 2.3097035884857178
0 324 1 16166 20031 9388 1.7033438682556152
0 324 1 17930 20031 9388 1.342186689376831
0 323 2 14396 20031 9388 1.3990962505340576
0 324 1 16241 20031 9388 1.4323313236236572
0 324 1 19624 23576 9388 1.6165385246276855
0 322 3 13607 23576 9388 2.696392774581909
0 323 2 15672 23576 9388 1.4803600311279297
0 323 2 12608 23576 9388 1.9023425579071045
1 325 0 16139 23576 9388 1.5226531028747559
0 322 3 15733 23576 9388 1.3737881183624268
0 323 2 12718 23576 9388 1.3505635261535645
0 323 2 11343 23576 9388 1.5111825466156006
0 323 2 21867 23576 9388 1.3924932479858398
0 322 3 13068 23576 9388 1.3997375965118408
0 323 2 15200 22467 9388 1.3768253326416016
0 320 5 11162 22467 9388 1.4220633506774902
0 323 2 17180 22467 9388 1.3967678546905518
0 323 2 10770 22467 9388 1.4190645217895508
0 323 2 13990 22467 9388 2.052269697189331
0 323 2 14616 22467 9388 1.6197936534881592
0 323 2 16516 22467 9388 1.5670671463012695
0 323 2 15299 22467 9388 2.318206548690796
0 323 2 12395 22467 9388 1.3814330101013184
0 323 2 14102 22467 9388 1.3965048789978027
0 322 3 16049 27932 9388 1.3890445232391357
0 321 4 17069 27932 9388 1.397305965423584
0 321 4 15835 27932 9388 1.553361177444458
0 322 3 18517 27932 9388 2.133678913116455
0 323 2 15491 27932 9388 1.3670969009399414
0 321 4 14495 27932 9388 1.4283387660980225
0 323 2 19533 27932 9388 1.3969390392303467
0 323 2 18068 27932 9388 2.2222836017608643
0 321 4 15604 27932 9388 1.3834538459777832
0 323 2 16168 27932 9388 1.387906551361084
0 323 2 18237 24488 9388 1.381727933883667
1 325 0 22523 24488 9388 1.646305799484253
0 324 1 19611 24488 9388 1.8732542991638184
0 324 1 18974 24488 9388 1.3899602890014648
0 322 3 18145 24488 9388 1.3872995376586914
0 322 3 16718 24488 9388 1.4044198989868164
0 324 1 18756 24488 9388 2.1275923252105713
0 323 2 18158 24488 9388 1.427535057067871
1 325 0 24354 24488 9388 3.221898317337036
0 322 3 13448 24488 9388 1.8994295597076416
0 322 3 19196 26586 9388 1.4307794570922852
0 321 4 15161 26586 9388 1.5236387252807617
0 324 1 19644 26586 9388 1.5336449146270752
0 323 2 17514 26586 9388 3.1540775299072266
0 323 2 20984 26586 9388 1.4467206001281738
0 323 2 23338 26586 9388 1.417288064956665
0 322 3 14263 26586 9388 2.0539538860321045
0 323 2 16167 26586 9388 1.4695699214935303
0 323 2 14152 26586 9388 1.527066946029663
0 323 2 17514 26586 9388 2.0089306831359863
0 323 2 14913 22234 9388 1.9885826110839844
0 322 3 14498 22234 9388 1.3727390766143799
0 323 2 12133 22234 9388 1.362659215927124
0 323 2 17077 22234 9388 2.05334734916687
0 322 3 14177 22234 9388 1.6287202835083008
0 323 2 11324 22234 9388 1.378659963607788
0 323 2 11176 22234 9388 2.021129608154297
0 319 6 13559 22234 9388 1.4892706871032715
0 323 2 15023 22234 9388 1.5516743659973145
1 325 0 22234 22234 9388 2.2172274589538574
0 321 4 13875 25119 9388 1.3926923274993896
0 321 4 14323 25119 9388 1.966813564300537
0 323 2 21433 25119 9388 1.6338095664978027
0 320 5 15866 25119 9388 1.931290864944458
0 323 2 21343 25119 9388 2.045152187347412
0 323 2 20865 25119 9388 1.9005022048950195
1 325 0 25119 25119 9388 1.3794200420379639
0 322 3 17182 25119 9388 1.3369615077972412
0 324 1 23476 25119 9388 1.378974199295044
0 321 4 15729 25119 9388 1.378542423248291
0 324 1 18074 21131 9388 1.369455337524414
1 325 0 18840 21131 9388 1.9182963371276855
0 322 3 11601 21131 9388 1.4001822471618652
0 324 1 11356 21131 9388 1.4059031009674072
0 324 1 17945 21131 9388 1.7446706295013428
0 320 5 15240 21131 9388 1.504396915435791
0 323 2 14565 21131 9388 1.3893425464630127
0 322 3 14025 21131 9388 2.0984625816345215
0 321 4 14159 21131 9388 1.3560142517089844
0 324 1 9633 21131 9388 1.3940377235412598
0 324 1 16951 25800 9388 1.4039757251739502
0 321 4 14035 25800 9388 2.6098811626434326
0 323 2 10898 25800 9388 1.3711826801300049
0 322 3 18403 25800 9388 1.3797733783721924
0 324 1 14484 25800 9388 1.4534718990325928
0 324 1 15606 25800 9388 2.141871452331543
0 323 2 14258 25800 9388 1.8544635772705078
0 323 2 13698 25800 9388 1.345898151397705
0 324 1 15604 25800 9388 1.6140618324279785
0 322 3 13585 25800 9388 2.599039316177368
0 324 1 12224 22534 9388 1.3722083568572998
1 325 0 21628 22534 9388 1.3716821670532227
0 323 2 17546 22534 9388 1.3520538806915283
0 323 2 14583 22534 9388 1.8966431617736816
1 325 0 21443 22534 9388 1.7318742275238037
0 319 6 9206 22534 9388 1.3581368923187256
1 325 0 21887 22534 9388 1.381324291229248
0 323 2 17293 22534 9388 1.3979418277740479
0 321 4 13156 22534 9388 1.3530805110931396
0 324 1 20328 22534 9388 1.9840946197509766
0 323 2 17849 22436 9388 1.6769123077392578
0 324 1 19194 22436 9388 1.4076361656188965
0 324 1 20091 22436 9388 2.2697606086730957
0 323 2 20983 22436 9388 1.5000851154327393
0 323 2 16847 22436 9388 3.055832624435425
0 323 2 14485 22436 9388 1.6104683876037598
0 322 3 14041 22436 9388 1.4057555198669434
0 322 3 16173 22436 9388 2.17021107673645
0 321 4 13139 22436 9388 1.4069843292236328
0 322 3 14708 22436 9388 1.40140700340271
0 322 3 17919 28282 9388 1.9583868980407715
0 323 2 17993 28282 9388 2.1915135383605957
0 322 3 17166 28282 9388 1.3633143901824951
0 323 2 17387 28282 9388 2.157839059829712
0 323 2 19035 28282 9388 1.5898475646972656
0 324 1 23784 28282 9388 1.435340404510498
0 322 3 17464 28282 9388 1.3542640209197998
0 324 1 16864 28282 9388 1.3630945682525635
0 324 1 19233 28282 9388 1.36885666847229
0 322 3 17356 28282 9388 1.3753221035003662
0 324 1 24340 29228 9388 1.4248967170715332
1 325 0 25913 29228 9388 1.4494216442108154
0 322 3 17293 29228 9388 1.9185400009155273
0 320 5 17587 29228 9388 1.7994136810302734
0 322 3 19496 29228 9388 1.4386675357818604
0 322 3 19922 29228 9388 1.3858532905578613
0 324 1 26828 29228 9388 1.9324111938476562
0 323 2 17826 29228 9388 2.0476388931274414
0 322 3 19094 29228 9388 1.358328104019165
0 324 1 21689 29228 9388 2.1654739379882812
0 322 3 16835 26883 9388 1.5443801879882812
0 321 4 15641 26883 9388 1.513089895248413
0 322 3 17169 26883 9388 2.2825655937194824
0 322 3 18738 26883 9388 1.388993501663208
0 321 4 15791 26883 9388 1.3951127529144287
0 324 1 19784 26883 9388 1.3759441375732422
0 322 3 16311 26883 9388 1.3734095096588135
0 321 4 14636 26883 9388 1.438321828842163
0 321 4 16982 26883 9388 1.5377693176269531
0 324 1 16618 26883 9388 1.3597657680511475
0 321 4 15749 24256 9388 1.4956600666046143
0 322 3 18575 24256 9388 2.585155725479126
0 323 2 16651 24256 9388 1.7228214740753174
0 324 1 21098 24256 9388 1.402794361114502
0 324 1 19206 24256 9388 1.412919521331787
0 324 1 20978 24256 9388 2.1544504165649414
0 320 5 13726 24256 9388 1.3512818813323975
0 323 2 14916 24256 9388 2.1164870262145996
0 323 2 14302 24256 9388 1.755626916885376
0 323 2 12972 24256 9388 1.3591301441192627
0 322 3 14196 23820 9388 1.8824748992919922
0 321 4 14730 23820 9388 1.5496110916137695
0 323 2 11057 23820 9388 1.359666109085083
0 321 4 12511 23820 9388 1.3762691020965576
0 322 3 18762 23820 9388 1.3561809062957764
0 322 3 14691 23820 9388 1.8155672550201416
0 322 3 15716 23820 9388 2.40264892578125
0 322 3 13750 23820 9388 1.3852124214172363
0 322 3 14478 23820 9388 1.4388713836669922
0 321 4 14109 23820 9388 1.4482526779174805
0 321 4 15563 25574 9388 2.010803461074829
0 322 3 17780 25574 9388 1.511775255203247
0 322 3 18520 25574 9388 2.4064033031463623
0 322 3 16374 25574 9388 1.6718664169311523
0 322 3 17377 25574 9388 1.3646841049194336
0 323 2 18931 25574 9388 1.3975324630737305
0 322 3 13545 25574 9388 2.0683321952819824
0 324 1 23423 25574 9388 1.9200568199157715
0 322 3 16633 25574 9388 1.3494219779968262
0 320 5 13073 25574 9388 1.4013826847076416
0 322 3 20400 24654 9388 1.7105367183685303
1 325 0 24461 24654 9388 2.1876845359802246
0 324 1 21070 24654 9388 1.377173662185669
0 324 1 20718 24654 9388 1.3803832530975342
0 323 2 20050 24654 9388 2.070476770401001
0 323 2 19256 24654 9388 2.1291568279266357
0 324 1 21457 24654 9388 1.4262595176696777
0 324 1 21135 24654 9388 3.05047345161438
0 322 3 16917 24654 9388 1.4607458114624023
0 322 3 17203 24654 9388 2.5543439388275146
0 324 1 12500 19979 9388 1.3611078262329102
0 323 2 15244 19979 9388 1.3725848197937012
0 324 1 14070 19979 9388 1.3756399154663086
0 323 2 15488 19979 9388 2.3088889122009277
0 324 1 14825 19979 9388 1.492764949798584
0 322 3 12305 19979 9388 1.3444466590881348
0 324 1 15803 19979 9388 1.3519656658172607
0 324 1 15054 19979 9388 1.9445042610168457
0 324 1 13089 19979 9388 1.879836082458496
0 322 3 13005 19979 9388 1.3375678062438965
0 323 2 15010 21340 9388 1.6498875617980957
0 323 2 18401 21340 9388 1.664198398590088
0 322 3 13347 21340 9388 1.3804547786712646
0 322 3 11875 21340 9388 1.3339080810546875
0 322 3 14701 21340 9388 1.3953430652618408
0 323 2 12177 21340 9388 1.4486620426177979
0 323 2 11912 21340 9388 1.7612953186035156
0 324 1 16299 21340 9388 1.8312911987304688
0 323 2 17150 21340 9388 1.376859188079834
0 323 2 15950 21340 9388 1.3677926063537598
1 325 0 23858 25075 9388 2.6634976863861084
0 324 1 19295 25075 9388 1.5845720767974854
0 324 1 18296 25075 9388 1.4010789394378662
0 324 1 18104 25075 9388 1.3290379047393799
0 324 1 18091 25075 9388 1.3462119102478027
0 323 2 20572 25075 9388 1.3398733139038086
1 325 0 24098 25075 9388 1.342888593673706
1 325 0 23277 25075 9388 1.3403677940368652
0 323 2 17027 25075 9388 1.3331255912780762
0 324 1 19147 25075 9388 1.4007511138916016
0 322 3 14488 22213 9388 1.4259464740753174
0 322 3 12576 22213 9388 2.729505777359009
0 321 4 12355 22213 9388 1.3830757141113281
0 324 1 18510 22213 9388 1.3631412982940674
0 322 3 15713 22213 9388 1.3622162342071533
0 321 4 15380 22213 9388 1.4853050708770752
0 324 1 17169 22213 9388 1.9452245235443115
0 322 3 16626 22213 9388 1.9657268524169922
0 323 2 16059 22213 9388 1.3675637245178223
0 323 2 11007 22213 9388 1.6062908172607422
0 322 3 15678 26054 9388 1.934727668762207
0 324 1 16981 26054 9388 1.3426032066345215
0 322 3 17877 26054 9388 1.3510761260986328
1 325 0 24545 26054 9388 1.374434471130371
0 324 1 20721 26054 9388 1.3431949615478516
1 325 0 24038 26054 9388 1.3363168239593506
0 323 2 19115 26054 9388 1.8810813426971436
0 324 1 18703 26054 9388 1.3469300270080566
1 325 0 21342 26054 9388 1.396493911743164
1 325 0 24761 26054 9388 1.7805266380310059
0 322 3 9381 18635 9388 1.431328296661377
0 324 1 17084 18635 9388 1.3666067123413086
0 321 4 12665 18635 9388 1.425062894821167
0 324 1 12040 18635 9388 2.5898525714874268
0 324 1 10011 18635 9388 1.3817193508148193
0 322 3 13453 18635 9388 1.8594005107879639
0 323 2 11610 18635 9388 2.021196126937866
0 323 2 11053 18635 9388 1.3603742122650146
0 323 2 14573 18635 9388 1.3514404296875
0 324 1 14946 18635 9388 1.4290533065795898
0 322 3 15575 20922 9388 2.3539047241210938
0 324 1 16000 20922 9388 1.8096234798431396
0 320 5 13187 20922 9388 1.3784003257751465
0 324 1 16276 20922 9388 1.334944248199463
0 323 2 16429 20922 9388 1.7287640571594238
0 322 3 16490 20922 9388 2.3373374938964844
0 322 3 16459 20922 9388 1.9130182266235352
0 322 3 17039 20922 9388 1.5659170150756836
0 322 3 13768 20922 9388 1.3484411239624023
0 324 1 15723 20922 9388 2.001938819885254
1 325 0 23043 27023 9388 1.3837077617645264
0 324 1 22601 27023 9388 2.1903762817382812
0 324 1 20819 27023 9388 1.637721061706543
0 322 3 17548 27023 9388 1.3699193000793457
0 323 2 23207 27023 9388 2.4506373405456543
0 322 3 15893 27023 9388 1.3741071224212646
0 321 4 18169 27023 9388 1.3699138164520264
0 323 2 19772 27023 9388 2.09989857673645
0 323 2 25987 27023 9388 1.3939776420593262
0 323 2 18237 27023 9388 1.3555521965026855
0 324 1 16817 23695 9388 1.3818540573120117
0 323 2 15959 23695 9388 2.502243995666504
0 323 2 16165 23695 9388 1.3627538681030273
0 323 2 14247 23695 9388 1.4745545387268066
0 322 3 15109 23695 9388 2.7466633319854736
0 324 1 19582 23695 9388 1.6098337173461914
0 322 3 14273 23695 9388 1.3810327053070068
0 324 1 13780 23695 9388 2.300982713699341
0 321 4 10929 23695 9388 1.4967730045318604
0 323 2 17710 23695 9388 1.3653314113616943
0 324 1 11870 18100 9388 1.4506521224975586
0 324 1 15645 18100 9388 1.382859230041504
0 323 2 13642 18100 9388 1.3545806407928467
0 324 1 16926 18100 9388 1.3780159950256348
1 325 0 17600 18100 9388 1.3775031566619873
0 322 3 11415 18100 9388 1.3715803623199463
0 323 2 12068 18100 9388 1.37205171585083
0 323 2 12592 18100 9388 1.3554251194000244
0 324 1 15497 18100 9388 2.360454559326172
0 323 2 13517 18100 9388 1.4240069389343262
1 325 0 17759 18370 9388 1.3624203205108643
1 325 0 15369 18370 9388 1.3904500007629395
0 324 1 15172 18370 9388 2.854051351547241
0 324 1 12283 18370 9388 1.4540143013000488
0 324 1 17046 18370 9388 1.9135329723358154
0 324 1 15003 18370 9388 2.157672166824341
1 325 0 15924 18370 9388 1.9484341144561768
0 323 2 13032 18370 9388 1.3400464057922363
1 325 0 16441 18370 9388 1.5431344509124756
0 324 1 15315 18370 9388 1.8411023616790771
0 323 2 13600 18796 9388 1.420562505722046
0 323 2 15091 18796 9388 1.4046728610992432
1 325 0 18362 18796 9388 2.1113131046295166
0 322 3 12871 18796 9388 1.9025146961212158
0 322 3 13681 18796 9388 1.369248628616333
0 322 3 14688 18796 9388 2.4670464992523193
0 323 2 13086 18796 9388 1.4620351791381836
0 323 2 11459 18796 9388 1.496201515197754
0 324 1 7996 18796 9388 2.0055391788482666
0 324 1 14237 18796 9388 1.3777153491973877
0 323 2 17902 25980 9388 1.507535457611084
0 324 1 18712 25980 9388 1.6996314525604248
0 323 2 16345 25980 9388 2.1597750186920166
0 324 1 24173 25980 9388 1.3699297904968262
0 323 2 17980 25980 9388 1.3636295795440674
0 322 3 18012 25980 9388 2.213918447494507
0 323 2 19853 25980 9388 1.7689204216003418
0 324 1 18587 25980 9388 1.3493797779083252
1 325 0 17578 25980 9388 1.7865614891052246
0 323 2 16900 25980 9388 1.543015480041504
0 323 2 14566 21436 9388 1.3645145893096924
0 323 2 15475 21436 9388 1.3728947639465332
0 323 2 13232 21436 9388 1.3806593418121338
0 324 1 14121 21436 9388 1.3693742752075195
0 323 2 13555 21436 9388 1.3698558807373047
0 324 1 15273 21436 9388 2.1822803020477295
0 324 1 15709 21436 9388 1.9925038814544678
0 323 2 16344 21436 9388 1.383530616760254
0 323 2 12066 21436 9388 1.418468952178955
0 324 1 11072 21436 9388 1.390014886856079
1 325 0 25793 26749 9388 1.9400660991668701
0 323 2 21546 26749 9388 2.0913336277008057
0 323 2 20792 26749 9388 1.40578293800354
0 324 1 23339 26749 9388 1.7202963829040527
0 324 1 21348 26749 9388 2.1298022270202637
1 325 0 25942 26749 9388 1.3527414798736572
1 325 0 24178 26749 9388 1.362011432647705
0 324 1 23196 26749 9388 1.361637830734253
0 324 1 18887 26749 9388 1.379387378692627
0 323 2 20217 26749 9388 1.4031078815460205
1 325 0 24501 25743 9388 1.3818538188934326
0 321 4 14844 25743 9388 1.373866319656372
0 324 1 19555 25743 9388 1.3838801383972168
0 324 1 17110 25743 9388 1.3742010593414307
0 323 2 18393 25743 9388 1.8897466659545898
0 322 3 18724 25743 9388 1.9327244758605957
0 322 3 20659 25743 9388 1.3819653987884521
0 321 4 18522 25743 9388 1.3745720386505127
0 324 1 16167 25743 9388 1.4882745742797852
0 324 1 16355 25743 9388 1.9593627452850342
0 324 1 14994 21714 9388 1.445622205734253
0 323 2 16420 21714 9388 1.3826172351837158
0 320 5 14823 21714 9388 1.3494410514831543
0 323 2 16225 21714 9388 1.364666223526001
0 323 2 19144 21714 9388 1.333204984664917
0 323 2 14740 21714 9388 1.3440914154052734
0 323 2 16672 21714 9388 2.101497173309326
0 322 3 14690 21714 9388 1.5317621231079102
0 322 3 12573 21714 9388 1.350782871246338
0 322 3 14326 21714 9388 1.3749516010284424
0 321 4 17064 23053 9388 1.3825719356536865
0 323 2 15036 23053 9388 1.9902236461639404
0 322 3 15460 23053 9388 1.3680455684661865
0 322 3 15669 23053 9388 1.36020827293396
0 324 1 16928 23053 9388 1.3493843078613281
0 323 2 16193 23053 9388 2.550509214401245
0 324 1 14666 23053 9388 1.3953170776367188
0 323 2 15719 23053 9388 1.414912223815918
0 322 3 18727 23053 9388 1.4787583351135254
0 322 3 13670 23053 9388 1.7126390933990479
0 322 3 17672 23544 9388 2.3679022789001465
0 322 3 17932 23544 9388 1.7016501426696777
0 324 1 19651 23544 9388 1.3689982891082764
0 322 3 17726 23544 9388 1.359673261642456
0 324 1 19418 23544 9388 1.3844273090362549
0 324 1 15896 23544 9388 1.4270143508911133
0 322 3 16550 23544 9388 1.9462203979492188
0 323 2 15815 23544 9388 1.5765063762664795
0 324 1 17682 23544 9388 1.3512372970581055
0 323 2 13981 23544 9388 1.393606185913086
0 323 2 16156 21536 9388 2.4316835403442383
1 325 0 21237 21536 9388 1.6862075328826904
0 319 6 10637 21536 9388 1.346156120300293
0 321 4 9625 21536 9388 1.4397296905517578
0 324 1 10755 21536 9388 1.3656163215637207
0 322 3 13369 21536 9388 1.3827683925628662
0 322 3 12874 21536 9388 2.1331980228424072
0 323 2 13321 21536 9388 2.225149393081665
0 323 2 10937 21536 9388 1.5549261569976807
0 322 3 13032 21536 9388 1.4133639335632324
0 324 1 15195 22393 9388 1.4333796501159668
0 320 5 12372 22393 9388 1.4194719791412354
0 322 3 15177 22393 9388 1.3550539016723633
0 323 2 18303 22393 9388 1.7901926040649414
0 322 3 10701 22393 9388 1.5377624034881592
0 324 1 14040 22393 9388 1.5384697914123535
0 324 1 18672 22393 9388 2.304605722427368
0 324 1 17255 22393 9388 1.3577020168304443
0 324 1 17257 22393 9388 1.3569684028625488
1 325 0 21764 22393 9388 1.5307917594909668
0 323 2 17494 23566 9388 2.5245778560638428
0 321 4 13285 23566 9388 1.38148832321167
0 323 2 13945 23566 9388 1.3793144226074219
0 322 3 16136 23566 9388 1.51694917678833
0 324 1 12529 23566 9388 2.5901639461517334
0 322 3 15293 23566 9388 1.3988308906555176
0 323 2 15611 23566 9388 1.3970601558685303
0 322 3 14862 23566 9388 2.3396871089935303
0 323 2 18261 23566 9388 1.3650178909301758
0 321 4 13092 23566 9388 2.255276918411255
0 320 5 18826 26957 9388 1.6624555587768555
1 325 0 26733 26957 9388 1.3650712966918945
0 320 5 17495 26957 9388 1.3591606616973877
0 322 3 17641 26957 9388 1.3794231414794922
0 321 4 17259 26957 9388 1.3786282539367676
1 325 0 26807 26957 9388 1.548907995223999
0 323 2 13161 26957 9388 2.098402738571167
0 322 3 24310 26957 9388 1.6490998268127441
0 319 6 16758 26957 9388 1.7356674671173096
0 324 1 19645 26957 9388 1.3470594882965088
0 324 1 17203 21480 9388 1.4135358333587646
0 324 1 14547 21480 9388 1.3861653804779053
0 322 3 12153 21480 9388 1.3607301712036133
0 324 1 16325 21480 9388 1.3722915649414062
1 325 0 18874 21480 9388 1.3611574172973633
0 324 1 14858 21480 9388 1.6266579627990723
1 325 0 20759 21480 9388 2.1224045753479004
0 324 1 17405 21480 9388 1.4382052421569824
0 324 1 19000 21480 9388 1.4048888683319092
1 325 0 18477 21480 9388 1.3637514114379883
0 321 4 17953 27949 9388 2.123427629470825
0 323 2 21119 27949 9388 1.4430553913116455
0 323 2 18645 27949 9388 1.3905375003814697
0 324 1 17230 27949 9388 1.3801813125610352
0 324 1 22447 27949 9388 2.4616105556488037
0 322 3 18641 27949 9388 1.56276273727417
0 324 1 24248 27949 9388 1.9533648490905762
0 324 1 17229 27949 9388 1.6253206729888916
0 322 3 18053 27949 9388 1.3917291164398193
0 321 4 16961 27949 9388 1.399709701538086
0 323 2 19739 26644 9388 1.4078328609466553
0 324 1 18666 26644 9388 2.5685994625091553
1 325 0 22175 26644 9388 1.3660683631896973
0 324 1 21578 26644 9388 1.3701064586639404
0 324 1 22270 26644 9388 1.3756346702575684
1 325 0 25160 26644 9388 1.3565590381622314
0 324 1 20279 26644 9388 1.3799066543579102
0 323 2 20061 26644 9388 1.4009277820587158
1 325 0 25188 26644 9388 1.5868096351623535
1 325 0 25277 26644 9388 2.04205060005188
0 324 1 18108 22468 9388 1.3935325145721436
0 323 2 19005 22468 9388 1.7398560047149658
0 324 1 18590 22468 9388 1.8037004470825195
0 324 1 19773 22468 9388 1.3347444534301758
0 324 1 17842 22468 9388 1.41921067237854
0 322 3 20372 22468 9388 1.9426560401916504
0 323 2 21661 22468 9388 2.5521767139434814
0 323 2 20015 22468 9388 1.3421578407287598
0 324 1 21143 22468 9388 1.3455138206481934
0 324 1 18407 22468 9388 1.4710960388183594
1 325 0 17267 19881 9388 1.3633368015289307
0 324 1 17008 19881 9388 1.9290821552276611
0 324 1 18059 19881 9388 1.5421669483184814
0 324 1 14811 19881 9388 1.3636701107025146
1 325 0 19044 19881 9388 1.368717908859253
0 324 1 15391 19881 9388 1.3621149063110352
0 324 1 12852 19881 9388 1.356903076171875
0 324 1 14744 19881 9388 1.9628236293792725
0 324 1 13332 19881 9388 1.672126293182373
0 323 2 10890 19881 9388 1.375941276550293
0 322 3 8237 23468 9388 2.4643447399139404
0 323 2 13969 23468 9388 1.532881498336792
0 321 4 11956 23468 9388 1.3562636375427246
0 321 4 10610 23468 9388 2.0108160972595215
0 323 2 15327 23468 9388 1.3813879489898682
0 322 3 13918 23468 9388 1.3989372253417969
0 323 2 12324 23468 9388 1.410163164138794
0 322 3 13527 23468 9388 1.3755919933319092
0 321 4 11070 23468 9388 2.0286293029785156
0 324 1 17665 23468 9388 1.9574689865112305
0 324 1 12128 18847 9388 1.3787715435028076
0 324 1 12352 18847 9388 1.405689001083374
0 324 1 13584 18847 9388 1.3844451904296875
0 321 4 11460 18847 9388 1.4002575874328613
0 324 1 11344 18847 9388 2.4775025844573975
0 323 2 14370 18847 9388 1.473071813583374
0 324 1 16611 18847 9388 1.3584351539611816
0 324 1 14479 18847 9388 1.3839492797851562
0 322 3 9887 18847 9388 2.6599552631378174
0 324 1 16164 18847 9388 1.6373159885406494
0 324 1 17850 25239 9388 1.9026117324829102
0 323 2 15157 25239 9388 1.3946497440338135
0 323 2 13809 25239 9388 1.3784980773925781
0 322 3 17510 25239 9388 1.3913724422454834
0 323 2 19192 25239 9388 1.4841115474700928
0 323 2 18514 25239 9388 2.5818445682525635
0 323 2 16836 25239 9388 1.4000897407531738
0 322 3 21879 25239 9388 1.379255771636963
0 323 2 16503 25239 9388 1.350295066833496
0 322 3 20195 25239 9388 1.4005954265594482
0 324 1 16872 26636 9388 1.3936669826507568
0 324 1 16637 26636 9388 1.3861608505249023
0 323 2 14735 26636 9388 2.3024330139160156
0 323 2 14299 26636 9388 1.7492661476135254
0 324 1 18897 26636 9388 1.4268038272857666
0 323 2 19354 26636 9388 2.553051710128784
0 322 3 16313 26636 9388 1.423093318939209
0 324 1 19856 26636 9388 1.430945634841919
0 323 2 11766 26636 9388 2.479334831237793
0 323 2 16637 26636 9388 2.0366647243499756
1 325 0 17325 21982 9388 1.3902058601379395
0 324 1 17187 21982 9388 2.217514991760254
1 325 0 20094 21982 9388 1.3785426616668701
0 324 1 16002 21982 9388 1.387155532836914
0 324 1 18929 21982 9388 1.41512131690979
0 324 1 16273 21982 9388 2.4280710220336914
0 323 2 18159 21982 9388 1.579836368560791
0 324 1 19327 21982 9388 1.3368456363677979
0 324 1 14594 21982 9388 2.2312347888946533
0 324 1 16041 21982 9388 1.3911049365997314
0 324 1 18078 21274 9388 1.4128146171569824
0 324 1 19459 21274 9388 1.3711869716644287
1 325 0 19680 21274 9388 2.097703456878662
0 324 1 18835 21274 9388 1.5984776020050049
0 322 3 15033 21274 9388 1.356630563735962
1 325 0 20126 21274 9388 2.450791120529175
1 325 0 19114 21274 9388 1.3387174606323242
1 325 0 20515 21274 9388 1.3954708576202393
0 324 1 18653 21274 9388 1.4437744617462158
0 324 1 16001 21274 9388 1.463390827178955
0 321 4 13330 25036 9388 3.0046844482421875
0 324 1 18038 25036 9388 1.363312005996704
0 321 4 13553 25036 9388 1.3534646034240723
0 322 3 14443 25036 9388 1.3719773292541504
0 322 3 15591 25036 9388 1.3734314441680908
0 320 5 11108 25036 9388 1.352780818939209
0 321 4 13055 25036 9388 1.4775230884552002
0 322 3 12488 25036 9388 1.378169298171997
0 324 1 19079 25036 9388 1.3668887615203857
0 320 5 8704 25036 9388 1.3697407245635986
0 323 2 15819 29209 9388 1.4153244495391846
0 323 2 18670 29209 9388 2.3081746101379395
0 322 3 16478 29209 9388 1.3734862804412842
0 324 1 17316 29209 9388 1.3550300598144531
0 323 2 18318 29209 9388 1.3505680561065674
0 322 3 15004 29209 9388 1.7529797554016113
0 324 1 19934 29209 9388 1.7607905864715576
0 322 3 16692 29209 9388 1.3571555614471436
0 324 1 17040 29209 9388 1.4725353717803955
0 323 2 24227 29209 9388 2.9686615467071533
0 322 3 18887 29616 9388 1.425889015197754
0 324 1 21507 29616 9388 2.415396213531494
0 323 2 15325 29616 9388 1.343040943145752
0 322 3 16436 29616 9388 1.3503618240356445
0 322 3 14414 29616 9388 2.2156856060028076
0 323 2 24506 29616 9388 1.3834166526794434
0 323 2 17946 29616 9388 1.399280309677124
0 323 2 12466 29616 9388 1.5781652927398682
0 323 2 17441 29616 9388 1.771921157836914
0 324 1 14143 29616 9388 1.3271498680114746
0 323 2 19091 23116 9388 1.3641667366027832
0 323 2 18165 23116 9388 2.3267457485198975
0 323 2 16032 23116 9388 1.3604013919830322
0 323 2 8763 23116 9388 1.7469573020935059
0 323 2 19035 23116 9388 1.6610186100006104
0 322 3 19131 23116 9388 1.3669438362121582
0 323 2 15594 23116 9388 1.5612163543701172
0 323 2 15646 23116 9388 1.7070279121398926
0 324 1 17641 23116 9388 1.432508945465088
0 324 1 20251 23116 9388 1.733354091644287
0 323 2 16346 21962 9388 1.6273834705352783
0 323 2 15170 21962 9388 1.4070756435394287
0 324 1 16333 21962 9388 1.4077818393707275
0 324 1 15889 21962 9388 1.3804473876953125
0 324 1 16282 21962 9388 2.0998282432556152
0 322 3 18705 21962 9388 1.3456690311431885
0 321 4 14067 21962 9388 1.3355143070220947
0 321 4 12838 21962 9388 1.9893982410430908
0 324 1 18169 21962 9388 1.430957317352295
0 324 1 18720 21962 9388 1.4320108890533447
1 325 0 20613 22554 9388 1.4376695156097412
0 324 1 18064 22554 9388 1.409452199935913
0 324 1 11938 22554 9388 2.104776382446289
0 324 1 17842 22554 9388 1.3394429683685303
0 323 2 17465 22554 9388 1.3506510257720947
0 322 3 20471 22554 9388 2.0702457427978516
0 322 3 14736 22554 9388 1.363572120666504
0 323 2 12078 22554 9388 1.3426849842071533
0 323 2 15157 22554 9388 1.3467321395874023
0 324 1 19861 22554 9388 2.10221529006958
