1 400 0 74 17 1635
2 398.0 0 76 15 1946
3 396.01 0 77 14 1635
4 394.02995 0 76 15 1946
5 392.05980024999997 0 77 14 1635
6 390.09950124874996 0 80 11 1907
7 388.1490037425062 0 77 14 1635
8 386.2082587237937 0 76 15 1634
9 384.2772174301747 0 79 12 1906
10 382.3558313430238 0 78 13 1867
11 380.4440521863087 0 80 11 1828
12 378.54183192537715 0 81 10 1789
13 376.6491227657503 0 79 12 1478
14 374.76587715192153 0 79 12 1167
15 372.8920477661619 0 82 9 1128
16 371.0275875273311 0 80 11 1129
17 369.17244958969445 0 80 11 1168
18 367.326587341746 0 77 14 1207
19 365.4899544050373 0 76 15 1518
20 363.6625046330121 0 74 17 1246
21 361.84419210984703 0 75 16 1285
22 360.0349711492978 0 73 18 1168
23 358.2347962935513 0 74 17 1207
24 356.44362231208356 0 77 14 1518
25 354.6614042005231 0 79 12 1674
26 352.8880971795205 0 79 12 1675
27 351.12365669362293 0 79 12 1674
28 349.36803841015484 0 77 14 1518
29 347.62119821810404 0 78 13 1712
30 345.8830922270135 0 75 16 1751
31 344.1536767658784 0 73 18 1750
32 342.432908382049 0 75 16 1751
33 340.72074384013877 0 76 15 1440
34 339.01714012093805 0 83 8 1439
35 337.32205442033336 0 81 10 1556
36 335.63544414823167 0 80 11 1517
37 333.95726692749054 0 79 12 1828
38 332.28748059285306 0 79 12 1867
39 330.6260431898888 0 81 10 2139
40 328.97291297393934 0 82 9 1945
41 327.32804840906965 0 80 11 1906
42 325.6914081670243 0 78 13 1867
43 324.06295112618915 0 79 12 2178
44 322.4426363705582 0 80 11 1945
45 320.8304231887054 0 78 13 1946
46 319.2262710727619 0 80 11 1945
47 317.6301397173981 0 82 9 2101
48 316.0419890188111 0 83 8 2062
49 314.461779073717 0 82 9 1790
50 312.88947017834846 0 82 9 1829
51 311.32502282745673 0 82 9 2062
52 309.7683977133195 0 84 7 2061
53 308.21955572475287 0 80 11 1750
54 306.6784579461291 0 80 11 1828
55 305.1450656563984 0 81 10 1867
56 303.6193403281164 0 82 9 1556
57 302.1012436264758 0 80 11 1557
58 300.59073740834344 0 81 10 1558
59 299.0877837213017 0 83 8 1557
60 297.5923448026952 0 79 12 1401
61 296.10438307868174 0 79 12 1090
62 294.6238611632883 0 79 12 1401
63 293.15074185747187 0 83 8 1557
64 291.6849881481845 0 82 9 1556
65 290.2265632074436 0 85 6 1517
66 288.77543039140636 0 84 7 1439
67 287.3315532394493 0 83 8 1400
68 285.89489547325206 0 86 5 1711
69 284.4654209958858 0 87 4 1750
70 283.04309389090633 0 87 4 1789
71 281.6278784214518 0 85 6 1750
72 280.2197390293445 0 85 6 1633
73 278.81864033419777 0 87 4 1827
74 277.42454713252675 0 87 4 1594
75 276.03742439686414 0 86 5 1555
77 273.28395108850543 0 84 7 1361
78 271.9175313330629 0 83 8 1167
79 270.5579436763976 0 83 8 1284
80 269.2051539580156 0 83 8 1517
81 267.85912818822555 0 80 11 1595
82 266.5198325472844 0 83 8 1517
83 265.187233384548 0 83 8 1206
84 263.86129721762524 0 82 9 1207
85 262.5419907315371 0 81 10 1051
86 261.2292807778794 0 77 14 1052
87 259.92313437399 0 76 15 741
88 258.62351870212007 0 76 15 740
89 257.33040110860946 0 76 15 934
90 256.04374910306643 0 77 14 973
91 254.7635303575511 0 77 14 1284
92 253.48971270576334 0 81 10 1440
93 252.2222641422345 0 79 12 1441
94 250.96115282152334 0 81 10 1480
95 249.7063470574157 0 79 12 1481
96 248.45781532212862 0 77 14 1442
97 247.215526245518 0 76 15 1753
98 245.9794486142904 0 80 11 1752
99 244.74955137121893 0 78 13 2063
100 243.52580361436284 0 79 12 2062
101 242.30817459629102 0 76 15 1751
102 241.09663372330957 0 74 17 1712
103 239.891150554693 0 76 15 1401
104 238.69169480191954 0 74 17 1712
105 237.49823632790995 0 76 15 1711
106 236.3107451462704 0 75 16 1712
107 235.12919142053903 0 77 14 1751
108 233.95354546343634 0 80 11 1712
109 232.78377773611916 0 80 11 1479
110 231.61985884743856 0 83 8 1323
111 230.46175955320138 0 83 8 1362
112 229.30945075543536 0 82 9 1595
113 228.16290350165818 0 80 11 1556
114 227.0220889841499 0 78 13 1245
115 225.88697853922915 0 78 13 1206
116 224.757543646533 0 82 9 1517
117 223.63375592830033 0 85 6 1478
118 222.51558714865882 0 84 7 1167
119 221.40300921291552 0 80 11 1206
120 220.29599416685093 0 79 12 1400
121 219.19451419601668 0 79 12 1439
122 218.0985416250366 0 78 13 1517
123 217.0080489169114 0 76 15 1828
124 215.92300867232686 0 77 14 1634
125 214.84339362896523 0 77 14 1595
126 213.7691766608204 0 74 17 1634
127 212.70033077751629 0 77 14 1401
128 211.6368291236287 0 79 12 1362
129 210.57864497801054 0 77 14 1595
130 209.5257517531205 0 74 17 1634
131 208.4781229943549 0 78 13 1595
132 207.43573237938313 0 79 12 1634
133 206.3985537174862 0 79 12 1323
134 205.36656094889878 0 78 13 1206
135 204.3397281441543 0 78 13 1245
136 203.3180295034335 0 76 15 1206
137 202.30143935591633 0 75 16 1207
138 201.28993215913675 0 71 20 1246
139 200.28348249834107 0 72 19 1245
140 199.28206508584935 0 75 16 1284
141 198.2856547604201 0 75 16 973
142 197.294226486618 0 76 15 934
143 196.3077553541849 0 79 12 1090
144 195.326216577414 0 82 9 1401
145 194.3495854945269 0 79 12 1402
146 193.37783756705426 0 81 10 1324
147 192.41094837921898 0 81 10 1323
148 191.4488936373229 0 82 9 1634
149 190.49164916913628 0 81 10 1478
150 189.5391909232906 0 81 10 1245
151 188.59149496867414 0 78 13 1206
152 187.64853749383076 0 80 11 1362
153 186.71029480636162 0 80 11 1051
154 185.7767433323298 0 80 11 1284
155 184.84785961566814 0 80 11 1401
156 183.9236203175898 0 82 9 1440
157 183.00400221600185 0 78 13 1129
158 182.08898220492185 0 80 11 1168
159 181.17853729389725 0 81 10 1169
160 180.27264460742776 0 79 12 975
161 179.3712813843906 0 78 13 742
162 178.47442497746866 0 78 13 703
163 177.5820528525813 0 81 10 742
164 176.6941425883184 0 79 12 1053
165 175.8106718753768 0 78 13 1092
166 174.93161851599993 0 76 15 936
167 174.05696042341992 0 79 12 1247
168 173.1866756213028 0 80 11 936
169 172.3207422431963 0 82 9 1208
170 171.4591385319803 0 83 8 1364
171 170.6018428393204 0 83 8 1053
172 169.7488336251238 0 82 9 1247
173 168.9000894569982 0 83 8 1558
174 168.0555890097132 0 82 9 1247
175 167.21531106466463 0 79 12 936
176 166.3792345093413 0 81 10 937
177 165.54733833679458 0 81 10 1015
178 164.7196016451106 0 83 8 1326
179 163.89600363688504 0 85 6 1520
180 163.0765236187006 0 84 7 1831
181 162.2611410006071 0 83 8 1792
182 161.44983529560406 0 83 8 1753
183 160.64258611912604 0 84 7 1559
184 159.8393731885304 0 84 7 1598
185 159.04017632258774 0 84 7 1909
186 158.2449754409748 0 83 8 2103
187 157.45375056376992 0 84 7 1909
188 156.66648181095107 0 84 7 1598
189 155.8831494018963 0 85 6 1637
190 155.1037336548868 0 86 5 1948
191 154.32821498661238 0 85 6 1909
192 153.55657391167932 0 85 6 1870
193 152.78879104212092 0 83 8 1792
194 152.0248470869103 0 83 8 1636
195 151.26472285147577 0 82 9 1869
196 150.50839923721838 0 82 9 1675
197 149.7558572410323 0 83 8 1869
199 148.262042565053 0 84 7 1636
200 147.52073235222775 0 85 6 1635
201 146.7831286904666 0 84 7 1946
202 146.0492130470143 0 84 7 1635
203 145.31896698177923 0 84 7 1324
204 144.59237214687033 0 82 9 1323
205 143.86941028613597 0 84 7 1324
206 143.1500632347053 0 86 5 1013
207 142.43431291853176 0 87 4 1014
208 141.7221413539391 0 88 3 1015
209 141.0135306471694 0 86 5 976
210 140.30846299393355 0 84 7 859
211 139.6069206789639 0 81 10 1170
212 138.90888607556906 0 76 15 859
213 138.2143416451912 0 82 9 858
214 137.52326993696525 0 77 14 857
215 136.83565358728043 0 82 9 1168
216 136.15147531934403 0 81 10 896
217 135.4707179427473 0 78 13 1129
218 134.79336435303358 0 78 13 935
219 134.11939753126842 0 78 13 974
220 133.44880054361207 0 81 10 975
221 132.781556540894 0 81 10 974
222 132.11764875818952 0 83 8 1130
223 131.45706051439856 0 83 8 1441
224 130.79977521182656 0 84 7 1713
225 130.14577633576744 0 85 6 1674
226 129.4950474540886 0 87 4 1635
227 128.84757221681815 0 85 6 1674
228 128.20333435573406 0 85 6 1363
229 127.56231768395538 0 85 6 1557
230 126.9245060955356 0 86 5 1518
231 126.28988356505792 0 86 5 1479
232 125.65843414723263 0 87 4 1790
233 125.03014197649647 0 86 5 1479
234 124.40499126661399 0 86 5 1246
235 123.78296631028093 0 86 5 1479
236 123.16405147872952 0 86 5 1246
237 122.54823122133587 0 85 6 1285
238 121.93549006522919 0 83 8 1596
239 121.32581261490304 0 81 10 1635
240 120.71918355182852 0 85 6 1324
241 120.11558763406939 0 85 6 1323
242 119.51500969589904 0 87 4 1517
243 118.91743464741954 0 84 7 1828
244 118.32284747418244 0 81 10 1634
245 117.73123323681152 0 82 9 1478
246 117.14257707062747 0 81 10 1711
247 116.55686418527434 0 85 6 1672
248 115.97407986434796 0 83 8 1673
249 115.39420946502622 0 84 7 1401
250 114.81723841770109 0 85 6 1090
251 114.24315222561259 0 85 6 1362
252 113.67193646448453 0 85 6 1673
253 113.10357678216211 0 85 6 1672
254 112.5380588982513 0 86 5 1983
255 111.97536860376003 0 85 6 1672
256 111.41549176074123 0 81 10 1711
257 110.85841430193753 0 81 10 2022
258 110.30412223042784 0 81 10 1711
259 109.7526016192757 0 81 10 2022
260 109.20383861117932 0 80 11 2061
261 108.65781941812342 0 76 15 2062
262 108.1145303210328 0 76 15 2023
263 107.57395766942764 0 77 14 2140
264 107.0360878810805 0 77 14 1829
265 106.5009074416751 0 80 11 1790
266 105.96840290446671 0 80 11 1479
267 105.43856088994438 0 80 11 1635
268 104.91136808549466 0 83 8 1596
269 104.38681124506718 0 85 6 1595
270 103.86487718884185 0 89 2 1594
271 103.34555280289763 0 86 5 1633
272 102.82882503888314 0 85 6 1400
273 102.31468091368872 0 84 7 1439
274 101.80310750912028 0 85 6 1478
275 101.29409197157467 0 84 7 1479
276 100.7876215117168 0 80 11 1790
277 100.28368340415821 0 82 9 1518
278 99.78226498713742 0 84 7 1479
279 99.28335366220173 0 82 9 1518
280 98.78693689389073 0 85 6 1207
281 98.29300220942127 0 83 8 1090
282 97.80153719837416 0 84 7 1129
283 97.3125295123823 0 84 7 1168
284 96.82596686482039 0 79 12 1479
285 96.34183703049628 0 84 7 1168
286 95.8601278453438 0 83 8 1012
287 95.38082720611708 0 78 13 1013
288 94.90392307008649 0 78 13 1012
289 94.42940345473606 0 84 7 1011
290 93.95725643746238 0 82 9 817
291 93.48747015527506 0 83 8 818
292 93.02003280449868 0 84 7 779
293 92.5549326404762 0 83 8 857
294 92.09215797727381 0 84 7 858
295 91.63169718738745 0 85 6 819
296 91.17353870145051 0 85 6 975
297 90.71767100794325 0 79 12 974
298 90.26408265290354 0 77 14 935
299 89.81276223963903 0 77 14 779
300 89.36369842844083 0 74 17 818
301 88.91687993629863 0 76 15 507
302 88.47229553661714 0 76 15 196
303 88.02993405893405 0 78 13 157
304 87.58978438863937 0 76 15 196
305 87.15183546669617 0 75 16 507
306 86.71607628936269 0 76 15 508
307 86.28249590791587 0 79 12 819
308 85.8510834283763 0 77 14 1013
309 85.42182801123441 0 75 16 1324
310 84.99471887117824 0 77 14 1363
311 84.56974527682235 0 75 16 1324
312 84.14689655043823 0 73 18 1557
313 83.72616206768603 0 75 16 1829
314 83.3075312573476 0 79 12 1790
315 82.89099360106087 0 80 11 1829
316 82.47653863305557 0 81 10 1868
317 82.06415593989028 0 83 8 2179
318 81.65383516019084 0 83 8 2178
319 81.24556598438988 0 83 8 1867
320 80.83933815446794 0 79 12 1595
321 80.4351414636956 0 79 12 1284
322 80.03296575637712 0 76 15 1478
323 79.63280092759524 0 73 18 1517
324 79.23463692295726 0 75 16 1439
325 78.83846373834248 0 73 18 1245
326 78.44427141965078 0 75 16 1206
327 78.05205006255252 0 74 17 1517
328 77.66178981223976 0 75 16 1634
329 77.27348086317856 0 78 13 1635
330 76.88711345886267 0 76 15 1713
331 76.50267789156835 0 73 18 1712
332 76.12016450211051 0 74 17 1401
333 75.73956367959995 0 75 16 1402
334 75.36086586120196 0 76 15 1403
335 74.98406153189595 0 76 15 1364
336 74.60914122423647 0 76 15 1325
337 74.23609551811528 0 76 15 1519
338 73.8649150405247 0 79 12 1675
339 73.49559046532208 0 81 10 1674
340 73.12811251299547 0 80 11 1673
341 72.7624719504305 0 78 13 1674
342 72.39865959067834 0 79 12 1480
343 72.03666629272495 0 79 12 1479
344 71.67648296126131 0 80 11 1518
345 71.31810054645501 0 78 13 1519
346 70.96151004372274 0 77 14 1208
347 70.60670249350413 0 78 13 1091
348 70.25366898103661 0 77 14 1208
349 69.90240063613143 0 80 11 897
350 69.55288863295077 0 81 10 898
351 69.20512418978602 0 81 10 859
352 68.85909856883708 0 78 13 898
353 68.5148030759929 0 76 15 899
354 68.17222906061293 0 77 14 898
355 67.83136791530987 0 74 17 742
356 67.49221107573332 0 70 21 741
357 67.15475002035465 0 71 20 1052
358 66.81897627025288 0 73 18 819
359 66.48488138890161 0 71 20 1013
360 66.1524569819571 0 72 19 702
361 65.82169469704732 0 72 19 508
362 65.49258622356209 0 70 21 741
363 65.16512329244428 0 74 17 740
364 64.83929767598205 0 75 16 623
365 64.51510118760214 0 75 16 624
366 64.19252568166414 0 78 13 625
367 63.87156305325581 0 79 12 936
368 63.55220523798953 0 76 15 937
369 63.234444211799584 0 76 15 1248
370 62.918271990740585 0 76 15 937
371 62.60368063078688 0 79 12 898
372 62.29066222763295 0 76 15 937
373 61.979208916494784 0 76 15 1248
374 61.66931287191231 0 76 15 1247
375 61.36096630755275 0 79 12 1519
376 61.05416147601499 0 74 17 1518
377 60.748890668634914 0 74 17 1519
378 60.445146215291736 0 74 17 1518
379 60.142920484215274 0 75 16 1285
380 59.8422058817942 0 77 14 1324
381 59.54299485238523 0 79 12 1441
382 59.2452798781233 0 81 10 1363
383 58.94905347873268 0 82 9 1324
384 58.654308211339014 0 83 8 1325
385 58.36103667028232 0 81 10 1403
386 58.0692314869309 0 79 12 1364
387 57.77888532949625 0 81 10 1286
388 57.48999090284877 0 83 8 1325
389 57.20254094833452 0 83 8 1131
390 56.91652824359285 0 80 11 1014
391 56.631945602374884 0 81 10 975
392 56.34878587436301 0 79 12 1208
393 56.067041944991196 0 73 18 897
394 55.78670673526624 0 71 20 975
395 55.50777320158991 0 70 21 936
396 55.23023433558196 0 75 16 1053
397 54.95408316390405 0 77 14 1209
398 54.679312748084534 0 81 10 1520
399 54.405916184344115 0 81 10 1519
400 54.1338866034224 0 79 12 1286
401 53.863217170405285 0 81 10 975
402 53.59390108455326 0 84 7 974
403 53.32593157913049 0 82 9 1285
404 53.059301921234834 0 84 7 1286
405 52.79400541162866 0 82 9 1285
406 52.53003538457052 0 81 10 1479
407 52.26738520764766 0 82 9 1440
408 52.006048281609424 0 81 10 1751
409 51.74601804020138 0 85 6 2062
410 51.48728795000037 0 82 9 2063
411 51.22985151025037 0 77 14 2064
412 50.97370225269912 0 76 15 2103
413 50.718833741435624 0 79 12 1947
414 50.46523957272844 0 76 15 2103
415 50.2129133748648 0 79 12 1947
416 49.96184880799047 0 81 10 2141
417 49.71203956395052 0 80 11 2180
418 49.46347936613077 0 83 8 2102
419 49.21616196930012 0 82 9 2101
420 48.97008115945361 0 83 8 2062
421 48.72523075365635 0 81 10 1945
422 48.481604599888065 0 80 11 1751
423 48.239196576888624 0 81 10 1479
424 47.99800059400418 0 81 10 1480
425 47.758010591034164 0 80 11 1519
426 47.51922053807899 0 76 15 1675
427 47.28162443538859 0 75 16 1364
428 47.045216313211654 0 74 17 1170
429 46.80999023164559 0 75 16 1209
430 46.575940280487366 0 77 14 1520
431 46.34306057908493 0 80 11 1519
432 46.1113452761895 0 78 13 1208
433 45.88078854980856 0 79 12 1402
434 45.65138460705951 0 78 13 1401
435 45.423127684024216 0 78 13 1402
436 45.19601204560409 0 77 14 1246
437 44.970031985376075 0 79 12 1207
438 44.745181825449194 0 82 9 1518
439 44.52145591632195 0 83 8 1519
440 44.29884863674034 0 79 12 1675
441 44.07735439355664 0 79 12 1364
443 43.63768278348091 0 78 13 1170
444 43.41949436956351 0 82 9 859
445 43.202396897715694 0 80 11 1170
446 42.98638491322711 0 83 8 1014
447 42.771452988660975 0 84 7 975
448 42.55759572371767 0 85 6 1014
449 42.34480774509908 0 82 9 1247
450 42.13308370637359 0 82 9 1246
451 41.92241828784172 0 82 9 1207
452 41.71280619640251 0 84 7 974
453 41.5042421654205 0 81 10 975
454 41.2967209545934 0 82 9 1286
456 40.884786163071325 0 81 10 1480
457 40.680362232255966 0 82 9 1481
458 40.47696042109469 0 83 8 1714
459 40.27457561898922 0 82 9 1675
460 40.073202740894274 0 81 10 1442
461 39.8728367271898 0 78 13 1481
462 39.67347254355385 0 81 10 1442
463 39.47510518083608 0 81 10 1441
464 39.2777296549319 0 81 10 1480
465 39.08134100665724 0 82 9 1519
466 38.885934301623955 0 81 10 1675
467 38.69150463011584 0 82 9 1714
468 38.49804710696526 0 82 9 1792
469 38.30555687143043 0 84 7 2064
470 38.114029087073284 0 82 9 2025
471 37.92345894163792 0 80 11 1714
472 37.733841646929726 0 80 11 1753
473 37.545172438695076 0 82 9 1442
474 37.3574465765016 0 84 7 1559
475 37.17065934361909 0 83 8 1560
476 36.984806046901 0 82 9 1521
477 36.799882016666494 0 82 9 1443
478 36.61588260658316 0 82 9 1404
479 36.43280319355025 0 83 8 1365
480 36.2506391775825 0 83 8 1676
481 36.06938598169459 0 79 12 1404
482 35.88903905178611 0 81 10 1093
483 35.709593856527185 0 80 11 1132
484 35.53104588724455 0 81 10 1093
485 35.353390657808326 0 80 11 1132
486 35.17662370451929 0 78 13 1443
488 34.8257368830667 0 79 12 1637
489 34.65160819865137 0 79 12 1676
490 34.47835015765811 0 77 14 1365
491 34.30595840686982 0 77 14 1598
492 34.13442861483547 0 79 12 1637
493 33.96375647176129 0 80 11 1520
494 33.79393768940248 0 81 10 1559
495 33.62496800095547 0 80 11 1326
496 33.45684316095069 0 79 12 1637
497 33.289558945145934 0 80 11 1326
498 33.12311115042021 0 79 12 1132
499 32.9574955946681 0 80 11 1326
500 32.79270811669476 0 80 11 1443
501 32.62874457611129 0 81 10 1287
502 32.46560085323073 0 81 10 1248
503 32.30327284896458 0 78 13 1209
504 32.14175648471976 0 81 10 1248
505 31.98104770229616 0 81 10 1287
506 31.82114246378468 0 79 12 1248
507 31.662036751465756 0 79 12 1481
508 31.503726567708426 0 79 12 1248
509 31.346207934869884 0 74 17 1247
510 31.189476895195536 0 76 15 1208
511 31.033529510719557 0 75 16 1207
512 30.87836186316596 0 76 15 1208
513 30.72397005385013 0 76 15 1014
514 30.57035020358088 0 78 13 703
515 30.417498452562974 0 78 13 664
516 30.26541096030016 0 79 12 975
517 30.114083905498656 0 80 11 1247
518 29.963513485971163 0 82 9 1558
519 29.813695918541306 0 79 12 1636
520 29.6646274389486 0 77 14 1519
521 29.516304301753856 0 77 14 1208
522 29.368722780245086 0 79 12 1325
523 29.22187916634386 0 82 9 1326
524 29.075769770512142 0 83 8 1365
525 28.93039092165958 0 81 10 1676
526 28.78573896705128 0 82 9 1365
527 28.641810272216023 0 82 9 1364
528 28.498601220854944 0 82 9 1325
529 28.35610821475067 0 79 12 1364
530 28.214327673676916 0 80 11 1363
531 28.073256035308532 0 75 16 1091
533 27.793225306356327 0 75 16 897
534 27.654259179824546 0 79 12 898
535 27.515987883925423 0 79 12 781
536 27.378407944505796 0 80 11 703
537 27.241515904783267 0 81 10 820
538 27.10530832525935 0 79 12 819
539 26.969781783633053 0 76 15 897
540 26.834932874714887 0 79 12 898
541 26.700758210341313 0 77 14 1209
542 26.567254419289608 0 78 13 1210
543 26.43441814719316 0 78 13 1171
544 26.302246056457193 0 77 14 1170
545 26.170734826174908 0 79 12 1326
546 26.039881152044032 0 77 14 1325
547 25.909681746283812 0 76 15 1324
548 25.780133337552392 0 75 16 1363
550 25.522976507510307 0 73 18 1402
551 25.395361624972757 0 71 20 1091
552 25.26838481684789 0 71 20 1052
553 25.14204289276365 0 76 15 974
554 25.016332678299833 0 77 14 663
555 24.891251014908335 0 79 12 857
556 24.766794759833793 0 78 13 1168
557 24.642960786034624 0 77 14 1012
558 24.51974598210445 0 80 11 1323
559 24.39714725219393 0 83 8 1595
560 24.275161515932957 0 80 11 1323
561 24.153785708353293 0 83 8 1362
562 24.033016779811526 0 81 10 1401
563 23.91285169591247 0 80 11 1479
564 23.793287437432905 0 81 10 1518
566 23.55594939524451 0 79 12 1207
567 23.43816964826829 0 79 12 1401
568 23.320978800026946 0 79 12 1634
570 23.08835203649668 0 77 14 1440
571 22.972910276314195 0 76 15 1401
572 22.858045724932623 0 71 20 1402
573 22.74375549630796 0 71 20 1403
575 22.516886535232285 0 76 15 1402
576 22.404302102556123 0 74 17 1091
577 22.292280592043344 0 74 17 1402
578 22.180819189083127 0 73 18 1363
579 22.069915093137713 0 75 16 1635
580 21.959565517672026 0 79 12 1402
581 21.849767690083667 0 81 10 1091
582 21.740518851633247 0 82 9 1013
583 21.631816257375082 0 83 8 1324
584 21.523657176088207 0 82 9 1013
585 21.416038890207766 0 82 9 974
586 21.308958695756726 0 80 11 975
587 21.202413902277943 0 82 9 974
588 21.096401832766553 0 86 5 975
590 20.885965224484707 0 86 5 936
591 20.781535398362283 0 87 4 742
592 20.67762772137047 0 88 3 781
593 20.574239582763617 0 87 4 975
594 20.4713683848498 0 85 6 974
595 20.369011542925552 0 85 6 935
596 20.267166485210925 0 85 6 974
597 20.16583065278487 0 84 7 975
599 19.96467649202334 0 84 7 1014
600 19.864853109563224 0 82 9 1247
601 19.765528844015407 0 81 10 1558
602 19.66670119979533 0 81 10 1752
603 19.568367693796354 0 81 10 1713
604 19.470525855327374 0 82 9 1402
605 19.373173226050735 0 82 9 1713
606 19.27630735992048 0 80 11 1712
608 19.084026194005276 0 79 12 1440
609 18.98860606303525 0 79 12 1479
610 18.893663032720074 0 80 11 1790
611 18.799194717556475 0 81 10 1946
612 18.70519874396869 0 80 11 1907
613 18.611672750248847 0 82 9 1790
615 18.426021314565116 0 81 10 1791
616 18.33389120799229 0 82 9 1790
617 18.24222175195233 0 80 11 1557
618 18.151010643192567 0 82 9 1518
620 17.96995431202672 0 80 11 1557
621 17.880104540466586 0 78 13 1518
622 17.790704017764252 0 77 14 1362
623 17.70175049767543 0 79 12 1361
624 17.613241745187054 0 78 13 1050
625 17.52517553646112 0 79 12 739
626 17.437549658778813 0 79 12 856
627 17.35036191048492 0 76 15 934
628 17.263610100932496 0 75 16 935
629 17.177292050427834 0 72 19 741
630 17.091405590175693 0 79 12 740
631 17.005948562224816 0 76 15 779
632 16.920918819413693 0 76 15 1090
633 16.836314225316624 0 76 15 1401
634 16.752132654190042 0 78 13 1440
635 16.66837199091909 0 78 13 1441
636 16.585030130964494 0 78 13 1324
637 16.50210498030967 0 79 12 1596
638 16.419594455408124 0 78 13 1324
639 16.337496483131083 0 77 14 1635
640 16.255809000715427 0 78 13 1596
641 16.17452995571185 0 79 12 1518
642 16.09365730593329 0 78 13 1517
643 16.013189019403626 0 81 10 1478
644 15.933123074306607 0 78 13 1517
645 15.853457458935074 0 78 13 1673
646 15.774190171640399 0 80 11 1712
647 15.695319220782197 0 82 9 1401
648 15.616842624678286 0 83 8 1362
649 15.538758411554895 0 83 8 1051
650 15.46106461949712 0 82 9 1284
651 15.383759296399635 0 82 9 1323
652 15.306840499917637 0 82 9 1284
653 15.23030629741805 0 84 7 1478
655 15.078383992101305 0 85 6 1479
656 15.002992072140799 0 87 4 1440
657 14.927977111780095 0 85 6 1246
658 14.853337226221194 0 84 7 1285
659 14.779070540090089 0 83 8 1324
660 14.705175187389639 0 84 7 1518
661 14.63164931145269 0 82 9 1519
662 14.558491064895428 0 78 13 1518
663 14.485698609570951 0 80 11 1557
664 14.413270116523096 0 80 11 1868
665 14.341203765940481 0 80 11 1829
666 14.269497747110778 0 80 11 1868
668 14.127159507083347 0 75 16 1712
669 14.05652370954793 0 77 14 1711
672 13.846728336117463 0 79 12 1478
673 13.777494694436877 0 80 11 1750
674 13.708607220964693 0 80 11 1556
675 13.640064184859868 0 80 11 1517
676 13.571863863935569 0 79 12 1518
677 13.50400454461589 0 80 11 1479
678 13.43648452189281 0 81 10 1478
679 13.369302099283345 0 82 9 1634
680 13.302455588786929 0 83 8 1595
681 13.235943310842995 0 82 9 1634
682 13.16976359428878 0 83 8 1323
686 12.908337210291453 0 82 9 1012
687 12.843795524239995 0 81 10 1206
688 12.779576546618795 0 83 8 1167
690 12.652100270566272 0 81 10 1284
691 12.588839769213441 0 81 10 1517
692 12.525895570367375 0 83 8 1516
693 12.463266092515537 0 82 9 1594
694 12.40094976205296 0 82 9 1633
695 12.338945013242695 0 80 11 1634
696 12.27725028817648 0 85 6 1595
697 12.215864036735598 0 86 5 1594
698 12.15478471655192 0 85 6 1595
699 12.09401079296916 0 83 8 1906
700 12.033540739004314 0 82 9 1945
701 11.973373035309292 0 79 12 1946
702 11.913506170132745 0 82 9 1945
703 11.853938639282081 0 81 10 1984
704 11.79466894608567 0 81 10 1945
705 11.735695601355241 0 83 8 1751
706 11.677017123348465 0 84 7 2062
707 11.618632037731723 0 82 9 1868
708 11.560538877543065 0 81 10 2179
709 11.50273618315535 0 82 9 2101
710 11.445222502239572 0 79 12 1945
711 11.387996389728373 0 77 14 1946
712 11.331056407779732 0 77 14 1985
713 11.274401125740834 0 76 15 2024
714 11.21802912011213 0 80 11 2025
715 11.16193897451157 0 78 13 2219
716 11.106129279639012 0 78 13 2180
717 11.050598633240817 0 80 11 2336
718 10.995345640074612 0 82 9 2025
719 10.94036891187424 0 84 7 1714
720 10.885667067314868 0 82 9 2025
721 10.831238731978294 0 81 10 1753
723 10.723197125626811 0 81 10 1520
725 10.616233234298683 0 78 13 1519
727 10.510336307786554 0 81 10 1518
728 10.457784626247621 0 79 12 1751
729 10.405495703116383 0 76 15 1595
730 10.353468224600801 0 78 13 1556
731 10.301700883477798 0 82 9 1517
732 10.250192379060408 0 80 11 1595
733 10.198941417165106 0 81 10 1401
734 10.14794671007928 0 79 12 1440
735 10.097206976528884 0 78 13 1479
736 10.04672094164624 0 79 12 1401
737 9.99648733693801 0 81 10 1557
739 9.896772375752054 0 80 11 1751
740 9.847288513873293 0 78 13 1595
741 9.798052071303927 0 77 14 1906
742 9.749061810947406 0 78 13 1595
743 9.700316501892669 0 79 12 1401
744 9.651814919383206 0 78 13 1479
746 9.555538065562358 0 80 11 1246
747 9.507760375234545 0 81 10 1285
748 9.460221573358373 0 82 9 1207
749 9.412920465491581 0 81 10 1285
750 9.365855863164123 0 78 13 1479
751 9.319026583848302 0 78 13 1673
752 9.27243145092906 0 78 13 1634
753 9.226069293674415 0 80 11 1440
754 9.179938947206043 0 81 10 1479
755 9.134039252470012 0 83 8 1478
756 9.088369056207663 0 81 10 1439
757 9.042927210926624 0 81 10 1400
758 8.997712574871992 0 83 8 1711
759 8.952724011997631 0 82 9 1944
760 8.907960391937642 0 81 10 1750
761 8.863420589977954 0 83 8 1711
762 8.819103487028064 0 85 6 1983
763 8.775007969592924 0 83 8 1984
764 8.731132929744959 0 82 9 2140
765 8.687477265096234 0 80 11 2179
767 8.6008196793769 0 83 8 2140
768 8.557815580980014 0 84 7 2139
770 8.472451370559739 0 81 10 2140
771 8.43008911370694 0 79 12 2141
772 8.387938668138405 0 82 9 2142
774 8.304268979923725 0 80 11 2141
775 8.262747635024105 0 75 16 2142
776 8.221433896848986 0 77 14 2336
778 8.139425093727917 0 79 12 2025
779 8.098727968259277 0 78 13 1869
780 8.058234328417981 0 78 13 1558
781 8.01794315677589 0 80 11 1559
782 7.977853440992011 0 78 13 1598
783 7.937964173787051 0 77 14 1481
784 7.898274352918116 0 79 12 1442
785 7.858782981153525 0 79 12 1481
786 7.819489066247757 0 78 13 1675
787 7.780391620916519 0 77 14 1674
788 7.7414896628119365 0 72 19 1673
789 7.702782214497876 0 73 18 1634
790 7.664268303425387 0 73 18 1673
791 7.62594696190826 0 71 20 1674
792 7.587817227098718 0 73 18 1673
793 7.549878140963224 0 79 12 1672
794 7.512128750258408 0 77 14 1673
796 7.43719526597458 0 78 13 1634
797 7.400009289644707 0 78 13 1945
800 7.289563225995598 0 79 12 1751
801 7.25311540986562 0 80 11 1673
802 7.216849832816291 0 79 12 1751
803 7.18076558365221 0 75 16 1790
805 7.1091374469552795 0 76 15 1829
806 7.073591759720503 0 75 16 2023
807 7.038223800921901 0 76 15 2022
809 6.968017518507704 0 78 13 1711
810 6.9331774309151655 0 77 14 1750
811 6.8985115437605895 0 79 12 1556
812 6.864018986041787 0 80 11 1478
813 6.829698891111578 0 80 11 1517
814 6.79555039665602 0 82 9 1673
815 6.761572644672739 0 85 6 1672
816 6.727764781449376 0 86 5 1439
817 6.694125957542129 0 85 6 1440
818 6.6606553277544185 0 84 7 1401
819 6.627352051115646 0 84 7 1402
820 6.594215290860068 0 85 6 1091
821 6.561244214405767 0 86 5 935
822 6.528437993333738 0 85 6 1246
823 6.495795803367069 0 86 5 1207
824 6.463316824350234 0 85 6 1206
825 6.431000240228483 0 85 6 1439
826 6.398845239027341 0 86 5 1556
827 6.366851012832204 0 85 6 1595
829 6.303341673979203 0 83 8 1556
830 6.271824965609307 0 82 9 1555
832 6.209263511577354 0 83 8 1322
833 6.178217194019467 0 84 7 1323
834 6.14732610804937 0 82 9 1051
837 6.05557649747097 0 82 9 1129
838 6.0252986149836145 0 79 12 1090
840 5.965196261299153 0 82 9 1362
841 5.935370279992657 0 85 6 1323
842 5.905693428592694 0 83 8 1324
843 5.876164961449731 0 82 9 1635
844 5.846784136642482 0 83 8 1791
846 5.788462464879473 0 85 6 1830
848 5.7307225517923 0 85 6 2141
849 5.702068939033339 0 86 5 2142
850 5.673558594338172 0 84 7 2336
851 5.645190801366481 0 81 10 2569
852 5.6169648473596485 0 80 11 2413
853 5.58888002312285 0 80 11 2412
854 5.560935623007236 0 82 9 2411
855 5.5331309448922 0 79 12 2450
856 5.505465290167739 0 81 10 2139
857 5.4779379637169 0 82 9 1828
858 5.450548273898315 0 82 9 1634
859 5.423295532528823 0 81 10 1673
862 5.342352168793889 0 80 11 1672
863 5.315640407949919 0 81 10 1594
867 5.210122291354184 0 83 8 1361
869 5.158151321497925 0 83 8 1362
870 5.132360564890436 0 85 6 1518
872 5.081165268255654 0 85 6 1479
874 5.030480644704803 0 85 6 1518
875 5.005328241481279 0 86 5 1596
876 4.980301600273872 0 85 6 1518
878 4.93062309181114 0 83 8 1479
879 4.905969976352084 0 82 9 1168
881 4.857032925837972 0 82 9 1207
882 4.832747761208782 0 82 9 935
883 4.808584022402738 0 83 8 1013
884 4.784541102290724 0 83 8 1324
885 4.760618396779271 0 81 10 1285
886 4.736815304795375 0 82 9 1557
887 4.713131228271398 0 81 10 1868
888 4.689565572130041 0 83 8 1907
889 4.666117744269391 0 84 7 1596
890 4.642787155548044 0 81 10 1402
891 4.619573219770304 0 84 7 1285
892 4.596475353671453 0 84 7 1207
893 4.573492976903095 0 84 7 1285
896 4.505233022536194 0 84 7 1207
898 4.460293323136395 0 85 6 1168
899 4.437991856520713 0 86 5 1362
903 4.349895501946594 0 85 6 1323
904 4.328146024436861 0 85 6 1284
905 4.306505294314676 0 86 5 1323
907 4.263547904003887 0 87 4 1012
908 4.242230164483868 0 84 7 1013
909 4.221019013661448 0 82 9 1324
910 4.199913918593141 0 82 9 1518
913 4.137229678368898 0 83 8 1829
914 4.116543529977054 0 82 9 1790
915 4.095960812327169 0 84 7 1789
916 4.075481008265533 0 85 6 1750
917 4.055103603224206 0 80 11 1751
918 4.034828085208084 0 81 10 2062
919 4.014653944782044 0 80 11 1868
921 3.9746077716828427 0 83 8 1712
922 3.9547347328244284 0 81 10 1713
923 3.9349610591603064 0 82 9 1402
924 3.915286253864505 0 79 12 1441
925 3.8957098225951823 0 78 13 1440
927 3.8568501171147953 0 81 10 1401
929 3.818378037196575 0 82 9 1634
930 3.7992861470105925 0 81 10 1673
931 3.7802897162755396 0 83 8 1672
932 3.7613882676941617 0 83 8 1866
933 3.742581326355691 0 81 10 1867
934 3.7238684197239125 0 77 14 1906
936 3.686722832237167 0 79 12 1905
938 3.649947771985601 0 77 14 1906
940 3.6135395429600448 0 76 15 1907
942 3.577494486019018 0 73 18 1985
943 3.559607013588923 0 76 15 1674
944 3.5418089785209785 0 78 13 1830
945 3.524099933628374 0 78 13 2141
946 3.506479433960232 0 80 11 2180
947 3.4889470367904307 0 82 9 1908
948 3.4715023016064785 0 79 12 1752
950 3.4368740661479538 0 82 9 1908
952 3.402591247338128 0 81 10 2025
953 3.3855782911014374 0 82 9 2024
955 3.3518071476477007 0 81 10 1985
956 3.335048111909462 0 81 10 2296
957 3.318372871349915 0 80 11 2257
958 3.3017810069931652 0 75 16 2296
959 3.285272101958199 0 76 15 2335
960 3.2688457414484082 0 75 16 2296
962 3.23623900517746 0 76 15 1985
963 3.2200578101515727 0 78 13 2257
964 3.203957521100815 0 77 14 2296
965 3.187937733495311 0 79 12 2335
966 3.171998044827834 0 83 8 2334
967 3.1561380546036952 0 81 10 2645
968 3.1403573643306766 0 82 9 2567
969 3.124655577509023 0 80 11 2528
971 3.0934871381233706 0 81 10 2411
975 3.032079873621482 0 83 8 2139
977 3.0018348768821075 0 82 9 2140
978 2.986825702497697 0 83 8 2139
979 2.9718915739852085 0 82 9 2140
980 2.9570321161152826 0 82 9 2218
982 2.927535720757033 0 84 7 1985
983 2.9128980421532478 0 86 5 1674
984 2.8983335519424815 0 87 4 1713
985 2.883841884182769 0 86 5 1674
987 2.855075561388046 0 87 4 1673
988 2.8408001835811056 0 87 4 1634
990 2.812463201749884 0 88 3 1673
991 2.7984008857411347 0 87 4 1674
995 2.742851230707731 0 82 9 1673
996 2.7291369745541925 0 82 9 1634
997 2.7154912896814216 0 82 9 1673
998 2.7019138332330144 0 82 9 1634
999 2.688404264066849 0 82 9 1673
1000 2.6749622427465147 0 83 8 1595
1001 2.6615874315327823 0 85 6 1284
1002 2.6482794943751182 0 84 7 1362
1004 2.6218629064187264 0 82 9 1673
1006 2.5957098239271996 0 81 10 1634
1007 2.5827312748075637 0 83 8 1595
1009 2.5569685303413583 0 85 6 1284
1010 2.5441836876896513 0 83 8 1323
1011 2.531462769251203 0 84 7 1556
1012 2.518805455404947 0 81 10 1595
1013 2.5062114281279224 0 85 6 1596
1014 2.4936803709872826 0 86 5 1402
1015 2.481211969132346 0 86 5 1401
1016 2.4688059092866843 0 86 5 1362
1017 2.456461879740251 0 86 5 1401
1018 2.4441795703415496 0 86 5 1402
1019 2.431958672489842 0 82 9 1403
1020 2.4197988791273928 0 80 11 1442
1021 2.407699884731756 0 82 9 1403
1022 2.395661385308097 0 82 9 1442
1023 2.3836830783815564 0 80 11 1714
1024 2.3717646629896487 0 77 14 1908
1025 2.3599058396747004 0 80 11 1597
1027 2.336365778923945 0 82 9 1558
1029 2.3130605302791785 0 83 8 1675
1031 2.2899877514896434 0 83 8 1597
1032 2.2785378127321954 0 83 8 1675
1033 2.2671451236685343 0 84 7 1986
1034 2.2558093980501916 0 83 8 1947
1036 2.2333076993046412 0 83 8 1986
1038 2.2110304550040776 0 86 5 1947
1039 2.199975302729057 0 87 4 2258
1040 2.188975426215412 0 88 3 2064
1041 2.178030549084335 0 86 5 2103
1042 2.1671403963389135 0 85 6 2104
1043 2.156304694357219 0 84 7 2065
1044 2.1455231708854328 0 82 9 1987
1045 2.1347955550310056 0 81 10 1986
1046 2.1241215772558504 0 83 8 1985
1047 2.113500969369571 0 83 8 2024
1050 2.0819567032141086 0 85 6 2102
1053 2.0508832391740506 0 84 7 2296
1054 2.04062882297818 0 86 5 2257
1055 2.0304256788632893 0 87 4 2024
1058 2.0001213218030447 0 86 5 1907
1059 1.9901207151940294 0 87 4 2024
1061 1.970269261059969 0 88 3 1830
1063 1.9506158251808958 0 86 5 1752
1064 1.9408627460549914 0 86 5 1791
1066 1.9215026401630928 0 86 5 1790
1070 1.8833598532054743 0 86 5 1791
1072 1.8645733386697496 0 86 5 1985
1074 1.845974219616519 0 81 10 1984
1075 1.8367443485184363 0 83 8 2023
1081 1.782326222517774 0 83 8 2101
1082 1.773414591405185 0 81 10 2062
1087 1.7295203690360461 0 81 10 2101
1088 1.720872767190866 0 83 8 2140
1089 1.7122684033549116 0 88 3 2141
1090 1.703707061338137 0 88 3 2140
1091 1.6951885260314463 0 88 3 2141
1095 1.6615381872549517 0 86 5 2452
1097 1.6449643438370836 0 85 6 2413
1099 1.6285558245073086 0 85 6 2374
1104 1.5882470372401198 0 81 10 2373
1105 1.5803058020539191 0 85 6 2374
1106 1.5724042730436496 0 85 6 2413
1107 1.5645422516784313 0 85 6 2374
1109 1.548935942717939 0 82 9 2375
1110 1.5411912630043494 0 83 8 2064
1111 1.5334853066893277 0 86 5 2063
1112 1.525817880155881 0 81 10 2062
1113 1.5181887907551017 0 80 11 2063
1114 1.5105978468013261 0 79 12 2374
1115 1.5030448575673194 0 83 8 2375
1117 1.4880519851130853 0 85 6 2064
1118 1.48061172518752 0 86 5 2063
1119 1.4732086665615822 0 85 6 2374
1121 1.4585134101126302 0 80 11 2607
1123 1.4439647388467567 0 81 10 2568
1124 1.436744915152523 0 84 7 2529
1125 1.4295611905767602 0 85 6 2412
1126 1.4224133846238765 0 84 7 2529
1127 1.415301317700757 0 82 9 2568
1128 1.408224811112253 0 80 11 2607
1129 1.4011836870566918 0 78 13 2608
1130 1.3941777686214083 0 79 12 2569
1132 1.3802708453794097 0 76 15 2570
1133 1.3733694911525127 0 79 12 2337
1134 1.3665026436967502 0 80 11 2298
1135 1.3596701304782666 0 84 7 2297
1136 1.3528717798258751 0 83 8 2336
1137 1.3461074209267458 0 78 13 2335
1138 1.339376883822112 0 81 10 2296
1139 1.3326799994030014 0 82 9 2218
1140 1.3260165994059865 0 83 8 1946
1142 1.312789583826912 0 82 9 2024
1146 1.2867300550136493 0 81 10 2296
1147 1.2802964047385812 0 78 13 2335
1148 1.2738949227148884 0 81 10 2334
1149 1.2675254481013138 0 86 5 2335
1150 1.2611878208608072 0 87 4 2296
1151 1.254881881756503 0 84 7 2297
1152 1.2486074723477205 0 84 7 2336
1153 1.242364434985982 0 84 7 2375
1154 1.236152612811052 0 86 5 2414
1155 1.2299718497469967 0 85 6 2336
1156 1.2238219904982617 0 81 10 2569
1158 1.2116143661430414 0 82 9 2297
1159 1.2055562943123261 0 84 7 1986
1161 1.1935308702765606 0 80 11 1985
1162 1.1875632159251777 0 79 12 2296
1163 1.1816253998455517 0 81 10 2257
1164 1.1757172728463239 0 82 9 1946
1165 1.1698386864820922 0 86 5 1945
1166 1.1639894930496817 0 87 4 1712
1167 1.1581695455844332 0 85 6 1673
1168 1.152378697856511 0 84 7 1674
1171 1.1351793017436653 0 80 11 1675
1172 1.129503405234947 0 79 12 1481
1173 1.1238558882087724 0 81 10 1170
1174 1.1182366087677285 0 81 10 1169
1175 1.1126454257238898 0 82 9 1168
1177 1.101546787602294 0 83 8 1479
1179 1.0905588583959611 0 82 9 1440
1180 1.0851060641039814 0 83 8 1673
1183 1.0689107204589714 0 81 10 1712
1184 1.0635661668566765 0 81 10 1906
1185 1.058248336022393 0 83 8 1867
1187 1.0476923088705696 0 82 9 1906
1188 1.0424538473262168 0 84 7 1905
1189 1.0372415780895858 0 85 6 1672
1190 1.032055370199138 0 85 6 1633
1192 1.0217606178814016 0 85 6 1672
1194 1.0115685557180345 0 86 5 1478
1195 1.0065107129394444 0 84 7 1479
1197 0.9964707685778735 0 84 7 1518
1198 0.9914884147349842 0 82 9 1712
1199 0.9865309726613093 0 80 11 1713
1201 0.9766903262090127 0 79 12 1714
1202 0.9718068745779677 0 80 11 1713
1203 0.9669478402050778 0 80 11 1985
1205 0.9573025354990322 0 83 8 1674
1206 0.952516022821537 0 84 7 1518
1210 0.9336081041058406 0 83 8 1674
1211 0.9289400635853114 0 84 7 1907
1213 0.919673886451048 0 84 7 2218
1216 0.9059476387365303 0 86 5 2217
1217 0.9014179005428476 0 88 3 2216
1218 0.8969108110401334 0 83 8 2217
1220 0.887964125700008 0 81 10 2218
1222 0.8791066835461505 0 78 13 2296
1223 0.8747111501284197 0 84 7 2297
1225 0.8659859064058887 0 85 6 2064
1226 0.8616559768738592 0 83 8 2375
1227 0.8573476969894899 0 83 8 2414
1229 0.8487956537120197 0 77 14 2413
1231 0.8403289170662422 0 75 16 2646
1232 0.836127272480911 0 76 15 2607
1234 0.827786902937914 0 81 10 2608
1237 0.8154320799382028 0 80 11 2569
1238 0.8113549195385118 0 77 14 2570
1240 0.8032616542161151 0 72 19 2569
1241 0.7992453459450345 0 75 16 2568
1242 0.7952491192153093 0 76 15 2257
1243 0.7912728736192327 0 75 16 2568
1245 0.7833799267048808 0 80 11 2567
1247 0.7755657119359997 0 82 9 2489
1248 0.7716878833763197 0 85 6 2450
1249 0.7678294439594381 0 86 5 2256
1250 0.7639902967396409 0 84 7 2257
1251 0.7601703452559427 0 82 9 2296
1252 0.756369493529663 0 84 7 2295
1253 0.7525876460620147 0 83 8 2373
1254 0.7488247078317046 0 83 8 2412
1255 0.7450805842925461 0 83 8 2451
1256 0.7413551813710834 0 88 3 2450
1258 0.7339601634369068 0 86 5 2451
1259 0.7302903626197224 0 86 5 2452
1262 0.7193906876713277 0 86 5 2451
1263 0.7157937342329711 0 89 2 2218
1265 0.7086536917339973 0 86 5 2412
1268 0.6980769468031559 0 84 7 2413
1269 0.6945865620691402 0 85 6 2414
1270 0.6911136292587945 0 82 9 2415
1272 0.684219770806938 0 81 10 2414
1273 0.6807986719529032 0 82 9 2375
1274 0.6773946785931387 0 82 9 2336
1275 0.6740077052001731 0 84 7 2025
1276 0.6706376666741722 0 82 9 2336
1277 0.6672844783408014 0 83 8 2258
1278 0.6639480559490973 0 84 7 2257
1279 0.6606283156693519 0 85 6 2101
1280 0.6573251740910051 0 81 10 2179
1281 0.6540385482205501 0 81 10 2335
1282 0.6507683554794473 0 86 5 2334
1284 0.6442769411335398 0 85 6 2373
1286 0.6378502786457327 0 85 6 2412
1287 0.6346610272525041 0 82 9 2373
1288 0.6314877221162415 0 84 7 2372
1289 0.6283302835056602 0 85 6 2373
1290 0.6251886320881319 0 86 5 2101
1291 0.6220626889276912 0 87 4 1790
1293 0.6158576136056375 0 88 3 1596
1295 0.6097144339099213 0 86 5 1595
1296 0.6066658617403717 0 87 4 1906
1298 0.6006143697695115 0 86 5 1907
1299 0.597611297920664 0 83 8 2140
1300 0.5946232414310607 0 85 6 2179
1301 0.5916501252239054 0 87 4 2218
1304 0.5828196731486729 0 84 7 2219
1306 0.5770060469090148 0 79 12 2220
1308 0.5712504115910974 0 80 11 1987
1309 0.5683941595331419 0 80 11 1986
1311 0.5627244277917988 0 86 5 1985
1313 0.5571112516245756 1 91 0 1984
1314 0.5543256953664527 0 90 1 1985
1316 0.5487962965551724 0 87 4 1986
1317 0.5460523150723965 0 90 1 1985
1319 0.5406054432295494 0 86 5 2218
1320 0.5379024160134016 0 85 6 2219
1321 0.5352129039333346 0 85 6 2491
1322 0.532536839413668 0 86 5 2180
1323 0.5298741552165996 0 85 6 2374
1327 0.5193558886296439 0 84 7 2375
1329 0.5141753136405632 0 84 7 2376
1330 0.5116044370723604 0 84 7 2337
1331 0.5090464148869985 0 80 11 2648
1332 0.5065011828125635 0 82 9 2337
1333 0.5039686768985007 0 79 12 2298
1334 0.5014488335140082 0 80 11 1987
1335 0.4989415893464381 0 82 9 1754
1337 0.4939646469927074 0 81 10 1753
1338 0.4914948237577439 0 83 8 1442
1339 0.4890373496389552 0 84 7 1441
1340 0.4865921628907604 0 84 7 1480
1342 0.48173840606592505 0 82 9 1791
1344 0.47693306546541747 0 84 7 2102
1347 0.469814779846713 0 85 6 2063
1349 0.46512837741774204 0 86 5 2024
1350 0.4628027355306533 0 86 5 1946
1352 0.45818627824373503 0 85 6 2179
1353 0.45589534685251637 0 83 8 2218
1354 0.4536158701182538 0 81 10 2257
1356 0.4490910518138242 0 82 9 2218
1357 0.4468455965547551 0 81 10 2217
1358 0.4446113685719813 0 80 11 2295
1359 0.4423883117291214 0 81 10 2294
1360 0.4401763701704758 0 82 9 1983
1362 0.4357856108780253 0 82 9 2022
1364 0.431438649409517 0 80 11 2333
1366 0.42713504888165704 0 77 14 2334
1367 0.42499937363724877 0 76 15 2335
1368 0.42287437676906253 0 79 12 2024
1369 0.4207600048852172 0 79 12 2335
1370 0.41865620486079114 0 78 13 2296
1371 0.4165629238364872 0 80 11 2218
1373 0.41240770867121823 0 81 10 1907
1374 0.41034567012786216 0 83 8 1906
1375 0.40829394177722284 0 84 7 1867
1376 0.4062524720683367 0 84 7 1906
1377 0.404221209707995 0 87 4 1905
1378 0.402200103659455 0 85 6 1906
1380 0.39818815762545196 0 82 9 1907
1381 0.3961972168373247 0 81 10 2218
1382 0.39421623075313805 0 85 6 2219
1383 0.39224514959937234 0 84 7 2258
1386 0.38639084171095806 0 82 9 2569
1392 0.374943050663342 0 83 8 2336
1393 0.37306833541002526 0 83 8 2297
1394 0.37120299373297516 0 83 8 2375
1395 0.3693469787643103 0 82 9 2336
1396 0.36750024387048874 0 81 10 2337
1401 0.3584041546066791 0 83 8 2026
1403 0.3548290731644775 0 83 8 2065
1404 0.3530549277986551 0 86 5 2064
1405 0.3512896531596618 0 79 12 2063
1406 0.3495332048938635 0 78 13 2374
1408 0.34604661117504726 0 79 12 2063
1409 0.34431637811917204 0 79 12 2062
1410 0.3425947962285762 0 79 12 2373
1412 0.33917741313619615 0 80 11 2062
1413 0.3374815260705152 0 75 16 2063
1414 0.3357941184401626 0 80 11 2062
1415 0.3341151478479618 0 81 10 2101
1416 0.332444572108722 0 85 6 1907
1418 0.3291284375019375 0 88 3 1906
1419 0.3274827953144278 0 84 7 2100
1420 0.3258453813378557 0 85 6 2061
1424 0.31937718779926194 0 82 9 2062
1426 0.31619140035096427 0 81 10 2295
1427 0.31461044334920946 0 84 7 2294
1428 0.3130373911324634 0 86 5 2255
1429 0.3114722041768011 0 89 2 2061
1431 0.3083652689401375 0 88 3 2100
1438 0.29773303392066214 0 89 2 1983
1439 0.2962443687510588 0 88 3 2022
1445 0.28746739148762784 0 89 2 1983
1447 0.2845999042575387 0 86 5 2022
1449 0.28176102021256977 0 86 5 2139
1453 0.27616792325694073 0 86 5 2178
1455 0.2734131482224527 0 87 4 2489
1456 0.27204608248134043 0 85 6 2490
1458 0.2693324228085891 0 86 5 2218
1460 0.26664583189107344 0 83 8 2412
1463 0.2626661095193702 0 82 9 2413
1464 0.26135277897177334 0 82 9 2374
1465 0.2600460150769145 0 81 10 2375
1467 0.2574520560765222 0 82 9 2374
1468 0.2561647957961396 0 83 8 2141
1469 0.2548839718171589 0 83 8 2063
1472 0.2510797966772913 0 85 6 2062
1473 0.24982439769390485 0 84 7 2334
1476 0.2460957373302736 0 82 9 2335
1477 0.2448652586436222 0 83 8 2336
1478 0.2436409323504041 0 82 9 2335
1480 0.24121061405020883 0 84 7 2334
1481 0.2400045609799578 0 81 10 2335
1482 0.238804538175058 0 83 8 2336
1485 0.235240350592228 0 82 9 2337
1486 0.23406414883926685 0 83 8 2336
1487 0.2328938280950705 0 84 7 2297
1488 0.23172935895459515 0 83 8 2336
1489 0.23057071215982217 0 80 11 2569
1491 0.22827076930602794 0 82 9 2530
1497 0.22150767922417555 0 81 10 2531
1499 0.2192981401239144 0 82 9 2530
1501 0.21711064117617837 0 81 10 2529
1503 0.214944962530446 0 82 9 2530
1505 0.2128008865292048 0 84 7 2297
1507 0.21067819768607599 0 83 8 2298
1508 0.2096248066976456 0 84 7 2104
1509 0.20857668266415738 0 81 10 2103
1511 0.2064961302545824 0 80 11 2142
1517 0.2003781680874974 0 82 9 2141
1518 0.19937627724705992 0 83 8 2102
1521 0.1964005613871129 0 85 6 2103
1526 0.19153940260521812 0 86 5 2102
1529 0.18868065307890994 0 87 4 1946
1532 0.18586457074662557 0 86 5 1947
1535 0.18309051879516086 0 82 9 1946
1536 0.18217506620118507 0 79 12 2024
1537 0.18126419087017914 0 77 14 2063
1538 0.18035786991582825 0 82 9 2064
1539 0.17945608056624912 0 80 11 2258
1540 0.17855880016341788 0 83 8 1947
1541 0.17766600616260078 0 86 5 1636
1544 0.17501431881237317 0 82 9 1635
1546 0.17326855098221974 0 80 11 1868
1547 0.17240220822730865 0 81 10 1557
1548 0.1715401971861721 0 77 14 1596
1549 0.17068249620024126 0 78 13 1595
1550 0.16982908371924005 0 81 10 1751
1551 0.16897993830064384 0 81 10 1752
1552 0.1681350386091406 0 81 10 1751
1553 0.1672943634160949 0 83 8 1557
1554 0.16645789159901445 0 83 8 1558
1555 0.16562560214101937 0 83 8 1559
1556 0.1647974741303143 0 84 7 1870
1564 0.158319786995796 0 85 6 1869
1566 0.1567405471205129 0 86 5 1868
1568 0.1551770601629858 0 88 3 1635
1569 0.15440117486217086 0 87 4 1636
1574 0.1505795532648847 0 85 6 1637
1577 0.14833213460996214 0 83 8 1636
1579 0.14685252156722775 0 87 4 1635
1582 0.1446607293262717 0 87 4 1636
1583 0.14393742567964032 0 87 4 1635
1591 0.1382796835605869 0 88 3 1946
1595 0.13553476278849225 0 89 2 1945
1597 0.13418280352967704 0 88 3 2139
1598 0.13351188951202866 0 83 8 2140
1601 0.13151920787207544 0 81 10 2373
1603 0.13020730377355147 0 78 13 2374
1605 0.1289084859184103 0 79 12 2141
1606 0.12826394348881826 0 78 13 2452
1610 0.12571784015875842 0 77 14 2453
1613 0.12384148567965893 0 80 11 2259
1618 0.12077625449384789 0 81 10 2181
1619 0.12017237322137865 0 85 6 2180
1620 0.11957151135527176 0 87 4 2179
1621 0.11897365379849541 0 83 8 2180
1623 0.11778689160185542 0 86 5 2181
1624 0.11719795714384613 0 84 7 2142
1625 0.1166119673581269 0 86 5 1831
1626 0.11602890752133627 0 87 4 1675
1627 0.11544876298372958 0 89 2 1636
1629 0.11429716157296688 0 87 4 1869
1630 0.11372567576510204 0 84 7 1908
1632 0.11259126214934514 0 84 7 2064
1633 0.11202830583859842 0 84 7 2063
1635 0.1109108234878584 0 84 7 2257
1637 0.10980448802356702 0 81 10 2568
1638 0.10925546558344917 0 82 9 2529
1639 0.10870918825553193 0 81 10 2530
1640 0.10816564231425427 0 82 9 2219
1642 0.10708669003216958 0 83 8 1908
1643 0.10655125658200873 0 84 7 1869
1644 0.10601850029909869 0 83 8 2180
1645 0.1054884077976032 0 84 7 2219
1646 0.10496096575861519 0 84 7 2220
1649 0.10339441022454714 0 83 8 2219
1653 0.10134197954900627 0 80 11 2530
1655 0.10033109330300494 0 81 10 2336
1656 0.09982943783648991 0 82 9 2375
1657 0.09933029064730746 0 84 7 2374
1658 0.09883363919407093 0 85 6 2257
1659 0.09833947099810057 0 84 7 2335
1660 0.09784777364311006 0 81 10 2529
1662 0.09687174210102005 0 82 9 2490
1663 0.09638738339051495 0 82 9 2489
1664 0.09590544647356238 0 86 5 2411
1666 0.09494878964498858 0 82 9 2489
1668 0.09400167546827982 0 83 8 2450
1672 0.09213569526814779 0 83 8 2567
1673 0.09167501679180705 0 85 6 2256
1674 0.09121664170784802 0 86 5 2062
1675 0.09076055849930878 0 84 7 2101
1677 0.08985522192827818 0 85 6 2102
1678 0.08940594581863678 0 84 7 2296
1680 0.08851412150909588 0 83 8 2297
1683 0.08719303718130744 0 84 7 2103
1684 0.0867570719954009 0 83 8 2142
1686 0.08589167020224679 0 84 7 2143
1689 0.08460972628801948 0 78 13 2142
1690 0.08418667765657938 0 83 8 2141
1692 0.08334691554695499 0 87 4 2142
1693 0.08293018096922021 0 86 5 2336
1697 0.08128397546372207 0 83 8 2337
1699 0.08047316780847144 0 86 5 2336
1702 0.07927209571978404 0 82 9 2647
1704 0.07848135656497919 0 79 12 2648
1705 0.07808894978215429 0 82 9 2415
1708 0.07692346244553691 0 85 6 2414
1709 0.07653884513330923 0 81 10 2413
1711 0.07577537015310448 0 82 9 2374
1713 0.07501951083582727 0 77 14 2375
1716 0.07389983525916369 0 82 9 2374
1717 0.07353033608286787 0 84 7 2063
1718 0.07316268440245352 0 79 12 2064
1720 0.07243288662553905 0 79 12 2103
1722 0.0717103685814493 0 82 9 2102
1724 0.07099505765484936 0 84 7 2103
1728 0.06958577030724368 0 86 5 2102
1730 0.06889165224842893 0 87 4 2101
1731 0.06854719398718678 0 88 3 2140
1732 0.06820445801725085 0 89 2 1868
1734 0.06752411854852877 0 87 4 2179
1738 0.06618373107548378 0 84 7 2180
1742 0.06486995096313472 0 86 5 1869
1743 0.06454560120831905 0 85 6 1870
1744 0.06422287320227746 0 85 6 2142
1747 0.06326433879187432 0 86 5 2143
1751 0.062008510074226426 0 86 5 2142
1755 0.060777610183753314 0 84 7 2375
1760 0.05927328854943279 0 84 7 2374
1762 0.058682037496152195 0 85 6 2373
1764 0.05809668417212808 0 86 5 2334
1766 0.0575171697475111 0 85 6 2373
1770 0.05637542520538636 0 82 9 2684
1771 0.05609354807935943 0 80 11 2685
1772 0.05581308033896263 0 81 10 2568
1773 0.05553401493726782 0 83 8 2567
1774 0.05525634486258148 0 84 7 2295
1775 0.05498006313826857 0 83 8 2567
1776 0.05470516282257723 0 85 6 2566
1777 0.054431637008464345 0 81 10 2567
1779 0.05388868142930491 0 79 12 2568
1780 0.053619238022158386 0 79 12 2569
1781 0.053351141832047595 0 80 11 2336
1782 0.05308438612288736 0 81 10 2025
1783 0.05281896419227292 0 79 12 2258
1784 0.052554869371311555 0 81 10 2064
1786 0.052030634549332724 0 82 9 2063
1787 0.05177048137658606 0 80 11 2180
1792 0.05048909741103481 0 81 10 1908
