1 400 0 77 14 2452
2 398.0 0 78 13 2141
3 396.01 0 79 12 1947
4 394.02995 0 79 12 1636
5 392.05980024999997 0 82 9 1635
6 390.09950124874996 0 86 5 1634
7 388.1490037425062 0 85 6 1556
8 386.2082587237937 0 86 5 1867
9 384.2772174301747 0 87 4 1866
10 382.3558313430238 0 85 6 1555
11 380.4440521863087 0 84 7 1594
12 378.54183192537715 0 84 7 1633
13 376.6491227657503 0 85 6 1400
14 374.76587715192153 0 84 7 1244
15 372.8920477661619 0 83 8 1477
16 371.0275875273311 0 83 8 1555
17 369.17244958969445 0 84 7 1244
18 367.326587341746 0 82 9 1205
19 365.4899544050373 0 79 12 1206
20 363.6625046330121 0 80 11 1167
21 361.84419210984703 0 79 12 1478
22 360.0349711492978 0 76 15 1517
23 358.2347962935513 0 77 14 1556
24 356.44362231208356 0 75 16 1362
25 354.6614042005231 0 72 19 1363
26 352.8880971795205 0 74 17 1324
27 351.12365669362293 0 69 22 1013
28 349.36803841015484 0 68 23 974
29 347.62119821810404 0 70 21 741
30 345.8830922270135 0 72 19 858
31 344.1536767658784 0 75 16 859
32 342.432908382049 0 76 15 1053
33 340.72074384013877 0 77 14 1092
34 339.01714012093805 0 78 13 781
35 337.32205442033336 0 79 12 780
36 335.63544414823167 0 78 13 663
37 333.95726692749054 0 76 15 974
38 332.28748059285306 0 78 13 896
39 330.6260431898888 0 75 16 935
40 328.97291297393934 0 79 12 936
41 327.32804840906965 0 80 11 897
42 325.6914081670243 0 79 12 975
43 324.06295112618915 0 80 11 897
44 322.4426363705582 0 81 10 1014
45 320.8304231887054 0 80 11 1013
46 319.2262710727619 0 81 10 1324
47 317.6301397173981 0 81 10 1363
48 316.0419890188111 0 82 9 1364
49 314.461779073717 0 82 9 1325
50 312.88947017834846 0 83 8 1636
51 311.32502282745673 0 85 6 1635
52 309.7683977133195 0 86 5 1946
53 308.21955572475287 0 87 4 1907
54 306.6784579461291 0 87 4 1906
55 305.1450656563984 0 86 5 1907
56 303.6193403281164 0 83 8 1908
57 302.1012436264758 0 82 9 1907
58 300.59073740834344 0 83 8 1868
59 299.0877837213017 0 83 8 2101
60 297.5923448026952 0 86 5 2100
61 296.10438307868174 0 87 4 2256
62 294.6238611632883 0 86 5 2450
63 293.15074185747187 0 85 6 2178
64 291.6849881481845 0 84 7 1984
65 290.2265632074436 0 82 9 2023
66 288.77543039140636 0 81 10 1712
67 287.3315532394493 0 77 14 1713
68 285.89489547325206 0 76 15 1557
69 284.4654209958858 0 76 15 1440
70 283.04309389090633 0 73 18 1479
71 281.6278784214518 0 71 20 1518
72 280.2197390293445 0 67 24 1596
73 278.81864033419777 0 70 21 1285
74 277.42454713252675 0 67 24 1596
75 276.03742439686414 0 70 21 1907
76 274.65723727487983 0 67 24 1596
77 273.28395108850543 0 71 20 1518
78 271.9175313330629 0 71 20 1479
79 270.5579436763976 0 69 22 1751
80 269.2051539580156 0 69 22 1440
81 267.85912818822555 0 71 20 1439
82 266.5198325472844 0 73 18 1245
83 265.187233384548 0 77 14 1246
84 263.86129721762524 0 75 16 1440
85 262.5419907315371 0 74 17 1518
86 261.2292807778794 0 73 18 1519
87 259.92313437399 0 73 18 1247
88 258.62351870212007 0 73 18 1053
89 257.33040110860946 0 75 16 742
90 256.04374910306643 0 75 16 431
91 254.7635303575511 0 74 17 742
92 253.48971270576334 0 75 16 664
93 252.2222641422345 0 74 17 742
94 250.96115282152334 0 76 15 703
95 249.7063470574157 0 77 14 897
96 248.45781532212862 0 75 16 896
97 247.215526245518 0 74 17 1090
98 245.9794486142904 0 77 14 1091
99 244.74955137121893 0 80 11 1052
100 243.52580361436284 0 81 10 1051
101 242.30817459629102 0 82 9 740
102 241.09663372330957 0 80 11 546
103 239.891150554693 0 79 12 857
104 238.69169480191954 0 79 12 858
105 237.49823632790995 0 81 10 819
106 236.3107451462704 0 82 9 741
107 235.12919142053903 0 81 10 780
108 233.95354546343634 0 80 11 858
109 232.78377773611916 0 78 13 975
110 231.61985884743856 0 75 16 1014
111 230.46175955320138 0 78 13 897
112 229.30945075543536 0 75 16 1014
113 228.16290350165818 0 78 13 1286
114 227.0220889841499 0 82 9 1053
115 225.88697853922915 0 83 8 1014
116 224.757543646533 0 84 7 1015
117 223.63375592830033 0 82 9 704
118 222.51558714865882 0 84 7 1015
119 221.40300921291552 0 83 8 1054
120 220.29599416685093 0 83 8 1093
121 219.19451419601668 0 83 8 1404
122 218.0985416250366 0 83 8 1403
123 217.0080489169114 0 85 6 1325
124 215.92300867232686 0 85 6 1014
125 214.84339362896523 0 85 6 820
126 213.7691766608204 0 87 4 781
127 212.70033077751629 0 86 5 820
128 211.6368291236287 0 84 7 1131
129 210.57864497801054 0 81 10 1364
130 209.5257517531205 0 79 12 1442
131 208.4781229943549 0 78 13 1481
132 207.43573237938313 0 82 9 1248
133 206.3985537174862 0 78 13 1481
134 205.36656094889878 0 76 15 1482
135 204.3397281441543 0 75 16 1793
136 203.3180295034335 0 75 16 1754
137 202.30143935591633 0 78 13 2065
138 201.28993215913675 0 76 15 2064
139 200.28348249834107 0 79 12 2025
140 199.28206508584935 0 77 14 2064
141 198.2856547604201 0 77 14 1792
142 197.294226486618 0 75 16 1753
143 196.3077553541849 0 75 16 1947
144 195.326216577414 0 72 19 1986
145 194.3495854945269 0 75 16 1869
146 193.37783756705426 0 77 14 1908
147 192.41094837921898 0 80 11 1907
148 191.4488936373229 0 79 12 1868
149 190.49164916913628 0 81 10 1829
150 189.5391909232906 0 79 12 1518
151 188.59149496867414 0 82 9 1479
152 187.64853749383076 0 80 11 1168
153 186.71029480636162 0 81 10 1362
154 185.7767433323298 0 80 11 1168
155 184.84785961566814 0 79 12 974
156 183.9236203175898 0 81 10 1285
157 183.00400221600185 0 82 9 1246
158 182.08898220492185 0 81 10 1285
159 181.17853729389725 0 79 12 974
160 180.27264460742776 0 80 11 1168
161 179.3712813843906 0 81 10 1479
162 178.47442497746866 0 83 8 1673
163 177.5820528525813 0 84 7 1790
164 176.6941425883184 0 84 7 1946
165 175.8106718753768 0 84 7 1635
166 174.93161851599993 0 86 5 1674
167 174.05696042341992 0 85 6 1985
168 173.1866756213028 0 87 4 1984
169 172.3207422431963 0 86 5 1906
170 171.4591385319803 0 85 6 1907
171 170.6018428393204 0 85 6 1868
172 169.7488336251238 0 85 6 1867
173 168.9000894569982 0 82 9 1868
174 168.0555890097132 0 81 10 1557
175 167.21531106466463 0 81 10 1518
176 166.3792345093413 0 78 13 1596
177 165.54733833679458 0 78 13 1285
178 164.7196016451106 0 80 11 1324
179 163.89600363688504 0 80 11 1323
180 163.0765236187006 0 75 16 1362
181 162.2611410006071 0 76 15 1051
182 161.44983529560406 0 77 14 1362
183 160.64258611912604 0 81 10 1323
184 159.8393731885304 0 80 11 1634
185 159.04017632258774 0 78 13 1635
186 158.2449754409748 0 78 13 1674
187 157.45375056376992 0 76 15 1713
188 156.66648181095107 0 74 17 1674
189 155.8831494018963 0 75 16 1713
190 155.1037336548868 0 79 12 1635
191 154.32821498661238 0 81 10 1636
192 153.55657391167932 0 79 12 1714
193 152.78879104212092 0 76 15 1986
194 152.0248470869103 0 79 12 1792
195 151.26472285147577 0 76 15 1481
196 150.50839923721838 0 76 15 1480
197 149.7558572410323 0 75 16 1441
198 149.00707795482714 0 76 15 1169
199 148.262042565053 0 79 12 1208
200 147.52073235222775 0 77 14 1480
201 146.7831286904666 0 76 15 1481
202 146.0492130470143 0 77 14 1364
203 145.31896698177923 0 78 13 1675
204 144.59237214687033 0 74 17 1481
205 143.86941028613597 0 78 13 1675
206 143.1500632347053 0 81 10 1674
207 142.43431291853176 0 80 11 1518
208 141.7221413539391 0 81 10 1479
209 141.0135306471694 0 80 11 1246
210 140.30846299393355 0 78 13 1247
211 139.6069206789639 0 80 11 1248
212 138.90888607556906 0 78 13 1247
213 138.2143416451912 0 77 14 1558
214 137.52326993696525 0 78 13 1597
215 136.83565358728043 0 78 13 1558
216 136.15147531934403 0 80 11 1480
217 135.4707179427473 0 83 8 1479
218 134.79336435303358 0 83 8 1596
219 134.11939753126842 0 83 8 1595
220 133.44880054361207 0 83 8 1828
221 132.781556540894 0 83 8 1984
222 132.11764875818952 0 82 9 2062
223 131.45706051439856 0 80 11 2101
224 130.79977521182656 0 76 15 2102
225 130.14577633576744 0 73 18 2296
226 129.4950474540886 0 77 14 2218
227 128.84757221681815 0 78 13 2257
228 128.20333435573406 0 78 13 2024
229 127.56231768395538 0 77 14 1868
230 126.9245060955356 0 78 13 1907
231 126.28988356505792 0 75 16 1596
232 125.65843414723263 0 79 12 1907
233 125.03014197649647 0 79 12 1868
234 124.40499126661399 0 78 13 1596
235 123.78296631028093 0 76 15 1285
236 123.16405147872952 0 77 14 1246
237 122.54823122133587 0 76 15 935
238 121.93549006522919 0 77 14 1246
239 121.32581261490304 0 79 12 1557
240 120.71918355182852 0 81 10 1713
241 120.11558763406939 0 81 10 1946
242 119.51500969589904 0 83 8 1945
243 118.91743464741954 0 85 6 1712
244 118.32284747418244 0 83 8 1673
245 117.73123323681152 0 80 11 1674
246 117.14257707062747 0 79 12 1363
247 116.55686418527434 0 81 10 1362
248 115.97407986434796 0 82 9 1323
249 115.39420946502622 0 82 9 1322
250 114.81723841770109 0 80 11 1323
251 114.24315222561259 0 82 9 1322
252 113.67193646448453 0 81 10 1361
253 113.10357678216211 0 82 9 1672
254 112.5380588982513 0 80 11 1673
255 111.97536860376003 0 77 14 1712
256 111.41549176074123 0 76 15 1401
257 110.85841430193753 0 76 15 1402
258 110.30412223042784 0 76 15 1713
259 109.7526016192757 0 75 16 1402
260 109.20383861117932 0 73 18 1246
261 108.65781941812342 0 72 19 1247
262 108.1145303210328 0 73 18 1286
263 107.57395766942764 0 75 16 1247
264 107.0360878810805 0 75 16 1558
265 106.5009074416751 0 76 15 1519
266 105.96840290446671 0 77 14 1480
267 105.43856088994438 0 76 15 1519
268 104.91136808549466 0 76 15 1830
269 104.38681124506718 0 77 14 1636
270 103.86487718884185 0 77 14 1442
271 103.34555280289763 0 80 11 1714
273 102.31468091368872 0 79 12 1597
274 101.80310750912028 0 74 17 1286
275 101.29409197157467 0 71 20 1364
276 100.7876215117168 0 68 23 1558
277 100.28368340415821 0 67 24 1791
278 99.78226498713742 0 67 24 1480
279 99.28335366220173 0 68 23 1479
280 98.78693689389073 0 75 16 1478
281 98.29300220942127 0 78 13 1284
282 97.80153719837416 0 75 16 1478
283 97.3125295123823 0 75 16 1245
284 96.82596686482039 0 75 16 1284
285 96.34183703049628 0 76 15 1285
286 95.8601278453438 0 78 13 1091
287 95.38082720611708 0 76 15 1130
288 94.90392307008649 0 78 13 1091
289 94.42940345473606 0 79 12 1013
290 93.95725643746238 0 82 9 1324
291 93.48747015527506 0 81 10 1323
292 93.02003280449868 0 82 9 1324
293 92.5549326404762 0 81 10 1052
294 92.09215797727381 0 82 9 1051
295 91.63169718738745 0 82 9 1362
296 91.17353870145051 0 81 10 1363
297 90.71767100794325 0 82 9 1362
298 90.26408265290354 0 82 9 1323
299 89.81276223963903 0 84 7 1284
300 89.36369842844083 0 83 8 1285
301 88.91687993629863 0 84 7 1284
302 88.47229553661714 0 82 9 1323
303 88.02993405893405 0 84 7 1440
304 87.58978438863937 0 81 10 1441
305 87.15183546669617 0 79 12 1130
306 86.71607628936269 0 76 15 819
307 86.28249590791587 0 77 14 858
308 85.8510834283763 0 79 12 897
309 85.42182801123441 0 76 15 975
310 84.99471887117824 0 78 13 1286
311 84.56974527682235 0 79 12 1480
312 84.14689655043823 0 83 8 1636
313 83.72616206768603 0 82 9 1597
314 83.3075312573476 0 83 8 1636
315 82.89099360106087 0 81 10 1830
316 82.47653863305557 0 81 10 1791
317 82.06415593989028 0 79 12 1480
318 81.65383516019084 0 77 14 1479
319 81.24556598438988 0 78 13 1480
320 80.83933815446794 0 76 15 1286
321 80.4351414636956 0 75 16 1130
322 80.03296575637712 0 76 15 819
323 79.63280092759524 0 73 18 818
324 79.23463692295726 0 71 20 819
325 78.83846373834248 0 70 21 702
326 78.44427141965078 0 72 19 663
327 78.05205006255252 0 71 20 935
328 77.66178981223976 0 70 21 1246
329 77.27348086317856 0 77 14 1245
330 76.88711345886267 0 75 16 934
331 76.50267789156835 0 75 16 973
332 76.12016450211051 0 78 13 1284
333 75.73956367959995 0 84 7 973
334 75.36086586120196 0 78 13 1284
335 74.98406153189595 0 78 13 1440
336 74.60914122423647 0 82 9 1634
337 74.23609551811528 0 81 10 1635
338 73.8649150405247 0 82 9 1363
339 73.49559046532208 0 83 8 1674
340 73.12811251299547 0 80 11 1675
341 72.7624719504305 0 81 10 1908
342 72.39865959067834 0 80 11 1869
343 72.03666629272495 0 80 11 1868
344 71.67648296126131 0 81 10 1790
345 71.31810054645501 0 84 7 1634
346 70.96151004372274 0 85 6 1633
347 70.60670249350413 0 84 7 1750
348 70.25366898103661 0 84 7 1439
349 69.90240063613143 0 80 11 1128
350 69.55288863295077 0 82 9 1089
351 69.20512418978602 0 84 7 1090
352 68.85909856883708 0 82 9 1089
353 68.5148030759929 0 84 7 1090
354 68.17222906061293 0 83 8 973
355 67.83136791530987 0 80 11 1245
356 67.49221107573332 0 82 9 1206
357 67.15475002035465 0 83 8 1245
358 66.81897627025288 0 82 9 1284
359 66.48488138890161 0 83 8 973
360 66.1524569819571 0 81 10 779
361 65.82169469704732 0 80 11 818
362 65.49258622356209 0 81 10 779
363 65.16512329244428 0 78 13 857
364 64.83929767598205 0 81 10 779
365 64.51510118760214 0 80 11 740
366 64.19252568166414 0 79 12 741
367 63.87156305325581 0 77 14 819
368 63.55220523798953 0 77 14 936
369 63.234444211799584 0 76 15 935
370 62.918271990740585 0 77 14 936
371 62.60368063078688 0 81 10 703
372 62.29066222763295 0 81 10 1014
373 61.979208916494784 0 82 9 1325
374 61.66931287191231 0 82 9 1324
375 61.36096630755275 0 83 8 1635
376 61.05416147601499 0 80 11 1363
377 60.748890668634914 0 81 10 1052
378 60.445146215291736 0 82 9 1324
379 60.142920484215274 0 78 13 1557
380 59.8422058817942 0 77 14 1285
381 59.54299485238523 0 76 15 1596
382 59.2452798781233 0 77 14 1752
383 58.94905347873268 0 80 11 2024
384 58.654308211339014 0 78 13 2023
385 58.36103667028232 0 76 15 2024
386 58.0692314869309 0 75 16 2063
387 57.77888532949625 0 77 14 1985
388 57.48999090284877 0 79 12 1674
389 57.20254094833452 0 80 11 1673
390 56.91652824359285 0 81 10 1712
391 56.631945602374884 0 81 10 1479
392 56.34878587436301 0 82 9 1323
393 56.067041944991196 0 82 9 1129
394 55.78670673526624 0 80 11 1207
395 55.50777320158991 0 82 9 1129
396 55.23023433558196 0 83 8 1440
397 54.95408316390405 0 81 10 1673
398 54.679312748084534 0 81 10 1362
399 54.405916184344115 0 81 10 1673
400 54.1338866034224 0 78 13 1674
401 53.863217170405285 0 78 13 1985
402 53.59390108455326 0 79 12 1946
403 53.32593157913049 0 80 11 2102
404 53.059301921234834 0 80 11 2141
405 52.79400541162866 0 77 14 2142
406 52.53003538457052 0 79 12 2141
407 52.26738520764766 0 79 12 2180
408 52.006048281609424 0 75 16 1869
409 51.74601804020138 0 76 15 1830
410 51.48728795000037 0 75 16 1869
411 51.22985151025037 0 74 17 1752
412 50.97370225269912 0 78 13 1753
413 50.718833741435624 0 75 16 1754
414 50.46523957272844 0 78 13 1753
415 50.2129133748648 0 82 9 2064
416 49.96184880799047 0 82 9 1831
417 49.71203956395052 0 82 9 1792
418 49.46347936613077 0 82 9 1481
419 49.21616196930012 0 84 7 1480
420 48.97008115945361 0 84 7 1479
421 48.72523075365635 0 84 7 1557
422 48.481604599888065 0 81 10 1558
423 48.239196576888624 0 80 11 1402
424 47.99800059400418 0 78 13 1596
425 47.758010591034164 0 77 14 1635
426 47.51922053807899 0 77 14 1791
427 47.28162443538859 0 74 17 1792
428 47.045216313211654 0 75 16 1481
429 46.80999023164559 0 74 17 1442
430 46.575940280487366 0 75 16 1481
431 46.34306057908493 0 77 14 1209
432 46.1113452761895 0 76 15 1170
433 45.88078854980856 0 75 16 1481
434 45.65138460705951 0 78 13 1520
435 45.423127684024216 0 77 14 1364
436 45.19601204560409 0 79 12 1325
437 44.970031985376075 0 80 11 1481
438 44.745181825449194 0 80 11 1480
439 44.52145591632195 0 80 11 1402
440 44.29884863674034 0 81 10 1713
441 44.07735439355664 0 82 9 1907
442 43.85696762158886 0 82 9 1868
443 43.63768278348091 0 82 9 1829
444 43.41949436956351 0 81 10 1518
445 43.202396897715694 0 84 7 1207
446 42.98638491322711 0 86 5 1051
447 42.771452988660975 0 85 6 1050
448 42.55759572371767 0 83 8 1128
449 42.34480774509908 0 85 6 1050
450 42.13308370637359 0 85 6 1011
451 41.92241828784172 0 85 6 1167
452 41.71280619640251 0 84 7 1478
453 41.5042421654205 0 80 11 1479
454 41.2967209545934 0 79 12 1518
455 41.09023734982043 0 77 14 1324
456 40.884786163071325 0 78 13 1635
457 40.680362232255966 0 76 15 1674
458 40.47696042109469 0 77 14 1635
459 40.27457561898922 0 76 15 1674
460 40.073202740894274 0 75 16 1363
461 39.8728367271898 0 80 11 1364
462 39.67347254355385 0 81 10 1558
463 39.47510518083608 0 81 10 1597
464 39.2777296549319 0 80 11 1286
465 39.08134100665724 0 81 10 1597
466 38.885934301623955 0 81 10 1675
467 38.69150463011584 0 81 10 1636
468 38.49804710696526 0 80 11 1325
469 38.30555687143043 0 78 13 1131
470 38.114029087073284 0 78 13 1130
471 37.92345894163792 0 77 14 1129
472 37.733841646929726 0 80 11 1401
473 37.545172438695076 0 79 12 1362
474 37.3574465765016 0 78 13 1401
475 37.17065934361909 0 75 16 1402
476 36.984806046901 0 75 16 1519
477 36.799882016666494 0 73 18 1363
478 36.61588260658316 0 75 16 1402
479 36.43280319355025 0 74 17 1208
480 36.2506391775825 0 76 15 1209
481 36.06938598169459 0 74 17 1208
482 35.88903905178611 0 76 15 897
483 35.709593856527185 0 73 18 1130
484 35.53104588724455 0 71 20 1441
485 35.353390657808326 0 72 19 1635
486 35.17662370451929 0 72 19 1946
487 35.00074058599669 0 73 18 1985
488 34.8257368830667 0 76 15 1907
489 34.65160819865137 0 75 16 1596
490 34.47835015765811 0 75 16 1597
491 34.30595840686982 0 75 16 1558
492 34.13442861483547 0 76 15 1247
493 33.96375647176129 0 74 17 1325
494 33.79393768940248 0 77 14 1636
495 33.62496800095547 0 77 14 1597
496 33.45684316095069 0 81 10 1596
497 33.289558945145934 0 78 13 1635
498 33.12311115042021 0 78 13 1636
499 32.9574955946681 0 74 17 1635
500 32.79270811669476 0 73 18 1363
501 32.62874457611129 0 77 14 1285
502 32.46560085323073 0 77 14 1324
503 32.30327284896458 0 77 14 1130
504 32.14175648471976 0 81 10 1131
505 31.98104770229616 0 81 10 1130
506 31.82114246378468 0 81 10 1324
507 31.662036751465756 0 80 11 1285
508 31.503726567708426 0 81 10 1324
509 31.346207934869884 0 81 10 1285
510 31.189476895195536 0 81 10 1324
511 31.033529510719557 0 80 11 1518
512 30.87836186316596 0 79 12 1557
513 30.72397005385013 0 78 13 1556
514 30.57035020358088 0 78 13 1517
515 30.417498452562974 0 79 12 1206
516 30.26541096030016 0 75 16 895
517 30.114083905498656 0 75 16 662
518 29.963513485971163 0 75 16 973
519 29.813695918541306 0 78 13 974
520 29.6646274389486 0 78 13 1207
521 29.516304301753856 0 78 13 974
522 29.368722780245086 0 78 13 935
523 29.22187916634386 0 75 16 934
524 29.075769770512142 0 76 15 933
525 28.93039092165958 0 78 13 894
526 28.78573896705128 0 80 11 933
527 28.641810272216023 0 79 12 934
528 28.498601220854944 0 81 10 740
529 28.35610821475067 0 79 12 701
530 28.214327673676916 0 80 11 740
531 28.073256035308532 0 79 12 934
532 27.93288975513199 0 77 14 895
533 27.793225306356327 0 78 13 778
534 27.654259179824546 0 78 13 584
535 27.515987883925423 0 78 13 545
536 27.378407944505796 0 79 12 584
537 27.241515904783267 0 79 12 895
538 27.10530832525935 0 81 10 896
539 26.969781783633053 0 80 11 1129
540 26.834932874714887 0 79 12 818
541 26.700758210341313 0 79 12 935
542 26.567254419289608 0 80 11 1246
543 26.43441814719316 0 79 12 935
544 26.302246056457193 0 83 8 1207
545 26.170734826174908 0 81 10 1246
546 26.039881152044032 0 83 8 1207
547 25.909681746283812 0 85 6 1518
548 25.780133337552392 0 83 8 1479
549 25.65123267086463 0 84 7 1246
550 25.522976507510307 0 82 9 935
551 25.395361624972757 0 77 14 663
552 25.26838481684789 0 82 9 935
553 25.14204289276365 0 80 11 934
554 25.016332678299833 0 81 10 1090
555 24.891251014908335 0 79 12 1091
556 24.766794759833793 0 80 11 1169
557 24.642960786034624 0 77 14 897
558 24.51974598210445 0 79 12 936
559 24.39714725219393 0 80 11 935
560 24.275161515932957 0 82 9 1207
561 24.153785708353293 0 81 10 1246
562 24.033016779811526 0 82 9 1557
563 23.91285169591247 0 81 10 1518
564 23.793287437432905 0 81 10 1557
565 23.67432100024574 0 80 11 1518
566 23.55594939524451 0 78 13 1324
567 23.43816964826829 0 81 10 1207
568 23.320978800026946 0 80 11 1401
569 23.204373906026813 0 82 9 1440
570 23.08835203649668 0 80 11 1401
571 22.972910276314195 0 82 9 1362
572 22.858045724932623 0 78 13 1363
573 22.74375549630796 0 81 10 1285
574 22.630036718826418 0 81 10 1013
575 22.516886535232285 0 82 9 1014
576 22.404302102556123 0 83 8 1053
577 22.292280592043344 0 81 10 1364
578 22.180819189083127 0 79 12 1675
579 22.069915093137713 0 80 11 1674
580 21.959565517672026 0 82 9 1673
581 21.849767690083667 0 82 9 1634
582 21.740518851633247 0 79 12 1323
583 21.631816257375082 0 77 14 1012
584 21.523657176088207 0 79 12 1245
585 21.416038890207766 0 79 12 1284
586 21.308958695756726 0 80 11 1285
587 21.202413902277943 0 81 10 1129
588 21.096401832766553 0 80 11 1285
589 20.99091982360272 0 78 13 1052
591 20.781535398362283 0 80 11 896
592 20.67762772137047 0 81 10 897
593 20.574239582763617 0 78 13 586
594 20.4713683848498 0 79 12 547
595 20.369011542925552 0 80 11 741
596 20.267166485210925 0 82 9 702
597 20.16583065278487 0 83 8 701
598 20.065001499520946 0 82 9 507
599 19.96467649202334 0 81 10 196
600 19.864853109563224 0 80 11 2
601 19.765528844015407 0 78 13 313
603 19.568367693796354 0 82 9 314
604 19.470525855327374 0 83 8 508
605 19.373173226050735 0 83 8 664
606 19.27630735992048 0 82 9 781
607 19.17992582312088 0 83 8 664
608 19.084026194005276 0 82 9 781
609 18.98860606303525 0 84 7 780
610 18.893663032720074 0 83 8 819
611 18.799194717556475 0 81 10 1130
612 18.70519874396869 0 81 10 1129
613 18.611672750248847 0 80 11 1440
614 18.518614386497603 0 79 12 1441
615 18.426021314565116 0 78 13 1130
616 18.33389120799229 0 77 14 936
617 18.24222175195233 0 79 12 937
618 18.151010643192567 0 79 12 1015
619 18.060255589976602 0 78 13 1326
620 17.96995431202672 0 79 12 1327
621 17.880104540466586 0 82 9 1326
622 17.790704017764252 0 81 10 1365
623 17.70175049767543 0 80 11 1404
624 17.613241745187054 0 81 10 1676
625 17.52517553646112 0 78 13 1675
626 17.437549658778813 0 79 12 1558
627 17.35036191048492 0 81 10 1519
628 17.263610100932496 0 77 14 1520
629 17.177292050427834 0 78 13 1637
630 17.091405590175693 0 76 15 1948
631 17.005948562224816 0 77 14 2181
632 16.920918819413693 0 81 10 2182
633 16.836314225316624 0 83 8 2376
634 16.752132654190042 0 83 8 2298
635 16.66837199091909 0 83 8 2181
636 16.585030130964494 0 82 9 2220
637 16.50210498030967 0 80 11 2219
638 16.419594455408124 0 81 10 2258
639 16.337496483131083 0 84 7 2259
640 16.255809000715427 0 82 9 2220
641 16.17452995571185 0 81 10 1909
642 16.09365730593329 0 82 9 2220
643 16.013189019403626 0 81 10 2259
644 15.933123074306607 0 78 13 2065
645 15.853457458935074 0 78 13 2026
646 15.774190171640399 0 77 14 2025
647 15.695319220782197 0 80 11 2024
648 15.616842624678286 0 83 8 1868
649 15.538758411554895 0 82 9 1946
650 15.46106461949712 0 81 10 1674
651 15.383759296399635 0 81 10 1441
652 15.306840499917637 0 80 11 1480
653 15.23030629741805 0 80 11 1752
654 15.15415476593096 0 79 12 1441
655 15.078383992101305 0 80 11 1402
656 15.002992072140799 0 80 11 1363
657 14.927977111780095 0 80 11 1402
658 14.853337226221194 0 80 11 1363
659 14.779070540090089 0 80 11 1402
660 14.705175187389639 0 78 13 1130
661 14.63164931145269 0 79 12 1052
662 14.558491064895428 0 80 11 1051
663 14.485698609570951 0 83 8 740
664 14.413270116523096 0 82 9 818
665 14.341203765940481 0 80 11 819
666 14.269497747110778 0 80 11 818
667 14.198150258375223 0 80 11 779
668 14.127159507083347 0 74 17 780
669 14.05652370954793 0 80 11 779
670 13.98624109100019 0 81 10 818
671 13.91630988554519 0 83 8 1090
672 13.846728336117463 0 84 7 1089
673 13.777494694436877 0 83 8 1283
674 13.708607220964693 0 81 10 1011
675 13.640064184859868 0 79 12 1012
676 13.571863863935569 0 79 12 973
677 13.50400454461589 0 80 11 1284
678 13.43648452189281 0 78 13 1323
679 13.369302099283345 0 77 14 1284
680 13.302455588786929 0 79 12 1245
681 13.235943310842995 0 79 12 1051
682 13.16976359428878 0 83 8 1323
683 13.103914776317335 0 83 8 1517
685 12.973203226423571 0 87 4 1516
686 12.908337210291453 0 87 4 1827
687 12.843795524239995 0 87 4 2060
688 12.779576546618795 0 84 7 2061
689 12.7156786638857 0 82 9 2178
690 12.652100270566272 0 81 10 1867
691 12.588839769213441 0 83 8 1750
692 12.525895570367375 0 82 9 1789
693 12.463266092515537 0 83 8 2100
694 12.40094976205296 0 83 8 2256
695 12.338945013242695 0 84 7 2023
696 12.27725028817648 0 84 7 1712
697 12.215864036735598 0 84 7 1829
698 12.15478471655192 0 82 9 1518
699 12.09401079296916 0 84 7 1829
702 11.913506170132745 0 81 10 1635
703 11.853938639282081 0 82 9 1596
704 11.79466894608567 0 81 10 1635
705 11.735695601355241 0 81 10 1324
707 11.618632037731723 0 81 10 1207
708 11.560538877543065 0 81 10 1324
709 11.50273618315535 0 83 8 1323
710 11.445222502239572 0 82 9 1167
711 11.387996389728373 0 84 7 1361
713 11.274401125740834 0 83 8 1050
714 11.21802912011213 0 83 8 1011
715 11.16193897451157 0 81 10 1012
716 11.106129279639012 0 79 12 1245
718 10.995345640074612 0 74 17 1246
719 10.94036891187424 0 76 15 1285
720 10.885667067314868 0 79 12 1596
721 10.831238731978294 0 80 11 1752
722 10.777082538318403 0 82 9 1791
723 10.723197125626811 0 77 14 1792
724 10.669581139998677 0 76 15 1831
725 10.616233234298683 0 73 18 2142
726 10.56315206812719 0 74 17 2103
727 10.510336307786554 0 73 18 2064
728 10.457784626247621 0 75 16 1792
729 10.405495703116383 0 79 12 1791
730 10.353468224600801 0 81 10 2102
731 10.301700883477798 0 80 11 2296
732 10.250192379060408 0 80 11 1985
733 10.198941417165106 0 80 11 1791
734 10.14794671007928 0 81 10 1830
735 10.097206976528884 0 80 11 2102
736 10.04672094164624 0 81 10 2024
737 9.99648733693801 0 80 11 2218
738 9.94650490025332 0 83 8 2217
740 9.847288513873293 0 84 7 1984
741 9.798052071303927 0 82 9 1790
742 9.749061810947406 0 83 8 1829
743 9.700316501892669 0 81 10 1712
744 9.651814919383206 0 83 8 1906
745 9.603555844786289 0 84 7 1712
748 9.460221573358373 0 84 7 1751
749 9.412920465491581 0 83 8 1829
751 9.319026583848302 0 82 9 1790
752 9.27243145092906 0 81 10 1518
753 9.226069293674415 0 83 8 1829
754 9.179938947206043 0 85 6 1830
755 9.134039252470012 0 82 9 1791
756 9.088369056207663 0 82 9 2063
757 9.042927210926624 0 82 9 1985
758 8.997712574871992 0 83 8 2024
759 8.952724011997631 0 84 7 1985
760 8.907960391937642 0 81 10 1986
761 8.863420589977954 0 80 11 1675
762 8.819103487028064 0 80 11 1364
763 8.775007969592924 0 83 8 1363
764 8.731132929744959 0 82 9 1324
765 8.687477265096234 0 82 9 1402
766 8.644039878770753 0 81 10 1596
767 8.6008196793769 0 85 6 1595
768 8.557815580980014 0 84 7 1556
769 8.515026503075115 0 84 7 1595
770 8.472451370559739 0 83 8 1828
771 8.43008911370694 0 83 8 1556
772 8.387938668138405 0 81 10 1245
774 8.304268979923725 0 79 12 1089
775 8.262747635024105 0 77 14 1090
777 8.18032672736474 0 81 10 1362
778 8.139425093727917 0 83 8 1518
779 8.098727968259277 0 84 7 1285
780 8.058234328417981 0 85 6 1596
781 8.01794315677589 0 86 5 1285
784 7.898274352918116 0 85 6 1596
787 7.780391620916519 0 83 8 1597
788 7.7414896628119365 0 82 9 1519
790 7.664268303425387 0 83 8 1558
791 7.62594696190826 0 80 11 1869
792 7.587817227098718 0 79 12 1558
793 7.549878140963224 0 78 13 1286
794 7.512128750258408 0 77 14 1325
795 7.474568106507116 0 78 13 1597
796 7.43719526597458 0 80 11 1596
797 7.400009289644707 0 80 11 1557
798 7.363009243196483 0 80 11 1596
799 7.3261941969805005 0 80 11 1557
800 7.289563225995598 0 79 12 1401
801 7.25311540986562 0 81 10 1362
802 7.216849832816291 0 83 8 1363
803 7.18076558365221 0 81 10 1052
804 7.144861755733949 0 84 7 741
807 7.038223800921901 0 83 8 780
808 7.003032681917291 0 84 7 897
809 6.968017518507704 0 82 9 936
810 6.9331774309151655 0 84 7 897
811 6.8985115437605895 0 86 5 703
812 6.864018986041787 0 84 7 742
813 6.829698891111578 0 83 8 1053
814 6.79555039665602 0 83 8 859
815 6.761572644672739 0 80 11 1092
817 6.694125957542129 0 80 11 1286
819 6.627352051115646 0 80 11 1597
820 6.594215290860068 0 79 12 1558
821 6.561244214405767 0 79 12 1247
822 6.528437993333738 0 80 11 1246
823 6.495795803367069 0 76 15 1324
824 6.463316824350234 0 71 20 1635
825 6.431000240228483 0 70 21 1791
826 6.398845239027341 0 72 19 1790
827 6.366851012832204 0 72 19 1479
828 6.335016757768043 0 76 15 1440
829 6.303341673979203 0 80 11 1751
831 6.24046584078126 0 78 13 1750
832 6.209263511577354 0 81 10 1672
833 6.178217194019467 0 82 9 1516
834 6.14732610804937 0 82 9 1555
835 6.116589477509123 0 79 12 1556
836 6.086006530121577 0 80 11 1517
838 6.0252986149836145 0 81 10 1518
839 5.995172121908697 0 79 12 1674
840 5.965196261299153 0 77 14 1713
841 5.935370279992657 0 80 11 1712
842 5.905693428592694 0 82 9 1673
843 5.876164961449731 0 82 9 1984
844 5.846784136642482 0 84 7 1945
845 5.817550215959269 0 83 8 1828
846 5.788462464879473 0 85 6 1789
849 5.702068939033339 0 82 9 1828
850 5.673558594338172 0 78 13 1829
851 5.645190801366481 0 82 9 1828
852 5.6169648473596485 0 83 8 1945
853 5.58888002312285 0 86 5 1906
854 5.560935623007236 0 81 10 1595
855 5.5331309448922 0 79 12 1634
856 5.505465290167739 0 84 7 1323
857 5.4779379637169 0 84 7 1517
858 5.450548273898315 0 83 8 1206
859 5.423295532528823 0 84 7 1284
861 5.369198159591848 0 81 10 1285
862 5.342352168793889 0 84 7 1596
863 5.315640407949919 0 87 4 1595
864 5.289062205910169 0 85 6 1439
865 5.262616894880618 0 86 5 1167
866 5.2363038104062145 0 86 5 1206
867 5.210122291354184 0 84 7 1012
868 5.1840716798974125 0 84 7 1323
869 5.158151321497925 0 83 8 1324
870 5.132360564890436 0 82 9 1207
871 5.106698762065983 0 85 6 974
872 5.081165268255654 0 85 6 780
873 5.055759441914375 0 86 5 974
874 5.030480644704803 0 86 5 663
875 5.005328241481279 0 84 7 702
876 4.980301600273872 0 84 7 741
877 4.9554000922725026 0 84 7 858
879 4.905969976352084 0 84 7 819
880 4.8814401264703235 0 84 7 741
881 4.857032925837972 0 83 8 740
882 4.832747761208782 0 84 7 896
883 4.808584022402738 0 83 8 702
884 4.784541102290724 0 84 7 974
885 4.760618396779271 0 83 8 663
886 4.736815304795375 0 84 7 896
887 4.713131228271398 0 84 7 857
888 4.689565572130041 0 83 8 935
889 4.666117744269391 0 85 6 936
891 4.619573219770304 0 86 5 1130
892 4.596475353671453 0 84 7 1169
893 4.573492976903095 0 84 7 1480
894 4.55062551201858 0 82 9 1208
895 4.527872384458487 0 84 7 1480
896 4.505233022536194 0 82 9 1481
897 4.482706857423513 0 82 9 1403
898 4.460293323136395 0 83 8 1364
899 4.437991856520713 0 82 9 1363
900 4.41580189723811 0 83 8 1246
902 4.37175427331316 0 85 6 1207
903 4.349895501946594 0 84 7 1246
904 4.328146024436861 0 85 6 1207
905 4.306505294314676 0 83 8 1246
906 4.284972767843103 0 82 9 935
907 4.263547904003887 0 83 8 1246
908 4.242230164483868 0 82 9 1440
909 4.221019013661448 0 82 9 1479
910 4.199913918593141 0 82 9 1480
912 4.158019777255174 0 82 9 1441
913 4.137229678368898 0 83 8 1480
914 4.116543529977054 0 83 8 1791
915 4.095960812327169 0 82 9 1635
916 4.075481008265533 0 82 9 1324
917 4.055103603224206 0 85 6 1091
918 4.034828085208084 0 86 5 1130
919 4.014653944782044 0 86 5 1247
920 3.9945806750581334 0 84 7 1286
921 3.9746077716828427 0 84 7 1364
922 3.9547347328244284 0 83 8 1325
923 3.9349610591603064 0 83 8 1326
927 3.8568501171147953 0 82 9 1325
928 3.8375658665292214 0 84 7 1286
929 3.818378037196575 0 83 8 1092
930 3.7992861470105925 0 82 9 975
931 3.7802897162755396 0 83 8 936
932 3.7613882676941617 0 81 10 1247
933 3.742581326355691 0 87 4 1246
934 3.7238684197239125 0 85 6 1285
935 3.705249077625293 0 84 7 1091
937 3.668289218075981 0 85 6 1013
938 3.649947771985601 0 84 7 974
939 3.631698033125673 0 85 6 973
940 3.6135395429600448 0 84 7 974
941 3.5954718452452443 0 85 6 1013
946 3.506479433960232 0 83 8 702
947 3.4889470367904307 0 82 9 858
948 3.4715023016064785 0 77 14 859
949 3.454144790098446 0 81 10 976
950 3.4368740661479538 0 82 9 1287
951 3.419689695817214 0 83 8 1131
953 3.3855782911014374 0 82 9 1170
954 3.3686503996459303 0 81 10 1481
955 3.3518071476477007 0 81 10 1675
956 3.335048111909462 0 82 9 1674
957 3.318372871349915 0 84 7 1713
958 3.3017810069931652 0 85 6 1519
959 3.285272101958199 0 85 6 1675
960 3.2688457414484082 0 84 7 1636
961 3.252501512741166 0 86 5 1635
963 3.2200578101515727 0 85 6 1324
964 3.203957521100815 0 85 6 1402
968 3.1403573643306766 0 87 4 1596
969 3.124655577509023 0 88 3 1597
970 3.109032299621478 0 89 2 1480
971 3.0934871381233706 0 89 2 1519
973 3.06262960392059 0 88 3 1480
979 2.9718915739852085 0 87 4 1441
980 2.9570321161152826 0 83 8 1169
981 2.9422469555347064 0 85 6 1208
982 2.927535720757033 0 88 3 1480
985 2.883841884182769 0 88 3 1479
986 2.8694226747618554 0 86 5 1401
988 2.8408001835811056 0 86 5 1712
990 2.812463201749884 0 85 6 1401
991 2.7984008857411347 0 85 6 1595
992 2.784408881312429 0 87 4 1556
994 2.7566344027213376 0 87 4 1517
995 2.742851230707731 0 85 6 1206
996 2.7291369745541925 0 86 5 1167
998 2.7019138332330144 0 84 7 1166
999 2.688404264066849 0 84 7 1399
1003 2.6350380969032425 0 82 9 1710
1006 2.5957098239271996 0 81 10 1711
1007 2.5827312748075637 0 83 8 2022
1010 2.5441836876896513 0 82 9 1789
1011 2.531462769251203 0 83 8 2100
1012 2.518805455404947 0 82 9 1789
1013 2.5062114281279224 0 81 10 1517
1014 2.4936803709872826 0 80 11 1323
1015 2.481211969132346 0 79 12 1129
1016 2.4688059092866843 0 82 9 1401
1017 2.456461879740251 0 80 11 1440
1018 2.4441795703415496 0 82 9 1634
1019 2.431958672489842 0 81 10 1673
1020 2.4197988791273928 0 80 11 1906
1021 2.407699884731756 0 81 10 1945
1023 2.3836830783815564 0 80 11 1906
1024 2.3717646629896487 0 82 9 2217
1026 2.348106310476327 0 82 9 1906
1027 2.336365778923945 0 83 8 1867
1028 2.3246839500293253 0 80 11 1945
1029 2.3130605302791785 0 82 9 1984
1030 2.3014952276277825 0 83 8 1712
1033 2.2671451236685343 0 79 12 1556
1035 2.244530351059941 0 83 8 1712
1037 2.222141160808118 0 82 9 2023
1038 2.2110304550040776 0 83 8 1984
1039 2.199975302729057 0 83 8 1945
1040 2.188975426215412 0 79 12 1789
1041 2.178030549084335 0 79 12 2061
1043 2.156304694357219 0 80 11 2062
1044 2.1455231708854328 0 81 10 1984
1045 2.1347955550310056 0 81 10 1790
1046 2.1241215772558504 0 81 10 1984
1047 2.113500969369571 0 78 13 1985
1048 2.102933464522723 0 79 12 2024
1049 2.0924187972001094 0 80 11 1752
1052 2.0611891850995483 0 81 10 1791
1054 2.04062882297818 0 80 11 1597
1055 2.0304256788632893 0 81 10 1636
1056 2.0202735504689726 0 78 13 1714
1057 2.010172182716628 0 77 14 1675
1058 2.0001213218030447 0 78 13 1674
1060 1.9801701116180592 0 76 15 1363
1061 1.970269261059969 0 76 15 1052
1062 1.9604179147546692 0 77 14 1091
1063 1.9506158251808958 0 79 12 1285
1064 1.9408627460549914 0 81 10 974
1065 1.9311584323247164 0 82 9 896
1066 1.9215026401630928 0 81 10 895
1067 1.9118951269622773 0 81 10 1012
1069 1.8928239730708285 0 83 8 1168
1072 1.8645733386697496 0 84 7 1440
1073 1.855250471976401 0 83 8 1284
1075 1.8367443485184363 0 82 9 973
1076 1.827560626775844 0 83 8 1129
1077 1.8184228236419648 0 82 9 1090
1078 1.809330709523755 0 81 10 1091
1079 1.8002840559761362 0 82 9 897
1080 1.7912826356962555 0 82 9 1208
1082 1.773414591405185 0 82 9 1207
1083 1.7645475184481592 0 82 9 1401
1084 1.7557247808559184 0 85 6 1362
1086 1.7382114261668806 0 86 5 1401
1087 1.7295203690360461 0 86 5 1362
1089 1.7122684033549116 0 86 5 1363
1090 1.703707061338137 0 85 6 1674
1091 1.6951885260314463 0 86 5 1635
1092 1.686712583401289 0 86 5 1634
1093 1.6782790204842826 0 86 5 1945
1094 1.669887625381861 0 86 5 1946
1096 1.653230496318677 0 88 3 1635
1097 1.6449643438370836 0 86 5 1636
1098 1.6367395221178982 0 84 7 1325
1099 1.6285558245073086 0 85 6 1208
1101 1.6123109801578481 0 84 7 1014
1103 1.5962281781307737 0 82 9 742
1106 1.5724042730436496 0 83 8 781
1107 1.5645422516784313 0 84 7 975
1108 1.5567195404200391 0 84 7 819
1109 1.548935942717939 0 83 8 780
1110 1.5411912630043494 0 84 7 974
1111 1.5334853066893277 0 85 6 973
1112 1.525817880155881 0 86 5 972
1113 1.5181887907551017 0 85 6 661
1114 1.5105978468013261 0 86 5 817
1116 1.4955296332794827 0 86 5 778
1117 1.4880519851130853 0 86 5 817
1118 1.48061172518752 0 88 3 1128
1119 1.4732086665615822 0 87 4 1439
1121 1.4585134101126302 0 87 4 1438
1122 1.451220843062067 0 89 2 1399
1132 1.3802708453794097 0 88 3 1088
1133 1.3733694911525127 0 88 3 1205
1135 1.3596701304782666 0 90 1 1516
1137 1.3461074209267458 0 89 2 1555
1140 1.3260165994059865 0 90 1 1516
1141 1.3193865164089567 0 89 2 1283
1145 1.2931960351895972 0 86 5 1322
1146 1.2867300550136493 0 84 7 1128
1149 1.2675254481013138 0 85 6 1167
1152 1.2486074723477205 0 84 7 1206
1153 1.242364434985982 0 84 7 1050
1154 1.236152612811052 0 84 7 1206
1155 1.2299718497469967 0 85 6 1207
1156 1.2238219904982617 0 85 6 1208
1161 1.1935308702765606 0 84 7 897
1162 1.1875632159251777 0 84 7 703
1163 1.1816253998455517 0 84 7 781
1164 1.1757172728463239 0 84 7 820
1165 1.1698386864820922 0 85 6 1014
1172 1.129503405234947 0 86 5 1013
1174 1.1182366087677285 0 86 5 1012
1175 1.1126454257238898 0 85 6 973
1176 1.1070821985952704 0 85 6 1245
1177 1.101546787602294 0 86 5 1246
1178 1.0960390536642826 0 87 4 1207
1179 1.0905588583959611 0 87 4 1246
1181 1.0796805337834614 0 87 4 1557
1182 1.074282131114544 0 87 4 1518
1185 1.058248336022393 0 87 4 1479
1186 1.052957094342281 0 85 6 1673
1187 1.0476923088705696 0 86 5 1401
1188 1.0424538473262168 0 87 4 1207
1189 1.0372415780895858 0 87 4 896
1191 1.0268950933481422 0 86 5 935
1192 1.0217606178814016 0 86 5 1246
1194 1.0115685557180345 0 86 5 1557
1198 0.9914884147349842 0 87 4 1829
1200 0.9815983177980028 0 87 4 1712
1202 0.9718068745779677 0 87 4 1673
1203 0.9669478402050778 0 87 4 1672
1205 0.9573025354990322 0 86 5 1361
1209 0.9382996021164227 0 85 6 1400
1210 0.9336081041058406 0 86 5 1517
1211 0.9289400635853114 0 85 6 1556
1212 0.9242953632673849 0 86 5 1595
1213 0.919673886451048 0 89 2 1906
1216 0.9059476387365303 0 88 3 1595
1218 0.8969108110401334 0 87 4 1517
1222 0.8791066835461505 0 87 4 1400
1225 0.8659859064058887 0 87 4 1711
1228 0.8530609585045424 0 85 6 1712
1230 0.8445516754434595 0 86 5 1945
1232 0.836127272480911 0 86 5 1946
1234 0.827786902937914 0 86 5 1635
1235 0.8236479684232244 0 86 5 1634
1238 0.8113549195385118 0 87 4 1633
1240 0.8032616542161151 0 88 3 1594
1242 0.7952491192153093 0 89 2 1905
1252 0.756369493529663 0 88 3 1944
1255 0.7450805842925461 0 87 4 1905
1260 0.7266389108066238 0 86 5 1672
1263 0.7157937342329711 0 88 3 1983
1265 0.7086536917339973 0 88 3 2100
1267 0.7015848711589506 0 87 4 1789
1268 0.6980769468031559 0 87 4 1478
1269 0.6945865620691402 0 87 4 1556
1270 0.6911136292587945 0 86 5 1557
1271 0.6876580611125005 0 87 4 1518
1272 0.684219770806938 0 87 4 1751
1274 0.6773946785931387 0 87 4 1712
1275 0.6740077052001731 0 87 4 1751
1276 0.6706376666741722 0 86 5 1479
1277 0.6672844783408014 0 86 5 1440
1279 0.6606283156693519 0 88 3 1479
1282 0.6507683554794473 0 87 4 1478
1285 0.6410555564278722 0 87 4 1750
1288 0.6314877221162415 0 88 3 1711
1291 0.6220626889276912 0 90 1 1672
1295 0.6097144339099213 0 89 2 1400
1298 0.6006143697695115 0 89 2 1322
1303 0.5857484152247969 0 88 3 1633
1307 0.5741210166744697 0 88 3 1711
1308 0.5712504115910974 0 87 4 1750
1310 0.5655521887354762 0 87 4 1789
1312 0.5599108056528398 0 87 4 1556
1313 0.5571112516245756 0 87 4 1245
1318 0.5433220534970346 0 87 4 1478
1323 0.5298741552165996 0 87 4 1439
1330 0.5116044370723604 0 87 4 1750
1333 0.5039686768985007 0 87 4 1672
1336 0.49644688139970594 0 87 4 1750
1338 0.4914948237577439 0 87 4 2022
1342 0.48173840606592505 0 87 4 1944
1347 0.469814779846713 0 88 3 1827
1353 0.45589534685251637 0 88 3 2138
1355 0.4513477907676625 1 91 0 2099
1378 0.402200103659455 1 91 0 2293
1381 0.3961972168373247 1 91 0 2099
1382 0.39421623075313805 1 91 0 2293
1383 0.39224514959937234 1 91 0 2137
1404 0.3530549277986551 1 91 0 2293
1408 0.34604661117504726 0 90 1 2021
1409 0.34431637811917204 0 90 1 1710
1413 0.3374815260705152 0 90 1 1982
1415 0.3341151478479618 0 90 1 1710
1421 0.3242161544311664 0 90 1 1399
1428 0.3130373911324634 0 90 1 1710
1429 0.3114722041768011 0 90 1 1982
1434 0.3037628787555473 1 91 0 2293
1435 0.3022440643617696 1 91 0 2137
1446 0.2860300545301897 1 91 0 1943
1461 0.26531260273161805 1 91 0 2060
1466 0.2587457850015299 1 91 0 1943
1468 0.2561647957961396 1 91 0 2137
1473 0.24982439769390485 1 91 0 2293
1481 0.2400045609799578 1 91 0 2137
1482 0.238804538175058 1 91 0 2293
1486 0.23406414883926685 1 91 0 2099
1496 0.22262078313987493 1 91 0 2177
1518 0.19937627724705992 1 91 0 2099
1520 0.1973874988815205 1 91 0 2177
1523 0.19444146578727645 1 91 0 2099
1524 0.19346925845834007 1 91 0 2177
1549 0.17068249620024126 1 91 0 2099
1558 0.16315361932586442 1 91 0 2177
1563 0.15911536381487035 1 91 0 2099
1565 0.157528188060817 1 91 0 2177
1584 0.14321773855124212 1 91 0 2099
1597 0.13418280352967704 1 91 0 2177
1640 0.10816564231425427 1 91 0 2099
1657 0.09933029064730746 1 91 0 2293
1671 0.09259868871170632 1 91 0 2137
1680 0.08851412150909588 1 91 0 1943
1681 0.0880715509015504 1 91 0 2137
1689 0.08460972628801948 1 91 0 2293
1703 0.07887573524118512 1 91 0 2137
1715 0.07427119121523988 1 91 0 1943
1717 0.07353033608286787 1 91 0 2137
1720 0.07243288662553905 1 91 0 1943
1730 0.06889165224842893 1 91 0 2137
1741 0.0651959306162158 1 91 0 1943
1746 0.06358225004208475 1 91 0 2060
1751 0.062008510074226426 1 91 0 1943
1775 0.05498006313826857 1 91 0 2137
1787 0.05177048137658606 1 91 0 2293
1791 0.05074281146837669 1 91 0 2137
1792 0.05048909741103481 1 91 0 2293
