1 400 0 79 12 895
2 398.0 0 75 16 896
3 396.01 0 74 17 857
4 394.02995 0 75 16 1168
5 392.05980024999997 0 79 12 1479
6 390.09950124874996 0 82 9 1168
7 388.1490037425062 0 86 5 1167
8 386.2082587237937 0 85 6 1168
10 382.3558313430238 0 84 7 1362
11 380.4440521863087 0 83 8 1323
12 378.54183192537715 0 81 10 1362
13 376.6491227657503 0 79 12 1673
14 374.76587715192153 0 81 10 1634
15 372.8920477661619 0 82 9 1828
17 369.17244958969445 0 81 10 1867
19 365.4899544050373 0 82 9 2100
20 363.6625046330121 0 82 9 2101
22 360.0349711492978 0 80 11 2140
23 358.2347962935513 0 79 12 2179
24 356.44362231208356 0 79 12 2490
25 354.6614042005231 0 80 11 2451
27 351.12365669362293 0 81 10 2452
29 347.62119821810404 0 83 8 2451
30 345.8830922270135 0 83 8 2450
31 344.1536767658784 0 84 7 2256
32 342.432908382049 0 81 10 2257
33 340.72074384013877 0 82 9 2258
34 339.01714012093805 0 81 10 2180
40 328.97291297393934 0 83 8 2141
42 325.6914081670243 0 85 6 2140
43 324.06295112618915 0 85 6 2139
44 322.4426363705582 0 88 3 2138
45 320.8304231887054 0 88 3 2332
49 314.461779073717 1 91 0 2293
51 311.32502282745673 0 87 4 2294
54 306.6784579461291 0 85 6 2333
55 305.1450656563984 0 84 7 2450
56 303.6193403281164 0 84 7 2489
57 302.1012436264758 0 81 10 2490
59 299.0877837213017 0 79 12 2529
62 294.6238611632883 0 80 11 2412
65 290.2265632074436 0 81 10 2373
66 288.77543039140636 0 83 8 2101
68 285.89489547325206 0 82 9 2140
69 284.4654209958858 0 83 8 2141
70 283.04309389090633 0 84 7 2140
72 280.2197390293445 0 85 6 2101
77 273.28395108850543 0 85 6 2140
78 271.9175313330629 0 83 8 2101
79 270.5579436763976 0 82 9 2140
80 269.2051539580156 0 78 13 2412
82 266.5198325472844 0 81 10 2411
83 265.187233384548 0 78 13 2412
84 263.86129721762524 0 74 17 2490
87 259.92313437399 0 77 14 2296
88 258.62351870212007 0 80 11 2218
90 256.04374910306643 0 78 13 2179
93 252.2222641422345 0 81 10 2140
95 249.7063470574157 0 80 11 2257
97 247.215526245518 0 81 10 2296
98 245.9794486142904 0 82 9 2335
101 242.30817459629102 0 84 7 2334
105 237.49823632790995 0 82 9 2335
106 236.3107451462704 0 84 7 2334
107 235.12919142053903 0 82 9 2335
108 233.95354546343634 0 83 8 2296
109 232.78377773611916 0 82 9 2335
110 231.61985884743856 0 84 7 2334
112 229.30945075543536 0 85 6 2333
114 227.0220889841499 0 80 11 2334
118 222.51558714865882 0 79 12 2528
121 219.19451419601668 0 84 7 2527
122 218.0985416250366 0 85 6 2333
123 217.0080489169114 0 87 4 2100
126 213.7691766608204 0 86 5 2101
128 211.6368291236287 0 83 8 2334
129 210.57864497801054 0 82 9 2528
130 209.5257517531205 0 83 8 2489
136 203.3180295034335 0 84 7 2450
137 202.30143935591633 0 86 5 2139
138 201.28993215913675 0 87 4 2217
140 199.28206508584935 0 88 3 2256
141 198.2856547604201 0 86 5 2295
142 197.294226486618 0 87 4 1984
143 196.3077553541849 0 86 5 1985
144 195.326216577414 0 87 4 1791
146 193.37783756705426 0 85 6 1752
147 192.41094837921898 0 87 4 1751
148 191.4488936373229 0 86 5 1752
150 189.5391909232906 0 86 5 1791
151 188.59149496867414 0 88 3 1790
152 187.64853749383076 0 87 4 1984
153 186.71029480636162 0 86 5 1906
154 185.7767433323298 0 87 4 1867
156 183.9236203175898 0 87 4 1906
157 183.00400221600185 0 86 5 1984
158 182.08898220492185 0 87 4 1790
160 180.27264460742776 0 85 6 1789
161 179.3712813843906 0 86 5 1750
162 178.47442497746866 0 83 8 1751
163 177.5820528525813 0 80 11 1752
164 176.6941425883184 0 83 8 1751
165 175.8106718753768 0 84 7 1673
167 174.05696042341992 0 85 6 1984
168 173.1866756213028 0 86 5 1985
171 170.6018428393204 0 85 6 2179
172 169.7488336251238 0 81 10 2180
173 168.9000894569982 0 82 9 2141
174 168.0555890097132 0 79 12 2180
175 167.21531106466463 0 82 9 2141
178 164.7196016451106 0 83 8 1985
179 163.89600363688504 0 81 10 2024
180 163.0765236187006 0 80 11 2063
181 162.2611410006071 0 81 10 2024
182 161.44983529560406 0 79 12 2063
184 159.8393731885304 0 80 11 2374
185 159.04017632258774 0 81 10 2141
186 158.2449754409748 0 83 8 2140
188 156.66648181095107 0 82 9 2141
191 154.32821498661238 0 79 12 2219
192 153.55657391167932 0 80 11 2218
193 152.78879104212092 0 82 9 2257
194 152.0248470869103 0 84 7 2063
197 149.7558572410323 0 82 9 2064
198 149.00707795482714 0 84 7 1986
199 148.262042565053 0 85 6 1985
202 146.0492130470143 0 85 6 2063
203 145.31896698177923 0 85 6 2024
204 144.59237214687033 0 82 9 2063
205 143.86941028613597 0 84 7 2064
206 143.1500632347053 0 82 9 2063
207 142.43431291853176 0 83 8 2062
208 141.7221413539391 0 82 9 2063
211 139.6069206789639 0 80 11 2064
212 138.90888607556906 0 81 10 1986
215 136.83565358728043 0 82 9 2142
217 135.4707179427473 0 83 8 2220
218 134.79336435303358 0 82 9 2219
224 130.79977521182656 0 83 8 2220
225 130.14577633576744 0 85 6 2259
227 128.84757221681815 0 84 7 2258
230 126.9245060955356 0 80 11 2259
233 125.03014197649647 0 84 7 2258
234 124.40499126661399 0 81 10 2452
236 123.16405147872952 0 83 8 2141
240 120.71918355182852 0 84 7 2063
241 120.11558763406939 0 83 8 2024
242 119.51500969589904 0 83 8 2257
243 118.91743464741954 0 84 7 2218
244 118.32284747418244 0 85 6 2179
245 117.73123323681152 0 87 4 2178
247 116.55686418527434 0 86 5 2217
248 115.97407986434796 0 82 9 2218
249 115.39420946502622 0 85 6 2219
250 114.81723841770109 0 81 10 2530
252 113.67193646448453 0 80 11 2529
253 113.10357678216211 0 81 10 2568
255 111.97536860376003 0 80 11 2607
256 111.41549176074123 0 82 9 2606
258 110.30412223042784 0 84 7 2412
260 109.20383861117932 0 82 9 2413
261 108.65781941812342 0 84 7 2412
262 108.1145303210328 0 85 6 2373
264 107.0360878810805 0 86 5 2451
265 106.5009074416751 0 83 8 2645
267 105.43856088994438 0 82 9 2684
269 104.38681124506718 0 84 7 2683
270 103.86487718884185 0 82 9 2684
271 103.34555280289763 0 85 6 2373
272 102.82882503888314 0 85 6 2374
273 102.31468091368872 0 84 7 2375
274 101.80310750912028 0 84 7 2374
276 100.7876215117168 0 84 7 2375
283 97.3125295123823 0 85 6 2181
290 93.95725643746238 0 84 7 2492
291 93.48747015527506 0 84 7 2453
296 91.17353870145051 0 85 6 2142
300 89.36369842844083 0 80 11 2141
301 88.91687993629863 0 80 11 2180
302 88.47229553661714 0 81 10 1869
303 88.02993405893405 0 81 10 1830
306 86.71607628936269 0 85 6 1831
307 86.28249590791587 0 85 6 1753
309 85.42182801123441 0 83 8 1752
311 84.56974527682235 0 85 6 1753
313 83.72616206768603 0 85 6 1714
314 83.3075312573476 0 86 5 1792
315 82.89099360106087 0 85 6 1986
316 82.47653863305557 0 83 8 1985
317 82.06415593989028 0 87 4 1674
319 81.24556598438988 0 88 3 1675
320 80.83933815446794 0 87 4 1986
323 79.63280092759524 0 88 3 1753
325 78.83846373834248 0 86 5 2064
327 78.05205006255252 0 87 4 1870
331 76.50267789156835 0 87 4 1909
334 75.36086586120196 0 85 6 1908
335 74.98406153189595 0 83 8 1909
336 74.60914122423647 0 86 5 1598
338 73.8649150405247 0 86 5 1792
339 73.49559046532208 0 88 3 1793
341 72.7624719504305 0 87 4 1792
342 72.39865959067834 0 85 6 2025
343 72.03666629272495 0 83 8 2024
344 71.67648296126131 0 84 7 2023
347 70.60670249350413 0 86 5 1790
348 70.25366898103661 0 87 4 1596
354 68.17222906061293 0 87 4 1597
356 67.49221107573332 0 87 4 1596
357 67.15475002035465 0 85 6 1829
359 66.48488138890161 0 87 4 1596
360 66.1524569819571 0 88 3 1597
362 65.49258622356209 0 88 3 1636
363 65.16512329244428 0 88 3 1947
365 64.51510118760214 0 86 5 1946
368 63.55220523798953 0 86 5 1947
371 62.60368063078688 0 84 7 2141
373 61.979208916494784 0 84 7 2452
380 59.8422058817942 0 86 5 2451
383 58.94905347873268 0 87 4 2450
386 58.0692314869309 0 82 9 2451
388 57.48999090284877 0 78 13 2452
391 56.631945602374884 0 79 12 2141
394 55.78670673526624 0 80 11 2063
395 55.50777320158991 0 79 12 2141
397 54.95408316390405 0 78 13 2374
399 54.405916184344115 0 79 12 2335
401 53.863217170405285 0 83 8 2024
405 52.79400541162866 0 81 10 2335
406 52.53003538457052 0 82 9 2334
411 51.22985151025037 0 85 6 2023
414 50.46523957272844 0 86 5 2022
416 49.96184880799047 0 85 6 2023
418 49.46347936613077 0 86 5 1829
419 49.21616196930012 0 85 6 1830
420 48.97008115945361 0 86 5 1829
421 48.72523075365635 0 86 5 2140
423 48.239196576888624 0 83 8 2141
427 47.28162443538859 0 86 5 2140
428 47.045216313211654 0 87 4 1907
429 46.80999023164559 0 88 3 1946
431 46.34306057908493 0 88 3 2257
437 44.970031985376075 0 90 1 1985
438 44.745181825449194 0 87 4 2179
443 43.63768278348091 0 85 6 2451
444 43.41949436956351 0 87 4 2140
445 43.202396897715694 0 83 8 2141
446 42.98638491322711 0 79 12 2142
447 42.771452988660975 0 80 11 2064
450 42.13308370637359 0 82 9 1753
451 41.92241828784172 0 81 10 2064
453 41.5042421654205 0 82 9 2063
455 41.09023734982043 0 80 11 2296
456 40.884786163071325 0 79 12 2297
459 40.27457561898922 0 77 14 2375
462 39.67347254355385 0 78 13 2374
463 39.47510518083608 0 80 11 2375
465 39.08134100665724 0 81 10 2376
466 38.885934301623955 0 83 8 2182
469 38.30555687143043 0 85 6 1871
474 37.3574465765016 0 85 6 1870
476 36.984806046901 0 85 6 1871
479 36.43280319355025 0 85 6 2065
483 35.709593856527185 0 84 7 2376
488 34.8257368830667 0 85 6 2065
490 34.47835015765811 0 80 11 2064
496 33.45684316095069 0 83 8 2025
498 33.12311115042021 0 86 5 2026
500 32.79270811669476 0 85 6 2065
502 32.46560085323073 0 88 3 1832
506 31.82114246378468 0 88 3 1831
510 31.189476895195536 0 86 5 2142
511 31.033529510719557 0 82 9 2375
512 30.87836186316596 0 84 7 2181
514 30.57035020358088 0 82 9 2180
516 30.26541096030016 0 84 7 2181
517 30.114083905498656 0 84 7 2492
518 29.963513485971163 0 85 6 2491
519 29.813695918541306 0 89 2 2258
523 29.22187916634386 0 87 4 2259
525 28.93039092165958 0 87 4 2258
526 28.78573896705128 0 89 2 2257
531 28.073256035308532 0 86 5 2451
533 27.793225306356327 0 88 3 2140
535 27.515987883925423 0 88 3 2141
539 26.969781783633053 0 86 5 2142
542 26.567254419289608 0 84 7 2375
545 26.170734826174908 0 86 5 2142
549 25.65123267086463 0 84 7 2453
551 25.395361624972757 0 83 8 2454
552 25.26838481684789 0 85 6 2143
553 25.14204289276365 0 87 4 1949
556 24.766794759833793 0 83 8 2182
558 24.51974598210445 0 80 11 2181
559 24.39714725219393 0 82 9 2180
560 24.275161515932957 0 83 8 2063
564 23.793287437432905 0 82 9 2180
565 23.67432100024574 0 82 9 2179
566 23.55594939524451 0 84 7 2101
569 23.204373906026813 0 82 9 2179
573 22.74375549630796 0 84 7 2178
577 22.292280592043344 0 85 6 2061
580 21.959565517672026 0 86 5 2022
581 21.849767690083667 0 83 8 2139
582 21.740518851633247 0 85 6 2100
583 21.631816257375082 0 82 9 2101
587 21.202413902277943 0 81 10 2140
588 21.096401832766553 0 85 6 2023
589 20.99091982360272 0 81 10 2140
590 20.885965224484707 0 78 13 2334
591 20.781535398362283 0 83 8 2645
593 20.574239582763617 0 85 6 2644
595 20.369011542925552 0 84 7 2683
596 20.267166485210925 0 86 5 2372
598 20.065001499520946 0 85 6 2373
599 19.96467649202334 0 82 9 2374
600 19.864853109563224 0 83 8 2373
603 19.568367693796354 0 86 5 2372
605 19.373173226050735 0 88 3 2139
606 19.27630735992048 0 84 7 2140
609 18.98860606303525 0 83 8 2451
610 18.893663032720074 0 87 4 2450
611 18.799194717556475 0 85 6 2451
613 18.611672750248847 0 87 4 2140
614 18.518614386497603 0 87 4 2141
616 18.33389120799229 0 84 7 2374
618 18.151010643192567 0 85 6 2373
620 17.96995431202672 0 86 5 2179
622 17.790704017764252 0 87 4 2178
623 17.70175049767543 0 87 4 2489
624 17.613241745187054 0 85 6 2490
627 17.35036191048492 0 87 4 2489
628 17.263610100932496 0 88 3 2450
630 17.091405590175693 0 87 4 2489
632 16.920918819413693 0 84 7 2683
633 16.836314225316624 0 81 10 2684
638 16.419594455408124 0 84 7 2606
640 16.255809000715427 0 85 6 2334
642 16.09365730593329 0 86 5 2023
646 15.774190171640399 0 87 4 1829
651 15.383759296399635 0 81 10 1830
652 15.306840499917637 0 83 8 1829
653 15.23030629741805 0 79 12 2140
659 14.779070540090089 0 81 10 2141
660 14.705175187389639 0 82 9 2335
661 14.63164931145269 0 85 6 2102
665 14.341203765940481 0 87 4 1908
670 13.98624109100019 0 87 4 2180
672 13.846728336117463 0 87 4 2179
675 13.640064184859868 0 89 2 2178
676 13.571863863935569 0 87 4 2179
677 13.50400454461589 0 86 5 2180
680 13.302455588786929 0 84 7 2181
681 13.235943310842995 0 85 6 2259
686 12.908337210291453 0 82 9 2492
688 12.779576546618795 0 79 12 2686
690 12.652100270566272 0 82 9 2453
691 12.588839769213441 0 83 8 2454
693 12.463266092515537 0 84 7 2415
699 12.09401079296916 0 77 14 2414
700 12.033540739004314 0 84 7 2415
701 11.973373035309292 0 80 11 2648
703 11.853938639282081 0 82 9 2337
704 11.79466894608567 0 83 8 2143
705 11.735695601355241 0 83 8 2142
706 11.677017123348465 0 82 9 2336
709 11.50273618315535 0 82 9 2337
715 11.16193897451157 0 82 9 2336
717 11.050598633240817 0 83 8 2142
722 10.777082538318403 0 84 7 1831
723 10.723197125626811 0 83 8 2142
727 10.510336307786554 0 84 7 2181
737 9.99648733693801 0 82 9 2180
740 9.847288513873293 0 84 7 2491
743 9.700316501892669 0 81 10 2685
745 9.603555844786289 0 84 7 2452
751 9.319026583848302 0 87 4 2258
759 8.952724011997631 0 89 2 2257
761 8.863420589977954 0 86 5 2451
763 8.775007969592924 0 86 5 2452
765 8.687477265096234 0 84 7 2453
767 8.6008196793769 0 81 10 2686
771 8.43008911370694 0 84 7 2375
773 8.345998974797713 0 85 6 2064
776 8.221433896848986 0 85 6 2065
777 8.18032672736474 0 81 10 2376
778 8.139425093727917 0 82 9 2337
779 8.098727968259277 0 83 8 2143
780 8.058234328417981 0 88 3 1910
784 7.898274352918116 0 89 2 1599
786 7.819489066247757 0 89 2 1793
791 7.62594696190826 0 87 4 2104
793 7.549878140963224 0 84 7 2415
796 7.43719526597458 0 84 7 2414
801 7.25311540986562 0 85 6 2103
802 7.216849832816291 0 87 4 2102
804 7.144861755733949 0 88 3 1908
806 7.073591759720503 0 84 7 2141
808 7.003032681917291 0 85 6 2102
813 6.829698891111578 0 87 4 1869
814 6.79555039665602 0 86 5 2180
817 6.694125957542129 0 85 6 2374
818 6.6606553277544185 0 86 5 2063
821 6.561244214405767 0 87 4 2024
824 6.463316824350234 0 86 5 2257
826 6.398845239027341 0 87 4 2258
827 6.366851012832204 0 85 6 2297
833 6.178217194019467 0 82 9 2608
836 6.086006530121577 0 80 11 2607
837 6.05557649747097 0 82 9 2568
839 5.995172121908697 0 77 14 2569
840 5.965196261299153 0 78 13 2375
842 5.905693428592694 0 83 8 2374
844 5.846784136642482 0 82 9 2568
845 5.817550215959269 0 84 7 2569
846 5.788462464879473 0 85 6 2375
847 5.759520152555075 0 85 6 2414
848 5.7307225517923 0 87 4 2181
849 5.702068939033339 0 85 6 2375
850 5.673558594338172 0 87 4 2181
851 5.645190801366481 0 85 6 2414
852 5.6169648473596485 0 83 8 2453
854 5.560935623007236 0 84 7 2181
855 5.5331309448922 0 84 7 2180
859 5.423295532528823 0 82 9 2452
862 5.342352168793889 0 83 8 2491
863 5.315640407949919 0 82 9 2492
867 5.210122291354184 0 83 8 2491
868 5.1840716798974125 0 84 7 2492
869 5.158151321497925 0 83 8 2493
878 4.93062309181114 0 84 7 2492
882 4.832747761208782 0 87 4 2259
883 4.808584022402738 0 84 7 2453
886 4.736815304795375 0 87 4 2259
887 4.713131228271398 0 87 4 2258
891 4.619573219770304 0 84 7 2491
892 4.596475353671453 0 85 6 2219
893 4.573492976903095 0 86 5 1908
896 4.505233022536194 0 85 6 1909
898 4.460293323136395 0 86 5 1908
901 4.393722887751919 0 85 6 2219
902 4.37175427331316 0 84 7 2220
903 4.349895501946594 0 85 6 1909
904 4.328146024436861 0 86 5 1676
906 4.284972767843103 0 85 6 1909
907 4.263547904003887 0 86 5 1908
910 4.199913918593141 0 87 4 1907
912 4.158019777255174 0 90 1 1674
913 4.137229678368898 0 89 2 1675
916 4.075481008265533 0 89 2 1986
919 4.014653944782044 0 86 5 2180
921 3.9746077716828427 0 86 5 2181
923 3.9349610591603064 0 82 9 2414
928 3.8375658665292214 0 86 5 2181
929 3.818378037196575 0 89 2 1987
932 3.7613882676941617 0 85 6 2220
935 3.705249077625293 0 89 2 1987
947 3.4889470367904307 0 85 6 2220
948 3.4715023016064785 0 85 6 2219
951 3.419689695817214 0 89 2 1986
953 3.3855782911014374 0 89 2 2258
967 3.1561380546036952 0 86 5 2452
968 3.1403573643306766 0 85 6 2453
969 3.124655577509023 0 86 5 2181
977 3.0018348768821075 0 86 5 2180
979 2.9718915739852085 0 86 5 2181
981 2.9422469555347064 0 86 5 2180
983 2.9128980421532478 0 88 3 1869
Traceback (most recent call last):
  File "/home/dave/Documents/development/ni-kop/hw02/./samwsat.py", line 367, in <module>
    samwsat.run()
  File "/home/dave/Documents/development/ni-kop/hw02/./samwsat.py", line 347, in run
    top_state, steps_count = self.sim_ann()
                             ^^^^^^^^^^^^^^
  File "/home/dave/Documents/development/ni-kop/hw02/./samwsat.py", line 325, in sim_ann
    if self.is_better(new_state, curr_state) or (self.accept_worse(new_state, curr_state, t)):
                                                 ^^^^^^^^^^^^^^^^^^^^^^^^^^^^^^^^^^^^^^^^^^^
  File "/home/dave/Documents/development/ni-kop/hw02/./samwsat.py", line 254, in accept_worse
    return random.uniform(0, 1) < math.exp(- (weight_diff) / t) # todo
                                  ^^^^^^^^^^^^^^^^^^^^^^^^^^^^^
OverflowError: math range error
