0 427 3 250342 26088 6.2118635177612305
0 428 2 260892 26088 5.975672245025635
0 428 2 215846 26088 6.027385473251343
0 424 6 200488 26088 6.012298822402954
0 425 5 202975 26088 5.998521089553833
0 428 2 224233 26088 4.600881338119507
0 428 2 238662 26088 4.637063026428223
0 428 2 191900 26088 4.716809272766113
0 427 3 264330 26088 5.428761005401611
0 427 3 212552 26088 6.00074315071106
0 429 1 384624 26088 4.602961540222168
0 428 2 371604 26088 4.848119020462036
0 428 2 282415 26088 6.034947633743286
0 428 2 357742 26088 6.066401481628418
0 428 2 374688 26088 4.729954957962036
0 428 2 375939 26088 5.126741647720337
0 428 2 328341 26088 6.0303356647491455
0 427 3 275428 26088 4.930866718292236
0 429 1 317700 26088 4.544809818267822
0 428 2 293909 26088 6.047213315963745
0 428 2 622382 26088 5.972416162490845
0 427 3 460190 26088 6.02825403213501
0 429 1 518187 26088 4.133928537368774
0 427 3 459983 26088 4.384464979171753
0 427 3 367985 26088 5.538805723190308
1 430 0 659349 8696 2.0264065265655518
0 427 3 469264 26088 6.0082056522369385
0 428 2 445876 26088 6.063096761703491
0 427 3 626851 26088 6.035781621932983
0 428 2 430280 26088 5.9636070728302