1 91 0 15860 52527 8696 0.730219841003418
1 91 0 15860 52527 8696 0.7114498615264893
1 91 0 52527 52527 8696 0.714428186416626
1 91 0 15860 52527 8696 0.6619386672973633
1 91 0 15860 52527 8696 0.4237682819366455
1 91 0 52527 52527 8696 0.42325711250305176
1 91 0 15860 52527 8696 0.42920565605163574
1 91 0 52527 52527 8696 0.4178893566131592
1 91 0 15860 52527 8696 0.4431326389312744
1 91 0 15860 52527 8696 0.41335558891296387
1 91 0 46357 46357 8696 0.4868495464324951
1 91 0 46357 46357 8696 0.43178844451904297
1 91 0 46357 46357 8696 0.44223451614379883
1 91 0 46357 46357 8696 0.4433612823486328
1 91 0 46357 46357 8696 0.40625572204589844
1 91 0 46357 46357 8696 0.42667627334594727
1 91 0 46357 46357 8696 0.4198124408721924
1 91 0 46357 46357 8696 0.4248819351196289
1 91 0 46357 46357 8696 0.4470534324645996
1 91 0 34184 46357 8696 0.6606466770172119
1 91 0 15 15 8696 0.6602475643157959
1 91 0 15 15 8696 0.6921243667602539
1 91 0 15 15 26088 2.043269634246826
0 90 1 28169 15 26088 2.0326833724975586
1 91 0 15 15 17392 1.345496654510498
1 91 0 15 15 26088 2.070310592651367
1 91 0 15 15 8696 0.6679813861846924
1 91 0 15 15 8696 0.6702344417572021
1 91 0 15 15 26088 2.031299352645874
1 91 0 15 15 8696 0.6809477806091309
