0 217 1 14853 20150 26088 3.223149299621582
1 218 0 20150 20150 8696 0.8851792812347412
1 218 0 20150 20150 17392 1.589869499206543
1 218 0 19847 20150 26088 3.532414436340332
0 217 1 15610 20150 26088 3.838060140609741
1 218 0 19847 20150 17392 2.5002999305725098
0 217 1 18484 20150 26088 3.904388427734375
1 218 0 19847 20150 17392 2.5210232734680176
1 218 0 20150 20150 17392 1.9301321506500244
1 218 0 20150 20150 17392 1.6613593101501465
0 217 1 16406 24366 26088 2.246103048324585
0 217 1 13449 24366 26088 2.320235013961792
0 217 1 14042 24366 26088 2.2025413513183594
0 217 1 16110 24366 26088 2.31697940826416
0 217 1 16699 24366 26088 3.6511576175689697
1 218 0 24366 24366 26088 3.717374801635742
0 217 1 18025 24366 26088 3.7627391815185547
0 217 1 19501 24366 26088 3.714756727218628
0 217 1 19052 24366 26088 3.5993428230285645
0 217 1 19058 24366 26088 3.688735008239746
1 218 0 21467 22166 8696 1.2066948413848877
1 218 0 22166 22166 8696 1.3150310516357422
1 218 0 22124 22166 8696 1.206273078918457
1 218 0 20062 22166 8696 1.260460376739502
1 218 0 21738 22166 8696 1.238234281539917
1 218 0 21738 22166 8696 1.2724685668945312
1 218 0 22166 22166 8696 1.24957275390625
1 218 0 21002 22166 8696 1.2362518310546875
1 218 0 21681 22166 8696 0.7784061431884766
1 218 0 21648 22166 8696 0.7768161296844482
