0 217 1 213149 264936 26088 3.912393808364868
0 217 1 175301 264936 26088 3.832270622253418
0 217 1 171317 264936 26088 3.7545249462127686
0 217 1 159366 264936 26088 3.696336507797241
0 217 1 219125 264936 26088 3.7162058353424072
1 218 0 264936 264936 17392 2.483867883682251
1 218 0 239040 264936 26088 3.625192880630493
1 218 0 260952 264936 26088 3.7248663902282715
1 218 0 260952 264936 8696 1.2168879508972168
0 217 1 201199 264936 26088 3.6887519359588623
0 217 1 199953 320294 26088 3.7007174491882324
0 217 1 248478 320294 26088 3.658808708190918
0 217 1 238775 320294 26088 3.758195161819458
0 217 1 227128 320294 26088 3.6855275630950928
0 217 1 265947 320294 26088 3.7413573265075684
0 217 1 227129 320294 26088 3.730483055114746
0 217 1 201894 320294 26088 3.8631176948547363
1 218 0 320294 320294 8696 1.2308638095855713
0 217 1 269826 320294 26088 3.79483962059021
0 217 1 227125 320294 26088 2.4806861877441406
1 218 0 157899 160379 8696 0.761101484298706
0 217 1 123098 160379 26088 3.056349754333496
1 218 0 153494 160379 8696 1.2501955032348633
1 218 0 156104 160379 8696 1.1309592723846436
1 218 0 156335 160379 8696 0.7382826805114746
1 218 0 151962 160379 8696 0.7502334117889404
1 218 0 156304 160379 8696 0.7960081100463867
1 218 0 145537 160379 17392 1.6965503692626953
1 218 0 155307 160379 8696 1.2165474891662598
1 218 0 155850 160379 8696 1.2524189949035645
