1 71 0 141661 141661 8696 0.626253604888916
1 71 0 141661 141661 8696 0.6490695476531982
1 71 0 134729 141661 8696 0.6405737400054932
1 71 0 136308 141661 8696 0.6740410327911377
1 71 0 135125 141661 8696 0.6363861560821533
1 71 0 134729 141661 8696 0.6279938220977783
1 71 0 140622 141661 8696 0.6228351593017578
1 71 0 141661 141661 8696 0.6233181953430176
1 71 0 130693 141661 8696 0.651965856552124
1 71 0 130559 141661 8696 0.6525442600250244
1 71 0 108827 118347 8696 0.6258141994476318
1 71 0 118347 118347 8696 0.6265683174133301
1 71 0 112892 118347 8696 0.6538412570953369
1 71 0 114282 118347 8696 0.6238973140716553
1 71 0 114282 118347 8696 0.4326498508453369
1 71 0 105470 118347 8696 0.41300177574157715
1 71 0 118347 118347 8696 0.44887256622314453
1 71 0 118347 118347 8696 0.4258735179901123
1 71 0 111470 118347 8696 0.411881685256958
1 71 0 118347 118347 8696 0.39798521995544434
1 71 0 62561 65354 8696 0.42679738998413086
1 71 0 64371 65354 8696 0.4120650291442871
1 71 0 62157 65354 8696 0.45571255683898926
1 71 0 65211 65354 8696 0.43715715408325195
1 71 0 64514 65354 8696 0.49347782135009766
1 71 0 64514 65354 8696 0.4055976867675781
1 71 0 65354 65354 8696 0.4833090305328369
1 71 0 63050 65354 8696 0.48552989959716797
1 71 0 64802 65354 8696 0.42672157287597656
1 71 0 61869 65354 8696 0.4240391254425049
