0 217 1 12772 4190 26088 3.707329034805298
1 218 0 4190 4190 17392 2.434929370880127
0 216 2 13017 4190 26088 3.667095184326172
1 218 0 4190 4190 17392 2.2906219959259033
0 217 1 20862 4190 26088 2.497804641723633
0 216 2 9091 4190 26088 2.37734317779541
0 217 1 21599 4190 26088 2.2858712673187256
0 216 2 14978 4190 26088 3.421637773513794
1 218 0 3454 4190 8696 1.2061777114868164
0 216 2 9087 4190 26088 3.6019439697265625
0 217 1 15551 1469 26088 3.5746266841888428
1 218 0 1469 1469 17392 2.3925018310546875
0 217 1 7549 1469 26088 3.6666083335876465
0 217 1 4352 1469 26088 3.659832000732422
0 217 1 15875 1469 26088 3.7150235176086426
0 217 1 11066 1469 26088 3.6515328884124756
0 217 1 13630 1469 26088 3.798793077468872
0 217 1 12510 1469 26088 2.64359188079834
0 217 1 11711 1469 26088 2.3440439701080322
0 217 1 2425 1469 26088 2.271146059036255
1 218 0 4780 5305 8696 0.7352170944213867
1 218 0 4906 5305 8696 0.7847108840942383
1 218 0 4725 5305 17392 2.471651554107666
1 218 0 3265 5305 8696 1.2187919616699219
1 218 0 5212 5305 8696 1.2606315612792969
1 218 0 4503 5305 8696 1.2160673141479492
1 218 0 4851 5305 17392 2.4410014152526855
1 218 0 4851 5305 8696 1.229395866394043
1 218 0 4851 5305 26088 3.724529981613159
1 218 0 4051 5305 8696 1.256725788116455
