1 218 0 36854 36854 17392 2.707921028137207
0 217 1 47685 36854 26088 2.5001015663146973
0 216 2 179844 36854 26088 2.5789334774017334
0 217 1 32518 36854 26088 3.7189767360687256
0 217 1 62851 36854 26088 3.7241899967193604
1 218 0 21687 36854 17392 2.473778247833252
0 217 1 86685 36854 26088 3.7727015018463135
1 218 0 36854 36854 26088 3.6670143604278564
0 217 1 39018 36854 26088 3.6571342945098877
1 218 0 36854 36854 8696 1.244675636291504
1 218 0 16683 16683 26088 2.9545817375183105
0 217 1 127719 16683 26088 2.301384687423706
0 217 1 83300 16683 26088 3.274480104446411
0 217 1 83302 16683 26088 3.64499831199646
0 217 1 135120 16683 26088 3.7046408653259277
0 217 1 90705 16683 26088 3.6710476875305176
0 217 1 94402 16683 26088 3.6391477584838867
0 217 1 194336 16683 26088 3.676213502883911
0 217 1 140668 16683 26088 3.673211097717285
0 217 1 107360 16683 26088 2.3316822052001953
1 218 0 40030 61079 8696 0.752826452255249
1 218 0 61079 61079 8696 0.7703189849853516
1 218 0 40371 61079 17392 2.2593016624450684
1 218 0 55912 61079 8696 1.2305426597595215
1 218 0 54379 61079 17392 2.406343698501587
1 218 0 42028 61079 8696 1.2283573150634766
1 218 0 53955 61079 17392 2.493406295776367
1 218 0 56480 61079 8696 1.2607896327972412
1 218 0 53970 61079 17392 2.1964385509490967
1 218 0 57069 61079 8696 0.7346148490905762
