0 428 2 21306 26088 5.7065510749816895
0 427 3 20583 26088 5.430684804916382
0 427 3 18072 26088 5.142894983291626
0 427 3 20297 26088 4.39586329460144
0 427 3 11798 26088 4.3825767040252686
0 428 2 13973 26088 4.525848388671875
0 428 2 18979 26088 4.448115587234497
0 426 4 27307 26088 4.449204206466675
0 426 4 18082 26088 4.393747806549072
0 426 4 12724 26088 4.380646705627441
0 427 3 17740 26088 4.456466913223267
0 429 1 10309 26088 4.439340829849243
0 428 2 16660 26088 4.426943063735962
0 429 1 14842 26088 4.541945695877075
0 428 2 14622 26088 4.42877984046936
0 428 2 16659 26088 4.563145637512207
0 428 2 19261 26088 4.4921064376831055
0 429 1 12655 26088 4.436417579650879
0 428 2 18434 26088 4.4111340045928955
0 428 2 14170 26088 4.475805044174194
0 427 3 6601 26088 4.50365948677063
1 430 0 12838 8696 1.508723497390747
0 428 2 20637 26088 4.509590148925781
0 429 1 12911 26088 4.51872992515564
0 427 3 19960 26088 4.451388359069824
0 428 2 17547 26088 4.399748086929321
0 428 2 6476 26088 4.499966859817505
0 428 2 18888 26088 4.452100515365601
0 428 2 14295 26088 4.790285110473633
0 429 1 16639 26088 4.778609991073608
