1 71 0 9686 10690 8696 0.6606240272521973
1 71 0 9993 10690 8696 0.6124300956726074
1 71 0 9226 10690 8696 0.6185750961303711
1 71 0 9478 10690 8696 0.6250960826873779
1 71 0 10029 10690 8696 0.6331853866577148
1 71 0 10161 10690 8696 0.6932692527770996
1 71 0 10057 10690 8696 0.6373946666717529
1 71 0 10007 10690 8696 0.7175917625427246
1 71 0 10570 10690 8696 0.45662593841552734
1 71 0 9700 10690 8696 0.4103565216064453
1 71 0 3585 4071 8696 0.41080760955810547
1 71 0 3828 4071 8696 0.38242292404174805
1 71 0 3369 4071 8696 0.37546277046203613
1 71 0 3379 4071 8696 0.3952775001525879
1 71 0 3520 4071 8696 0.41091108322143555
1 71 0 3803 4071 8696 0.3939175605773926
1 71 0 3828 4071 8696 0.38105225563049316
1 71 0 3585 4071 8696 0.39014506340026855
1 71 0 3533 4071 8696 0.4171309471130371
1 71 0 3637 4071 8696 0.3816390037536621
1 71 0 3500 4077 8696 0.3944132328033447
1 71 0 3575 4077 8696 0.4133739471435547
1 71 0 3815 4077 8696 0.4187963008880615
1 71 0 3749 4077 8696 0.3860504627227783
1 71 0 3565 4077 8696 0.390744686126709
1 71 0 3475 4077 8696 0.4084768295288086
1 71 0 3575 4077 8696 0.4254605770111084
1 71 0 3594 4077 8696 0.39590954780578613
1 71 0 3851 4077 8696 0.3831167221069336
1 71 0 3558 4077 8696 0.4579508304595947
