0 429 1 56586 26088 6.8500752449035645
0 426 4 46612 26088 5.139422416687012
0 429 1 49261 26088 4.849950313568115
0 426 4 40344 26088 4.535356044769287
0 428 2 42659 26088 4.6869165897369385
0 428 2 45133 26088 4.5433900356292725
0 428 2 38795 26088 4.376283407211304
0 427 3 37589 26088 4.444965600967407
0 427 3 54441 26088 4.3555216789245605
0 427 3 48339 26088 4.417639255523682
0 428 2 4371 26088 4.461229562759399
0 427 3 4231 26088 4.412359952926636
0 428 2 5085 26088 4.412304878234863
0 427 3 5705 26088 4.368961334228516
0 428 2 5003 26088 4.369473695755005
0 426 4 4091 26088 4.5172083377838135
0 428 2 3602 26088 4.5097386837005615
0 428 2 4500 26088 4.39269757270813
0 428 2 4169 26088 4.408303260803223
0 428 2 5117 26088 4.425302028656006
1 430 0 8926 17392 2.953296661376953
0 428 2 7499 26088 4.457132339477539
0 427 3 6287 26088 4.638076305389404
0 428 2 6874 26088 4.506426811218262
0 428 2 6513 26088 4.630950689315796
0 427 3 6639 26088 4.48616886138916
0 428 2 6296 26088 4.392815113067627
0 427 3 5348 26088 4.590034246444702
0 427 3 4699 26088 4.696575880050659
0 427 3 5057 26088 4.5095534324646
