1 71 0 6740 6829 8696 0.6716194152832031
1 71 0 6433 6829 8696 0.6180813312530518
1 71 0 6383 6829 8696 0.627922534942627
1 71 0 6407 6829 8696 0.6528637409210205
1 71 0 6496 6829 8696 0.4366111755371094
1 71 0 6690 6829 8696 0.4352889060974121
1 71 0 6520 6829 8696 0.378706693649292
1 71 0 6513 6829 8696 0.42467308044433594
1 71 0 6772 6829 8696 0.37982821464538574
1 71 0 6683 6829 8696 0.39874696731567383
1 71 0 3835 3972 8696 0.43194079399108887
1 71 0 3835 3972 8696 0.3824467658996582
1 71 0 3835 3972 8696 0.618725061416626
1 71 0 3835 3972 8696 0.6442904472351074
1 71 0 3741 3972 8696 0.6279764175415039
1 71 0 3595 3972 8696 0.6285662651062012
1 71 0 3972 3972 8696 0.6410267353057861
1 71 0 3711 3972 8696 0.3764035701751709
1 71 0 3680 3972 8696 0.3806891441345215
1 71 0 3450 3972 8696 0.3955249786376953
1 71 0 4711 4933 8696 0.39330124855041504
1 71 0 4869 4933 8696 0.43327999114990234
1 71 0 4869 4933 8696 0.39192795753479004
1 71 0 4722 4933 8696 0.40160560607910156
1 71 0 4869 4933 8696 0.4225475788116455
1 71 0 4691 4933 8696 0.38863086700439453
1 71 0 4933 4933 8696 0.4806020259857178
1 71 0 4827 4933 8696 0.415055513381958
1 71 0 4736 4933 8696 0.42604994773864746
1 71 0 4869 4933 8696 0.3963203430175781
