1 91 0 2293 2293 8696 0.5109086036682129
1 91 0 2293 2293 8696 0.5061972141265869
1 91 0 2293 2293 8696 0.4546968936920166
1 91 0 2293 2293 8696 0.4587578773498535
1 91 0 2293 2293 8696 0.4250025749206543
1 91 0 2293 2293 8696 0.43589210510253906
1 91 0 2293 2293 8696 0.48716282844543457
1 91 0 2293 2293 8696 0.4639315605163574
1 91 0 2293 2293 8696 0.4801661968231201
1 91 0 2293 2293 8696 0.4387998580932617
1 91 0 3972 3972 8696 0.42363572120666504
1 91 0 3972 3972 8696 0.432020902633667
1 91 0 3972 3972 8696 0.42986392974853516
1 91 0 3972 3972 8696 0.4662346839904785
1 91 0 3972 3972 8696 0.425156831741333
1 91 0 3972 3972 8696 0.41502904891967773
1 91 0 3972 3972 8696 0.43381476402282715
1 91 0 3936 3972 8696 0.43270039558410645
1 91 0 3972 3972 8696 0.43140649795532227
1 91 0 3972 3972 8696 0.47820401191711426
1 91 0 4005 4005 8696 0.43842649459838867
1 91 0 4005 4005 17392 0.833345890045166
1 91 0 4005 4005 8696 0.4065566062927246
1 91 0 4005 4005 17392 0.8131899833679199
1 91 0 4005 4005 8696 0.5477592945098877
1 91 0 4005 4005 8696 0.6812498569488525
1 91 0 4005 4005 8696 0.6744840145111084
1 91 0 4005 4005 17392 1.3532345294952393
1 91 0 4005 4005 8696 0.6477115154266357
1 91 0 4005 4005 8696 0.6759490966796875
