0 428 2 74734 26088 5.696665287017822
0 428 2 113870 26088 5.976506948471069
0 428 2 63938 26088 4.777180194854736
0 427 3 89117 26088 4.492436170578003
0 429 1 83461 26088 4.32393217086792
0 429 1 85969 26088 4.3649139404296875
0 428 2 89420 26088 4.490440130233765
0 427 3 95037 26088 4.425312042236328
0 428 2 86305 26088 4.347161769866943
0 428 2 99701 26088 4.408278703689575
0 428 2 36213 26088 4.435603380203247
0 427 3 35041 26088 4.465655088424683
0 426 4 44091 26088 4.442713499069214
0 426 4 26508 26088 4.463455438613892
0 427 3 41381 26088 4.655707597732544
1 430 0 13217 8696 1.513305425643921
0 428 2 32327 26088 4.498152256011963
0 428 2 37936 26088 4.430489540100098
0 427 3 50815 26088 4.465471982955933
0 427 3 30427 26088 4.431048154830933
0 427 3 60581 26088 4.4874114990234375
0 428 2 47520 26088 4.4746620655059814
0 427 3 59031 26088 4.401620864868164
0 427 3 23374 26088 4.442275524139404
0 428 2 26939 26088 4.395909309387207
0 427 3 62717 26088 4.414750337600708
0 428 2 60386 26088 4.560884475708008
0 427 3 57382 26088 4.464936256408691
0 428 2 55494 26088 6.10065484046936
0 429 1 42971 26088 4.64655327796936
