1 91 0 34684 34684 8696 0.7074248790740967
1 91 0 34684 34684 8696 0.5594327449798584
1 91 0 34684 34684 8696 0.43488478660583496
1 91 0 34684 34684 8696 0.4475517272949219
1 91 0 34684 34684 8696 0.4711928367614746
1 91 0 34684 34684 8696 0.4698212146759033
1 91 0 34684 34684 8696 0.43587255477905273
1 91 0 34684 34684 8696 0.43343377113342285
1 91 0 29983 34684 8696 0.4570789337158203
1 91 0 32921 34684 8696 0.40442538261413574
1 91 0 18213 18379 8696 0.4166250228881836
1 91 0 18379 18379 8696 0.410642147064209
1 91 0 18379 18379 8696 0.4304471015930176
1 91 0 18213 18379 8696 0.4332273006439209
1 91 0 18379 18379 8696 0.4130744934082031
1 91 0 18379 18379 8696 0.4166707992553711
1 91 0 18379 18379 8696 0.6724591255187988
1 91 0 18379 18379 8696 0.6668376922607422
1 91 0 18379 18379 8696 0.6775386333465576
1 91 0 18379 18379 8696 0.6674878597259521
1 91 0 36015 36015 26088 1.9921140670776367
1 91 0 36015 36015 26088 2.0457820892333984
1 91 0 36015 36015 8696 0.6952989101409912
1 91 0 36015 36015 8696 0.40189218521118164
1 91 0 36015 36015 17392 0.8261978626251221
1 91 0 36015 36015 8696 0.423567533493042
1 91 0 36015 36015 8696 0.4165070056915283
1 91 0 36015 36015 17392 0.8338985443115234
1 91 0 36015 36015 17392 0.825249195098877
1 91 0 36015 36015 26088 1.308190107345581
