1 91 0 1635 5403 8696 0.520683765411377
1 91 0 5403 5403 8696 0.5132484436035156
1 91 0 5403 5403 8696 0.46059370040893555
1 91 0 1635 5403 8696 0.47571897506713867
1 91 0 1635 5403 8696 0.4574720859527588
1 91 0 1635 5403 8696 0.4303436279296875
1 91 0 5403 5403 8696 0.4009978771209717
1 91 0 1635 5403 8696 0.42105746269226074
1 91 0 1635 5403 8696 0.40858983993530273
1 91 0 1635 5403 8696 0.704399585723877
1 91 0 2786 2786 8696 0.6610851287841797
1 91 0 2730 2786 8696 0.6646201610565186
1 91 0 2786 2786 8696 0.665942907333374
1 91 0 2786 2786 8696 0.6905868053436279
1 91 0 2786 2786 8696 0.42426276206970215
1 91 0 2786 2786 8696 0.42964959144592285
1 91 0 2786 2786 8696 0.41687655448913574
1 91 0 2786 2786 8696 0.4314408302307129
1 91 0 2786 2786 8696 0.4116981029510498
1 91 0 2786 2786 8696 0.42942023277282715
1 91 0 15 15 8696 0.4830636978149414
1 91 0 15 15 26088 1.2674133777618408
1 91 0 15 15 8696 0.43584465980529785
1 91 0 15 15 26088 1.252826452255249
0 90 1 207 15 26088 1.33431077003479
1 91 0 15 15 8696 0.6743412017822266
1 91 0 15 15 8696 0.6620538234710693
1 91 0 15 15 8696 0.6880559921264648
1 91 0 15 15 8696 0.6854422092437744
1 91 0 15 15 26088 1.9947834014892578
