1 71 0 30998 31350 8696 0.6547086238861084
1 71 0 29347 31350 8696 0.709681510925293
1 71 0 27205 31350 8696 0.6469359397888184
1 71 0 29799 31350 8696 0.732874870300293
1 71 0 29141 31350 8696 0.6866190433502197
1 71 0 29410 31350 8696 0.39235901832580566
1 71 0 28447 31350 8696 0.40394163131713867
1 71 0 31350 31350 8696 0.39708495140075684
1 71 0 29756 31350 8696 0.41695451736450195
1 71 0 28273 31350 8696 0.4149343967437744
1 71 0 100666 100666 8696 0.40656232833862305
1 71 0 86724 100666 8696 0.4018087387084961
1 71 0 75430 100666 8696 0.4043903350830078
1 71 0 94649 100666 8696 0.621422290802002
1 71 0 86425 100666 8696 0.6212575435638428
1 71 0 79727 100666 8696 0.6281793117523193
1 71 0 87472 100666 8696 0.6067898273468018
1 71 0 87355 100666 8696 0.6334140300750732
1 71 0 86425 100666 8696 0.388416051864624
1 71 0 93047 100666 8696 0.40685272216796875
1 71 0 82073 95341 8696 0.38388633728027344
1 71 0 89198 95341 8696 0.45569610595703125
1 71 0 89198 95341 8696 0.472306489944458
1 71 0 95341 95341 8696 0.4159412384033203
1 71 0 90027 95341 8696 0.46669530868530273
1 71 0 83634 95341 8696 0.4327850341796875
1 71 0 84015 95341 8696 0.3885772228240967
1 71 0 90027 95341 8696 0.4068763256072998
1 71 0 82073 95341 8696 0.3883693218231201
1 71 0 89322 95341 8696 0.41789746284484863
