1 91 0 5403 5403 8696 0.6981754302978516
1 91 0 5403 5403 8696 0.7205262184143066
1 91 0 5403 5403 8696 0.7032406330108643
1 91 0 1635 5403 8696 0.7366936206817627
1 91 0 5403 5403 8696 0.47969841957092285
1 91 0 5403 5403 8696 0.4020814895629883
1 91 0 5403 5403 8696 0.39498448371887207
1 91 0 5403 5403 8696 0.410170316696167
1 91 0 1635 5403 8696 0.409804105758667
1 91 0 1330 5403 8696 0.3988668918609619
1 91 0 1635 5403 8696 0.40770530700683594
1 91 0 1635 5403 8696 0.4095895290374756
1 91 0 1635 5403 8696 0.6809792518615723
1 91 0 1635 5403 8696 0.661243200302124
1 91 0 5403 5403 8696 0.6718013286590576
1 91 0 1635 5403 8696 0.6682858467102051
1 91 0 5403 5403 8696 0.6603398323059082
1 91 0 1635 5403 8696 0.6799633502960205
1 91 0 1635 5403 8696 0.6778738498687744
1 91 0 1635 5403 8696 0.6585712432861328
1 91 0 5403 5403 8696 0.6562564373016357
1 91 0 1635 5403 8696 0.6583094596862793
1 91 0 1635 5403 8696 0.6639721393585205
1 91 0 5403 5403 8696 0.6694972515106201
1 91 0 1635 5403 8696 0.6520099639892578
1 91 0 5403 5403 8696 0.6590492725372314
1 91 0 1635 5403 8696 0.6775951385498047
1 91 0 1635 5403 8696 0.6551833152770996
1 91 0 1635 5403 8696 0.6544020175933838
1 91 0 5403 5403 8696 0.6691634654998779
1 91 0 1330 5403 8696 0.663245677947998
1 91 0 1635 5403 8696 0.6558022499084473
1 91 0 1635 5403 8696 0.668938159942627
1 91 0 1635 5403 8696 0.6729815006256104
1 91 0 5403 5403 8696 0.6553342342376709
1 91 0 1635 5403 8696 0.6680550575256348
1 91 0 1635 5403 8696 0.6596307754516602
1 91 0 5403 5403 8696 0.6530022621154785
1 91 0 1635 5403 8696 0.6561992168426514
1 91 0 1635 5403 8696 0.6649296283721924
1 91 0 1635 5403 8696 0.6615540981292725
1 91 0 5403 5403 8696 0.6909267902374268
1 91 0 5403 5403 8696 0.6677863597869873
1 91 0 1635 5403 8696 0.6537587642669678
1 91 0 1635 5403 8696 0.6560702323913574
1 91 0 1635 5403 8696 0.6703939437866211
1 91 0 1635 5403 8696 0.6216604709625244
1 91 0 5403 5403 8696 0.41176700592041016
1 91 0 1635 5403 8696 0.3949716091156006
1 91 0 1635 5403 8696 0.4003739356994629
1 91 0 1635 5403 8696 0.39408040046691895
1 91 0 1635 5403 8696 0.398714542388916
1 91 0 1635 5403 8696 0.4580535888671875
1 91 0 1635 5403 8696 0.40648603439331055
1 91 0 1635 5403 8696 0.5340306758880615
1 91 0 1635 5403 8696 0.6740059852600098
1 91 0 5403 5403 8696 0.6598742008209229
1 91 0 1635 5403 8696 0.6675806045532227
1 91 0 1635 5403 8696 0.6549146175384521
1 91 0 1635 5403 8696 0.6589927673339844
1 91 0 1635 5403 8696 0.6656525135040283
1 91 0 1635 5403 8696 0.6788914203643799
1 91 0 1635 5403 8696 0.657076358795166
1 91 0 1635 5403 8696 0.6578593254089355
1 91 0 1635 5403 8696 0.6589040756225586
1 91 0 1635 5403 8696 0.6545028686523438
1 91 0 1635 5403 8696 0.66827392578125
1 91 0 5403 5403 8696 0.6706545352935791
1 91 0 1635 5403 8696 0.6623749732971191
1 91 0 5403 5403 8696 0.68038010597229
1 91 0 1635 5403 8696 0.6814115047454834
1 91 0 1635 5403 8696 0.6640181541442871
1 91 0 1635 5403 8696 0.659376859664917
1 91 0 1635 5403 8696 0.6654505729675293
1 91 0 5403 5403 8696 0.6607623100280762
1 91 0 1635 5403 8696 0.666834831237793
1 91 0 1635 5403 8696 0.663508415222168
1 91 0 1635 5403 8696 0.6666281223297119
1 91 0 1635 5403 8696 0.658879280090332
1 91 0 1635 5403 8696 0.6654119491577148
1 91 0 1635 5403 8696 0.6684253215789795
1 91 0 1635 5403 8696 0.6557164192199707
1 91 0 5403 5403 8696 0.6751492023468018
1 91 0 1635 5403 8696 0.6687912940979004
1 91 0 1635 5403 8696 0.6709356307983398
1 91 0 5403 5403 8696 0.6574916839599609
1 91 0 1635 5403 17392 1.3380706310272217
1 91 0 1635 5403 8696 0.6571249961853027
1 91 0 1635 5403 8696 0.6686811447143555
1 91 0 5403 5403 8696 0.6645755767822266
1 91 0 5403 5403 8696 0.662224292755127
1 91 0 1635 5403 8696 0.6551554203033447
1 91 0 1635 5403 8696 0.6634047031402588
1 91 0 1635 5403 8696 0.6766982078552246
1 91 0 1635 5403 8696 0.41500306129455566
1 91 0 1635 5403 8696 0.40813541412353516
1 91 0 1635 5403 8696 0.4011378288269043
1 91 0 1635 5403 8696 0.40433549880981445
1 91 0 1635 5403 8696 0.398792028427124
1 91 0 1635 5403 8696 0.4123044013977051
