1 91 0 34684 34684 8696 0.6642565727233887
1 91 0 34684 34684 8696 0.756941556930542
1 91 0 34684 34684 8696 0.7683119773864746
1 91 0 34684 34684 8696 0.514061450958252
1 91 0 34684 34684 8696 0.4128072261810303
1 91 0 34684 34684 8696 0.40200161933898926
1 91 0 34684 34684 8696 0.4177217483520508
1 91 0 34684 34684 8696 0.4380197525024414
1 91 0 34684 34684 8696 0.39844632148742676
1 91 0 34684 34684 8696 0.4060373306274414
1 91 0 34684 34684 8696 0.39673900604248047
1 91 0 29983 34684 8696 0.6597163677215576
1 91 0 32921 34684 8696 0.6566648483276367
1 91 0 34684 34684 8696 0.6623826026916504
1 91 0 34684 34684 8696 0.6712076663970947
1 91 0 34684 34684 8696 0.6523318290710449
1 91 0 34684 34684 8696 0.6556365489959717
1 91 0 34684 34684 8696 0.6582479476928711
1 91 0 34684 34684 8696 0.6633827686309814
1 91 0 34684 34684 8696 0.6629295349121094
1 91 0 34684 34684 8696 0.6802740097045898
1 91 0 34684 34684 8696 0.6697163581848145
1 91 0 34684 34684 8696 0.664907693862915
1 91 0 29983 34684 8696 0.6607809066772461
1 91 0 34684 34684 8696 0.6651170253753662
1 91 0 34684 34684 8696 0.6624209880828857
1 91 0 29983 34684 8696 0.6846053600311279
1 91 0 34684 34684 8696 0.6502611637115479
1 91 0 34684 34684 8696 0.665912389755249
1 91 0 34684 34684 8696 0.6900098323822021
1 91 0 34684 34684 8696 0.6710531711578369
1 91 0 34684 34684 8696 0.6574320793151855
1 91 0 34684 34684 8696 0.671527624130249
1 91 0 34684 34684 8696 0.6559348106384277
1 91 0 34684 34684 8696 0.6578590869903564
1 91 0 34684 34684 8696 0.6554195880889893
1 91 0 34684 34684 8696 0.6541190147399902
1 91 0 34684 34684 8696 0.6611847877502441
1 91 0 34684 34684 8696 0.6647348403930664
1 91 0 34684 34684 8696 0.6864566802978516
1 91 0 34684 34684 8696 0.6697263717651367
1 91 0 34684 34684 8696 0.6673808097839355
1 91 0 34684 34684 8696 0.6617505550384521
1 91 0 34684 34684 8696 0.6600441932678223
1 91 0 34684 34684 8696 0.6756579875946045
1 91 0 32921 34684 8696 0.6491084098815918
1 91 0 34684 34684 8696 0.6614995002746582
1 91 0 34684 34684 8696 0.6546027660369873
1 91 0 34684 34684 8696 0.6825869083404541
1 91 0 29983 34684 8696 0.6508092880249023
1 91 0 34684 34684 8696 0.6628241539001465
1 91 0 34684 34684 8696 0.673194408416748
1 91 0 34684 34684 8696 0.657609224319458
1 91 0 34684 34684 8696 0.6834099292755127
1 91 0 34684 34684 8696 0.6550016403198242
1 91 0 34684 34684 8696 0.6547853946685791
1 91 0 34684 34684 8696 0.6667459011077881
1 91 0 34684 34684 8696 0.6645946502685547
1 91 0 34684 34684 8696 0.661672830581665
1 91 0 34684 34684 8696 0.6745569705963135
1 91 0 34684 34684 8696 0.6510281562805176
1 91 0 34684 34684 8696 0.6646826267242432
1 91 0 34684 34684 8696 0.6616010665893555
1 91 0 34684 34684 8696 0.6532027721405029
1 91 0 34684 34684 8696 0.6984567642211914
1 91 0 34684 34684 8696 0.6942541599273682
1 91 0 29983 34684 17392 0.824857234954834
1 91 0 34684 34684 8696 0.3920867443084717
1 91 0 34684 34684 8696 0.4010937213897705
1 91 0 34684 34684 8696 0.4267086982727051
1 91 0 34684 34684 8696 0.4138150215148926
1 91 0 34684 34684 8696 0.42200446128845215
1 91 0 34684 34684 8696 0.4163095951080322
1 91 0 34684 34684 8696 0.4098825454711914
1 91 0 29983 34684 8696 0.4192957878112793
1 91 0 34684 34684 8696 0.4235851764678955
1 91 0 34684 34684 8696 0.40342259407043457
1 91 0 34684 34684 8696 0.4124033451080322
1 91 0 34684 34684 8696 0.4722754955291748
1 91 0 34684 34684 8696 0.3976738452911377
1 91 0 34684 34684 8696 0.45908212661743164
1 91 0 34684 34684 8696 0.6599173545837402
1 91 0 34684 34684 8696 0.6814901828765869
1 91 0 32332 34684 8696 0.6881101131439209
1 91 0 34684 34684 8696 0.6862473487854004
1 91 0 34684 34684 8696 0.6560263633728027
1 91 0 34684 34684 8696 0.667776346206665
1 91 0 34684 34684 8696 0.6591653823852539
1 91 0 34684 34684 8696 0.6597645282745361
1 91 0 31745 34684 8696 0.6535782814025879
1 91 0 34684 34684 8696 0.6655213832855225
1 91 0 34684 34684 8696 0.6583540439605713
1 91 0 34684 34684 8696 0.6800615787506104
1 91 0 34684 34684 8696 0.6618485450744629
1 91 0 29983 34684 8696 0.6677653789520264
1 91 0 34684 34684 8696 0.6215395927429199
1 91 0 34684 34684 8696 0.420490026473999
1 91 0 29983 34684 8696 0.4034609794616699
1 91 0 34684 34684 8696 0.4460012912750244
1 91 0 34684 34684 8696 0.4334251880645752
