1 218 0 264936 264936 26088 2.918928384780884
1 218 0 264936 264936 8696 0.9114422798156738
0 217 1 231073 264936 26088 2.362205982208252
0 217 1 229083 264936 26088 2.2098515033721924
1 218 0 264936 264936 17392 1.738290548324585
0 217 1 185265 264936 26088 3.591763496398926
0 217 1 171316 264936 26088 3.6506340503692627
0 217 1 149404 264936 26088 3.657184362411499
0 217 1 111565 264936 26088 3.647704601287842
1 218 0 260952 264936 8696 1.2141234874725342
1 218 0 264936 264936 17392 2.4020256996154785
0 217 1 177294 264936 26088 2.977395534515381
1 218 0 264936 264936 17392 1.4812493324279785
0 217 1 161361 264936 26088 2.8092586994171143
0 217 1 225099 264936 26088 3.406942844390869
1 218 0 260952 264936 17392 1.488755464553833
0 217 1 149405 264936 26088 2.317094564437866
0 216 2 133475 264936 26088 3.6266047954559326
0 217 1 183273 264936 26088 3.643902063369751
1 218 0 264936 264936 8696 0.9257862567901611
0 217 1 137453 264936 26088 2.2025370597839355
0 216 2 219124 264936 26088 2.8131182193756104
0 217 1 167336 264936 26088 3.6005873680114746
0 216 2 135469 264936 26088 2.458313465118408
0 217 1 227090 264936 26088 2.3663837909698486
0 217 1 185262 264936 26088 2.2347991466522217
1 218 0 264936 264936 8696 1.1259973049163818
0 217 1 225098 264936 26088 3.6066808700561523
0 217 1 159367 264936 26088 3.631946325302124
0 217 1 177295 264936 26088 2.4350571632385254
1 218 0 264936 264936 8696 0.7253570556640625
0 216 2 165346 264936 26088 3.0949113368988037
1 218 0 264936 264936 26088 3.6134531497955322
1 218 0 264936 264936 26088 3.604454517364502
0 217 1 159367 264936 26088 3.6191468238830566
0 217 1 179287 264936 26088 3.612053394317627
1 218 0 260952 264936 17392 2.3846778869628906
0 217 1 175302 264936 26088 3.569504976272583
0 216 2 133473 264936 26088 3.6004788875579834
0 217 1 193228 264936 26088 3.60524582862854
0 217 1 121526 264936 26088 3.595602035522461
1 218 0 260952 264936 26088 3.644968271255493
0 216 2 133477 264936 26088 3.6300418376922607
0 216 2 167334 264936 26088 3.6009671688079834
0 217 1 121526 264936 26088 2.889188766479492
1 218 0 264936 264936 8696 0.768928050994873
1 218 0 264936 264936 8696 0.7840259075164795
0 217 1 167336 264936 26088 3.0780255794525146
0 217 1 205180 264936 26088 3.656120777130127
0 216 2 185264 264936 26088 3.304340362548828
1 218 0 264936 264936 17392 1.4922287464141846
0 216 2 195225 264936 26088 2.573648452758789
0 217 1 219121 264936 26088 3.624040365219116
1 218 0 264936 264936 26088 3.6334590911865234
1 218 0 260952 264936 26088 3.6821722984313965
0 217 1 121525 264936 26088 3.623702049255371
1 218 0 264936 264936 8696 1.2248504161834717
0 217 1 205182 264936 26088 3.6880009174346924
0 217 1 205180 264936 26088 3.6123716831207275
0 217 1 133477 264936 26088 3.659292221069336
1 218 0 264936 264936 8696 1.2187929153442383
0 216 2 145425 264936 26088 3.643383502960205
1 218 0 256968 264936 8696 1.2131943702697754
0 217 1 147414 264936 26088 3.6571860313415527
1 218 0 264936 264936 8696 1.2334561347961426
0 217 1 171317 264936 26088 3.6284146308898926
1 218 0 264936 264936 26088 3.6720075607299805
0 217 1 159367 264936 26088 4.010388135910034
0 217 1 171321 264936 26088 2.3018527030944824
1 218 0 264936 264936 26088 2.8382272720336914
0 217 1 171322 264936 26088 3.6173155307769775
0 217 1 199205 264936 26088 3.5636544227600098
1 218 0 264936 264936 17392 1.5779991149902344
0 217 1 175302 264936 26088 2.366074562072754
0 217 1 211157 264936 26088 3.7011466026306152
1 218 0 264936 264936 8696 1.2115612030029297
0 217 1 205181 264936 26088 3.7534196376800537
1 218 0 264936 264936 17392 2.434689521789551
1 218 0 260952 264936 26088 3.632207155227661
0 217 1 237049 264936 26088 3.6347343921661377
1 218 0 260952 264936 17392 2.441040515899658
1 218 0 256968 264936 17392 2.4310858249664307
0 217 1 199204 264936 26088 3.6308202743530273
0 217 1 167335 264936 26088 3.6122446060180664
0 217 1 193228 264936 26088 3.6281538009643555
0 217 1 173311 264936 26088 3.6499316692352295
1 218 0 264936 264936 26088 3.5938358306884766
1 218 0 264936 264936 17392 2.385761260986328
0 216 2 135469 264936 26088 3.6054577827453613
1 218 0 256968 264936 26088 3.5572962760925293
0 217 1 235060 264936 26088 3.6254281997680664
1 218 0 260952 264936 26088 3.545088052749634
0 217 1 171318 264936 26088 2.14982008934021
1 218 0 264936 264936 26088 2.298914670944214
1 218 0 260952 264936 8696 0.8522164821624756
0 217 1 179289 264936 26088 2.2880890369415283
0 217 1 133478 264936 26088 3.4621639251708984
0 217 1 185262 264936 26088 3.656602382659912
0 217 1 173314 264936 26088 3.667696475982666
0 217 1 177292 264936 26088 3.5897388458251953
