1 218 0 4190 4190 26088 3.7263824939727783
0 217 1 17186 4190 26088 3.8894665241241455
1 218 0 4190 4190 17392 1.851651668548584
0 217 1 9829 4190 26088 2.4620614051818848
1 218 0 3209 4190 8696 0.8200681209564209
0 217 1 10564 4190 26088 2.679456949234009
0 217 1 13261 4190 26088 2.463341236114502
0 217 1 11299 4190 26088 2.2264230251312256
1 218 0 1737 4190 26088 3.5707039833068848
1 218 0 2473 4190 17392 2.424114227294922
0 216 2 14976 4190 26088 3.654738426208496
0 217 1 21845 4190 26088 3.6350514888763428
1 218 0 4190 4190 17392 2.4221627712249756
1 218 0 4190 4190 17392 1.608262300491333
0 217 1 7132 4190 26088 2.182396650314331
1 218 0 3454 4190 8696 0.7278170585632324
0 216 2 13014 4190 26088 3.646371603012085
0 217 1 11790 4190 26088 3.585397481918335
1 218 0 3454 4190 8696 1.2021410465240479
0 217 1 8602 4190 26088 3.6584343910217285
0 217 1 7371 4190 26088 3.583106279373169
0 217 1 1736 4190 26088 3.596780300140381
0 216 2 15709 4190 26088 3.6887404918670654
0 217 1 18655 4190 26088 3.6307737827301025
1 218 0 4190 4190 17392 2.4138646125793457
0 217 1 13507 4190 26088 3.6136550903320312
1 218 0 4190 4190 8696 1.1943235397338867
0 217 1 2224 4190 26088 3.590477466583252
1 218 0 4190 4190 17392 2.3898298740386963
1 218 0 4190 4190 17392 2.4560132026672363
1 218 0 4190 4190 8696 1.1907930374145508
0 217 1 10810 4190 26088 2.903233528137207
0 217 1 5414 4190 26088 2.1872410774230957
1 218 0 1491 4190 17392 1.8659145832061768
0 217 1 13998 4190 26088 3.593783378601074
0 217 1 15716 4190 26088 3.6044633388519287
0 217 1 20127 4190 26088 3.6115968227386475
1 218 0 2228 4190 26088 3.6020443439483643
0 217 1 11298 4190 26088 3.618744373321533
0 217 1 10072 4190 26088 3.600008249282837
0 216 2 8355 4190 26088 3.6343235969543457
1 218 0 4190 4190 8696 1.1912953853607178
0 217 1 10075 4190 26088 3.5751006603240967
0 216 2 8356 4190 26088 3.637528419494629
0 216 2 11297 4190 26088 3.6174774169921875
0 217 1 8603 4190 26088 3.5970664024353027
0 217 1 10073 4190 26088 3.633720874786377
0 217 1 5900 4190 26088 3.660567283630371
0 217 1 11298 4190 26088 3.661865234375
0 217 1 14242 4190 26088 3.594564199447632
0 217 1 8604 4190 26088 3.6268599033355713
1 218 0 3454 4190 8696 1.2222306728363037
0 217 1 12771 4190 26088 2.456956624984741
1 218 0 4190 4190 8696 0.7185993194580078
0 217 1 13261 4190 26088 2.600050210952759
0 216 2 6635 4190 26088 3.6027538776397705
1 218 0 4190 4190 26088 3.6149752140045166
0 216 2 10071 4190 26088 3.648970603942871
0 217 1 7371 4190 26088 3.613888740539551
1 218 0 3454 4190 26088 3.571690082550049
0 217 1 8604 4190 26088 3.573653221130371
1 218 0 3454 4190 8696 1.1962618827819824
1 218 0 4190 4190 17392 2.4392449855804443
1 218 0 3454 4190 26088 3.645428419113159
0 217 1 13508 4190 26088 3.6246681213378906
0 217 1 14733 4190 26088 3.599120855331421
1 218 0 3454 4190 26088 3.6267852783203125
0 215 3 20374 4190 26088 3.607527494430542
0 217 1 3207 4190 26088 3.6159560680389404
1 218 0 3209 4190 26088 3.6480164527893066
0 217 1 10810 4190 26088 3.6543118953704834
0 217 1 21598 4190 26088 3.6294825077056885
1 218 0 3209 4190 26088 3.671849489212036
0 217 1 8358 4190 26088 3.631946325302124
0 217 1 9093 4190 26088 3.611037492752075
0 217 1 20127 4190 26088 3.657865285873413
0 217 1 15716 4190 26088 3.6196885108947754
0 217 1 10074 4190 26088 3.6161909103393555
1 218 0 4190 4190 26088 3.601428270339966
0 217 1 5898 4190 26088 3.609743595123291
1 218 0 4190 4190 17392 2.42962908744812
1 218 0 4190 4190 26088 3.6179723739624023
0 216 2 10565 4190 26088 3.6778857707977295
0 217 1 11789 4190 26088 3.654998302459717
1 218 0 3454 4190 26088 3.61610746383667
1 218 0 4190 4190 8696 1.182755708694458
1 218 0 3454 4190 17392 2.391535520553589
0 217 1 8603 4190 26088 3.59529709815979
0 217 1 8108 4190 26088 3.601125717163086
1 218 0 1737 4190 8696 1.1861791610717773
1 218 0 4190 4190 17392 2.4172022342681885
0 217 1 11298 4190 26088 3.63482928276062
0 217 1 12035 4190 26088 3.6194205284118652
0 216 2 15959 4190 26088 3.6546785831451416
0 217 1 11053 4190 26088 3.581895112991333
0 217 1 10566 4190 26088 3.5635814666748047
1 218 0 4190 4190 8696 1.181609869003296
0 217 1 21597 4190 26088 3.628429651260376
0 217 1 15468 4190 26088 3.633563995361328
1 218 0 4190 4190 17392 2.5782954692840576
