0 324 1 17344 26573 17392 3.168855905532837
0 323 2 17335 26573 17392 2.4510550498962402
0 323 2 23987 26573 17392 2.63801646232605
0 323 2 12547 26573 17392 2.487640380859375
0 323 2 24392 26573 17392 3.6278257369995117
0 323 2 20037 26573 17392 2.507779836654663
0 323 2 23216 26573 17392 2.4519340991973877
0 323 2 13810 26573 17392 2.4951629638671875
0 323 2 12976 26573 17392 3.4488143920898438
0 324 1 21251 26573 17392 2.476531982421875
1 325 0 15818 18638 17392 2.5022380352020264
1 325 0 17171 18638 17392 2.65553879737854
1 325 0 18011 18638 17392 3.5100760459899902
0 324 1 12566 18638 17392 2.5041069984436035
0 324 1 14139 18638 17392 3.5066685676574707
1 325 0 17966 18638 17392 2.729976177215576
1 325 0 17122 18638 17392 2.5714757442474365
0 324 1 15705 18638 17392 2.550194025039673
0 324 1 14881 18638 17392 2.554616689682007
0 324 1 14098 18638 17392 2.5587782859802246
0 323 2 12752 24430 17392 2.574415922164917
0 324 1 20572 24430 17392 2.5427086353302
0 322 3 17221 24430 17392 2.5728554725646973
0 324 1 22129 24430 17392 3.5219125747680664
0 324 1 20874 24430 17392 2.581983804702759
0 323 2 19510 24430 17392 3.533510208129883
0 324 1 22534 24430 17392 2.5517494678497314
0 323 2 16982 24430 17392 3.656409978866577
1 325 0 24430 24430 17392 2.885676860809326
0 323 2 18062 24430 17392 2.6087794303894043
0 323 2 19747 26137 17392 2.53653883934021
0 322 3 19747 26137 17392 3.5705978870391846
0 324 1 18736 26137 17392 2.48054575920105
0 323 2 13587 26137 17392 3.508002281188965
0 323 2 18071 26137 17392 2.4778263568878174
1 325 0 26137 26137 17392 2.5383026599884033
0 323 2 20086 26137 17392 2.451873540878296
0 322 3 15271 26137 17392 2.6106624603271484
0 323 2 16947 26137 17392 2.4859936237335205
0 324 1 12913 26137 17392 2.7731802463531494
0 324 1 22334 24689 17392 2.4974045753479004
0 324 1 18677 24689 17392 2.759528875350952
0 324 1 20401 24689 17392 3.494798421859741
0 324 1 18896 24689 17392 2.4653730392456055
0 324 1 21067 24689 17392 3.462416648864746
0 322 3 17681 24689 17392 2.4650681018829346
1 325 0 22189 24689 17392 3.4867911338806152
0 323 2 16177 24689 17392 2.4780683517456055
1 325 0 21465 24689 17392 3.4670135974884033
1 325 0 22749 24689 17392 2.445450782775879
0 323 2 14747 24016 17392 3.4994585514068604
0 323 2 16199 24016 17392 2.4878652095794678
0 323 2 19909 24016 17392 3.532926321029663
0 323 2 17539 24016 17392 2.481379508972168
0 323 2 15523 24016 17392 2.525458335876465
0 323 2 16048 24016 17392 2.5849926471710205
0 323 2 18892 24016 17392 2.523418664932251
1 325 0 22594 24016 17392 2.622908592224121
0 324 1 20179 24016 17392 2.573000431060791
0 322 3 16596 24016 17392 3.67052960395813
0 322 3 16008 26123 17392 2.534658670425415
0 323 2 16825 26123 17392 3.619415283203125
0 324 1 19843 26123 17392 2.5289547443389893
0 324 1 18771 26123 17392 2.5734543800354004
0 323 2 17765 26123 17392 2.521937608718872
0 324 1 18602 26123 17392 2.5580124855041504
0 323 2 15873 26123 17392 2.549577236175537
0 323 2 20236 26123 17392 2.577338457107544
1 325 0 22321 26123 17392 3.531334400177002
0 323 2 18148 26123 17392 2.493314027786255
0 323 2 14329 25071 17392 3.4936866760253906
0 324 1 23641 25071 17392 2.5031821727752686
0 323 2 17512 25071 17392 2.5516178607940674
0 322 3 14717 25071 17392 2.5396013259887695
0 322 3 20365 25071 17392 2.5534467697143555
0 322 3 13308 25071 17392 2.5114376544952393
0 322 3 17085 25071 17392 2.5876808166503906
0 324 1 23710 25071 17392 3.4669830799102783
0 320 5 11540 25071 17392 2.5848615169525146
0 322 3 21040 25071 17392 2.537721633911133
0 324 1 13734 21278 17392 2.5896575450897217
0 324 1 18975 21278 17392 3.825859546661377
0 323 2 16940 21278 17392 2.552412509918213
0 324 1 12993 21278 17392 2.6028566360473633
0 324 1 18565 21278 17392 2.5498979091644287
1 325 0 19356 21278 17392 2.6424007415771484
0 324 1 13583 21278 17392 2.629817485809326
0 324 1 12741 21278 17392 2.480184316635132
0 324 1 14865 21278 17392 2.6462371349334717
0 324 1 11887 21278 17392 3.4704103469848633
0 322 3 13054 22180 17392 2.5576062202453613
0 324 1 15102 22180 17392 3.5588886737823486
0 324 1 17881 22180 17392 2.4641714096069336
1 325 0 20582 22180 17392 2.445185899734497
0 322 3 13868 22180 17392 2.5626657009124756
1 325 0 19696 22180 17392 3.453862428665161
0 323 2 15094 22180 17392 2.4836883544921875
1 325 0 21091 22180 17392 3.4295074939727783
1 325 0 19428 22180 17392 2.483428478240967
1 325 0 21148 22180 17392 3.880481719970703
0 323 2 15275 25800 17392 2.5451819896698
0 324 1 14706 25800 17392 2.5166711807250977
0 323 2 13699 25800 17392 2.5502116680145264
0 323 2 10333 25800 17392 2.5508298873901367
0 323 2 16053 25800 17392 2.521062135696411
0 323 2 19411 25800 17392 2.536224365234375
0 323 2 15940 25800 17392 3.528015613555908
0 324 1 16394 25800 17392 2.5299203395843506
1 325 0 25800 25800 17392 3.544180393218994
0 322 3 21315 25800 17392 2.5230588912963867
0 323 2 15942 20466 17392 2.5566537380218506
1 325 0 19550 20466 17392 2.561671733856201
0 324 1 16152 20466 17392 2.5541436672210693
0 322 3 11693 20466 17392 2.5776538848876953
0 324 1 16513 20466 17392 2.5335233211517334
1 325 0 19761 20466 17392 3.4699673652648926
0 324 1 16670 20466 17392 2.5424649715423584
1 325 0 19807 20466 17392 3.7856366634368896
0 323 2 12807 20466 17392 2.5122954845428467
0 322 3 11909 20466 17392 2.53326153755188
0 323 2 20144 31523 17392 2.598271369934082
0 324 1 21266 31523 17392 2.4921700954437256
0 324 1 24573 31523 17392 2.4903180599212646
0 324 1 23451 31523 17392 2.5352962017059326
0 324 1 20480 31523 17392 3.4895005226135254
0 322 3 26141 31523 17392 2.6519057750701904
0 324 1 28271 31523 17392 3.5052528381347656
0 322 3 20089 31523 17392 2.495514154434204
0 324 1 20146 31523 17392 3.4806807041168213
0 323 2 24066 31523 17392 2.5411760807037354
0 323 2 22351 28700 17392 2.574004650115967
0 324 1 21029 28700 17392 2.4940903186798096
0 322 3 15342 28700 17392 2.5275611877441406
0 323 2 19550 28700 17392 2.5304131507873535
0 324 1 25605 28700 17392 2.601325750350952
0 324 1 20901 28700 17392 3.522169351577759
1 325 0 27741 28700 17392 2.541037082672119
0 322 3 23126 28700 17392 3.4648637771606445
1 325 0 27917 28700 17392 2.5627951622009277
0 323 2 19024 28700 17392 2.5404131412506104
1 325 0 22510 24729 17392 2.4940688610076904
0 322 3 16472 24729 17392 2.5518369674682617
0 324 1 18804 24729 17392 2.5252761840820312
0 324 1 20638 24729 17392 2.5565128326416016
0 324 1 20561 24729 17392 3.472249984741211
1 325 0 23050 24729 17392 2.503157138824463
0 324 1 21685 24729 17392 2.505124807357788
0 324 1 19592 24729 17392 2.5237154960632324
0 324 1 19142 24729 17392 2.5342514514923096
0 323 2 20626 24729 17392 2.659888982772827
0 324 1 19284 22975 17392 2.556881904602051
0 324 1 17713 22975 17392 2.678663492202759
1 325 0 22417 22975 17392 2.49419903755188
0 324 1 18339 22975 17392 2.4897830486297607
0 324 1 13101 22975 17392 2.513206720352173
0 324 1 19080 22975 17392 3.1683058738708496
0 324 1 18350 22975 17392 2.516132116317749
0 323 2 17574 22975 17392 2.547396183013916
0 323 2 19643 22975 17392 2.5578408241271973
0 323 2 20080 22975 17392 2.5424611568450928
1 325 0 18330 20396 17392 2.566399574279785
0 324 1 15708 20396 17392 2.5022666454315186
0 324 1 10673 20396 17392 2.5373523235321045
0 323 2 12012 20396 17392 2.5552618503570557
0 323 2 13400 20396 17392 2.5223846435546875
0 323 2 16444 20396 17392 2.509207010269165
0 323 2 16231 20396 17392 2.5393528938293457
0 323 2 14998 20396 17392 2.539259433746338
0 324 1 18267 20396 17392 2.529358148574829
0 324 1 16610 20396 17392 3.5534863471984863
1 325 0 27928 28737 17392 2.5002710819244385
1 325 0 26079 28737 17392 2.4792609214782715
1 325 0 28155 28737 17392 2.5060598850250244
1 325 0 27814 28737 17392 2.4822840690612793
1 325 0 25748 28737 17392 2.558774948120117
1 325 0 28233 28737 17392 2.510563373565674
1 325 0 25311 28737 17392 2.519455909729004
1 325 0 26070 28737 17392 2.5327131748199463
1 325 0 26408 28737 17392 2.579740047454834
0 324 1 19350 28737 17392 3.466153621673584
0 323 2 13693 19184 17392 2.549351453781128
0 324 1 12479 19184 17392 2.496995210647583
0 323 2 13072 19184 17392 2.4669008255004883
0 324 1 15199 19184 17392 2.519585609436035
0 324 1 16500 19184 17392 2.562199831008911
0 323 2 11247 19184 17392 2.536609649658203
0 323 2 12431 19184 17392 3.46099591255188
0 323 2 13649 19184 17392 2.505877733230591
0 322 3 11751 19184 17392 3.5051112174987793
0 324 1 14490 19184 17392 2.4719152450561523
0 324 1 16019 20380 17392 2.5295677185058594
0 324 1 12475 20380 17392 2.5123651027679443
1 325 0 20152 20380 17392 2.5482494831085205
0 324 1 18064 20380 17392 2.496544599533081
0 322 3 10818 20380 17392 2.5554463863372803
0 323 2 11111 20380 17392 2.5808908939361572
1 325 0 19622 20380 17392 2.5509450435638428
0 323 2 13926 20380 17392 2.4949913024902344
0 324 1 12980 20380 17392 2.5017943382263184
0 323 2 15335 20380 17392 2.5205273628234863
0 323 2 20459 25348 17392 2.5547611713409424
0 324 1 17658 25348 17392 2.4911718368530273
0 324 1 14545 25348 17392 2.545217990875244
0 323 2 12644 25348 17392 2.474041700363159
0 324 1 17119 25348 17392 2.507284164428711
0 324 1 19954 25348 17392 3.666642427444458
0 324 1 16779 25348 17392 2.604355812072754
0 324 1 16109 25348 17392 2.5609498023986816
0 323 2 19688 25348 17392 2.6158595085144043
0 321 4 17262 25348 17392 3.4978275299072266
1 325 0 15813 16731 17392 2.493621826171875
0 323 2 12828 16731 17392 3.4835965633392334
0 324 1 9833 16731 17392 2.579334259033203
0 323 2 8758 16731 17392 3.5154807567596436
0 323 2 9362 16731 17392 2.6068830490112305
1 325 0 16160 16731 17392 3.5060064792633057
0 324 1 14015 16731 17392 2.476684331893921
0 324 1 14064 16731 17392 2.5906870365142822
0 324 1 11223 16731 17392 2.5106704235076904
0 324 1 10003 16731 17392 2.5285251140594482
0 324 1 21205 26931 17392 2.5689737796783447
0 324 1 25129 26931 17392 2.4736757278442383
0 324 1 24057 26931 17392 2.507786512374878
1 325 0 21583 26931 17392 2.5524520874023438
0 324 1 23276 26931 17392 2.503359794616699
0 323 2 18418 26931 17392 2.494560956954956
0 324 1 23176 26931 17392 2.518437385559082
0 324 1 18297 26931 17392 3.5049304962158203
0 324 1 18442 26931 17392 2.486180067062378
1 325 0 22757 26931 17392 3.439833879470825
0 323 2 14141 22741 17392 2.5311572551727295
0 324 1 16356 22741 17392 2.556824207305908
0 324 1 13741 22741 17392 2.499736785888672
0 323 2 13470 22741 17392 2.5162200927734375
0 323 2 13198 22741 17392 2.5155863761901855
0 324 1 16287 22741 17392 2.5176405906677246
0 323 2 17096 22741 17392 3.5167460441589355
0 323 2 13333 22741 17392 2.6200528144836426
0 324 1 17030 22741 17392 3.5798227787017822
0 323 2 12126 22741 17392 2.532822608947754
0 324 1 16434 26208 17392 3.535128116607666
0 324 1 13414 26208 17392 2.586678981781006
0 324 1 17638 26208 17392 3.5284929275512695
0 323 2 20986 26208 17392 2.5119621753692627
0 322 3 18832 26208 17392 2.6108367443084717
0 323 2 16416 26208 17392 2.5210254192352295
0 324 1 13067 26208 17392 3.5377728939056396
0 324 1 15320 26208 17392 2.5567164421081543
1 325 0 26098 26208 17392 3.5920608043670654
0 324 1 16204 26208 17392 2.537893772125244
0 323 2 14826 25279 17392 3.5251429080963135
0 322 3 12672 25279 17392 2.5235302448272705
0 322 3 13367 25279 17392 2.538513422012329
0 324 1 17417 25279 17392 2.565746307373047
0 323 2 21792 25279 17392 3.514970541000366
0 324 1 22076 25279 17392 2.486062526702881
0 324 1 15232 25279 17392 3.49312424659729
0 324 1 16860 25279 17392 2.525388717651367
0 323 2 15926 25279 17392 3.6437790393829346
0 324 1 22841 25279 17392 2.4995615482330322
1 325 0 16966 20455 17392 2.496337413787842
1 325 0 16841 20455 17392 2.5139472484588623
1 325 0 16789 20455 17392 2.4638512134552
1 325 0 17030 20455 17392 2.464775562286377
1 325 0 19478 20455 17392 2.5788631439208984
0 323 2 13758 20455 17392 3.4307780265808105
1 325 0 18784 20455 17392 2.5099663734436035
1 325 0 18256 20455 17392 3.4468672275543213
1 325 0 19567 20455 17392 2.4249815940856934
0 324 1 16026 20455 17392 3.4351577758789062
0 323 2 12982 20186 17392 2.4831578731536865
0 323 2 13923 20186 17392 3.4459099769592285
0 324 1 16285 20186 17392 2.499397039413452
0 324 1 15125 20186 17392 3.442922830581665
0 324 1 13086 20186 17392 2.5190892219543457
0 324 1 15567 20186 17392 3.4723148345947266
0 323 2 12797 20186 17392 2.4806878566741943
0 324 1 15899 20186 17392 2.5037362575531006
1 325 0 14664 20186 17392 2.5431160926818848
0 324 1 13784 20186 17392 2.4407317638397217
0 323 2 16383 27711 17392 2.4958951473236084
0 323 2 18976 27711 17392 2.521848201751709
0 324 1 20344 27711 17392 2.4291887283325195
0 323 2 19827 27711 17392 2.494814872741699
0 324 1 20401 27711 17392 2.44834566116333
0 324 1 21552 27711 17392 3.4104111194610596
0 324 1 16686 27711 17392 2.4243357181549072
1 325 0 27151 27711 17392 3.514894485473633
0 324 1 19864 27711 17392 2.4299933910369873
1 325 0 26420 27711 17392 2.4965031147003174
0 323 2 12469 27933 17392 2.55348539352417
0 323 2 24012 27933 17392 2.474196195602417
0 323 2 19534 27933 17392 3.588283061981201
0 323 2 19523 27933 17392 2.492891550064087
0 323 2 20200 27933 17392 2.5043070316314697
0 322 3 16280 27933 17392 2.438082695007324
0 323 2 25579 27933 17392 2.4781856536865234
0 323 2 16508 27933 17392 2.4752097129821777
0 323 2 18629 27933 17392 2.4948689937591553
0 322 3 18967 27933 17392 2.4342472553253174
0 324 1 15270 27370 17392 2.4968926906585693
0 323 2 18520 27370 17392 2.448892593383789
0 323 2 14147 27370 17392 3.3790817260742188
0 324 1 19532 27370 17392 2.58961820602417
0 322 3 21621 27370 17392 3.410766839981079
0 324 1 23484 27370 17392 2.4855520725250244
0 323 2 22781 27370 17392 3.394737720489502
0 323 2 17995 27370 17392 2.421934127807617
0 323 2 17512 27370 17392 3.4213004112243652
0 323 2 21289 27370 17392 2.442929744720459
0 319 6 10395 25801 17392 2.4753222465515137
0 323 2 13085 25801 17392 2.476132869720459
0 322 3 16448 25801 17392 2.4865195751190186
0 322 3 18131 25801 17392 3.428032398223877
0 323 2 20815 25801 17392 2.439429759979248
0 322 3 21599 25801 17392 2.452688217163086
0 323 2 12187 25801 17392 2.4889700412750244
0 321 4 14930 25801 17392 2.4561233520507812
0 322 3 15100 25801 17392 2.5444068908691406
0 324 1 20307 25801 17392 2.4676716327667236
0 323 2 19671 25506 17392 2.463951587677002
0 323 2 18085 25506 17392 2.523751735687256
0 324 1 21619 25506 17392 2.4412012100219727
0 323 2 19455 25506 17392 3.4625492095947266
1 325 0 25169 25506 17392 2.5169730186462402
0 323 2 14893 25506 17392 3.40480375289917
0 324 1 17585 25506 17392 2.519357442855835
0 323 2 17515 25506 17392 2.4281251430511475
0 323 2 17964 25506 17392 2.4977223873138428
0 321 4 17486 25506 17392 2.4722306728363037
0 322 3 14596 24453 17392 3.3826663494110107
0 322 3 15271 24453 17392 2.4610695838928223
0 324 1 21317 24453 17392 3.4500763416290283
0 322 3 15722 24453 17392 2.449514389038086
0 322 3 13916 24453 17392 3.383819818496704
0 323 2 19973 24453 17392 2.487028121948242
0 324 1 17954 24453 17392 2.4812862873077393
0 323 2 14596 24453 17392 2.517507314682007
0 321 4 14600 24453 17392 2.460106372833252
0 323 2 13918 24453 17392 3.4141383171081543
0 324 1 13991 24296 17392 2.556474447250366
1 325 0 24296 24296 17392 3.4730756282806396
0 321 4 8814 24296 17392 2.454535722732544
0 323 2 15339 24296 17392 3.392164468765259
0 323 2 11708 24296 17392 2.485393762588501
0 324 1 16370 24296 17392 2.4795987606048584
0 323 2 9278 24296 17392 2.4756863117218018
0 323 2 13275 24296 17392 2.4538211822509766
0 323 2 13722 24296 17392 3.3976364135742188
0 321 4 14821 24296 17392 2.491673707962036
0 323 2 22555 25576 17392 3.4843897819519043
0 324 1 20867 25576 17392 2.4649875164031982
0 323 2 20874 25576 17392 3.4117660522460938
0 322 3 18524 25576 17392 2.4616737365722656
0 320 5 11802 25576 17392 2.45829176902771
0 320 5 15824 25576 17392 2.475574254989624
0 324 1 21210 25576 17392 2.4826529026031494
0 324 1 18183 25576 17392 3.4143433570861816
0 324 1 15721 25576 17392 2.476510763168335
1 325 0 25351 25576 17392 3.5445728302001953
1 325 0 13296 24792 17392 2.5108766555786133
1 325 0 23441 24792 17392 3.4109089374542236
0 324 1 17587 24792 17392 2.5011799335479736
0 322 3 18204 24792 17392 3.3970932960510254
0 323 2 16346 24792 17392 2.455183982849121
0 323 2 16568 24792 17392 3.3915040493011475
1 325 0 24080 24792 17392 2.4380664825439453
0 324 1 11936 24792 17392 3.4730725288391113
0 322 3 19831 24792 17392 2.5242860317230225
0 323 2 15925 24792 17392 3.501323938369751
0 324 1 16876 24777 17392 2.4933085441589355
0 324 1 19952 24777 17392 3.345046043395996
0 323 2 19797 24777 17392 2.43686842918396
0 322 3 19675 24777 17392 3.435086965560913
1 325 0 21876 24777 17392 2.4530739784240723
0 324 1 17157 24777 17392 3.377389669418335
0 323 2 20766 24777 17392 2.4206132888793945
0 323 2 20734 24777 17392 3.376940965652466
0 323 2 19127 24777 17392 2.479245901107788
0 323 2 17330 24777 17392 3.4191622734069824
0 323 2 11624 23558 17392 2.473003387451172
0 323 2 13645 23558 17392 3.4117162227630615
0 323 2 17338 23558 17392 2.435702323913574
0 324 1 11458 23558 17392 3.4008641242980957
0 324 1 21370 23558 17392 2.561619997024536
0 323 2 13969 23558 17392 3.489797353744507
0 322 3 10448 23558 17392 2.52021861076355
0 323 2 10956 23558 17392 2.48280668258667
0 323 2 15491 23558 17392 2.479566812515259
0 323 2 11625 23558 17392 2.473193407058716
0 323 2 15520 24209 17392 2.5503480434417725
0 323 2 17840 24209 17392 2.5018296241760254
0 323 2 14627 24209 17392 2.410567283630371
0 322 3 15664 24209 17392 2.4881863594055176
0 322 3 13506 24209 17392 2.4852776527404785
0 323 2 14961 24209 17392 2.4880921840667725
0 324 1 15543 24209 17392 2.467942953109741
0 323 2 19249 24209 17392 2.553683280944824
0 322 3 11271 24209 17392 2.43574595451355
1 325 0 15517 24209 17392 2.4668631553649902
0 321 4 13470 25239 17392 2.4303085803985596
0 323 2 23560 25239 17392 2.487201690673828
0 323 2 15827 25239 17392 2.5022101402282715
0 324 1 16161 25239 17392 2.427481174468994
0 321 4 14151 25239 17392 2.496722936630249
0 323 2 15492 25239 17392 2.4821560382843018
0 324 1 14818 25239 17392 3.3843119144439697
0 322 3 18517 25239 17392 2.524472713470459
0 322 3 16163 25239 17392 3.383300304412842
0 324 1 16832 25239 17392 2.5357956886291504
1 325 0 16235 20031 17392 2.4669907093048096
1 325 0 19160 20031 17392 2.4652538299560547
0 324 1 17724 20031 17392 2.44364333152771
0 324 1 17501 20031 17392 3.4258785247802734
0 324 1 14410 20031 17392 2.429323196411133
0 324 1 15158 20031 17392 3.399721145629883
1 325 0 18186 20031 17392 2.52870774269104
1 325 0 18824 20031 17392 3.3712828159332275
1 325 0 19369 20031 17392 2.5124895572662354
0 324 1 15372 20031 17392 3.4913079738616943
0 322 3 15897 23576 17392 2.5202372074127197
0 323 2 14233 23576 17392 3.4168105125427246
1 325 0 15921 23576 17392 2.4752655029296875
0 323 2 10297 23576 17392 3.4477999210357666
0 323 2 14607 23576 17392 2.4657821655273438
0 323 2 10750 23576 17392 3.3875720500946045
0 323 2 16285 23576 17392 2.4228882789611816
0 323 2 16765 23576 17392 3.442187547683716
0 324 1 12335 23576 17392 2.416912078857422
0 323 2 16856 23576 17392 3.5427000522613525
0 323 2 15015 22467 17392 2.4827523231506348
0 323 2 14085 22467 17392 3.395232677459717
0 322 3 12448 22467 17392 2.447580575942993
0 323 2 15719 22467 17392 3.5151100158691406
0 324 1 12901 22467 17392 2.5347342491149902
0 323 2 13178 22467 17392 3.5138044357299805
0 324 1 20702 22467 17392 2.4880528450012207
1 325 0 20672 22467 17392 3.3928866386413574
0 324 1 11431 22467 17392 2.4645936489105225
0 324 1 13792 22467 17392 2.748534917831421
0 322 3 17178 27932 17392 2.501999855041504
0 323 2 20312 27932 17392 2.487121343612671
0 323 2 18181 27932 17392 3.4441471099853516
0 323 2 17514 27932 17392 2.4547767639160156
0 323 2 17851 27932 17392 3.4723246097564697
0 323 2 17169 27932 17392 2.460292339324951
0 322 3 19530 27932 17392 2.454254388809204
0 322 3 12467 27932 17392 2.465725898742676
0 322 3 15272 27932 17392 2.4428634643554688
0 323 2 15156 27932 17392 2.498753547668457
0 323 2 15118 24488 17392 2.47595477104187
0 323 2 18693 24488 17392 2.4406189918518066
1 325 0 22870 24488 17392 2.5023839473724365
0 321 4 20149 24488 17392 2.55709171295166
0 322 3 16739 24488 17392 2.475048303604126
0 324 1 21354 24488 17392 3.0613245964050293
0 324 1 17209 24488 17392 2.454463481903076
0 324 1 20466 24488 17392 2.5387613773345947
1 325 0 24062 24488 17392 2.4444096088409424
0 324 1 18820 24488 17392 2.475736618041992
0 324 1 14155 26586 17392 2.4624974727630615
0 322 3 20650 26586 17392 2.440840482711792
0 324 1 17293 26586 17392 3.441296339035034
0 323 2 17622 26586 17392 2.461887836456299
0 324 1 22215 26586 17392 3.4615557193756104
0 323 2 16843 26586 17392 2.4928760528564453
0 322 3 14153 26586 17392 3.4301533699035645
0 323 2 16840 26586 17392 2.436060667037964
0 323 2 15276 26586 17392 3.391007661819458
0 323 2 19983 26586 17392 2.502533197402954
0 322 3 14839 22234 17392 3.4174728393554688
0 323 2 10897 22234 17392 2.4709529876708984
0 324 1 11715 22234 17392 3.406088352203369
0 323 2 17351 22234 17392 2.4641284942626953
0 324 1 13931 22234 17392 3.4650912284851074
0 324 1 14585 22234 17392 2.467721700668335
0 323 2 9382 22234 17392 3.389976978302002
0 322 3 15085 22234 17392 2.4556643962860107
0 323 2 16877 22234 17392 3.419684410095215
0 323 2 12116 22234 17392 2.518094778060913
0 323 2 18939 25119 17392 2.48881459236145
1 325 0 24680 25119 17392 2.489072799682617
0 322 3 18280 25119 17392 2.549590826034546
0 324 1 18238 25119 17392 3.4169721603393555
0 324 1 21148 25119 17392 2.560363292694092
0 322 3 14565 25119 17392 3.4424641132354736
0 324 1 23205 25119 17392 2.481920003890991
0 324 1 23382 25119 17392 3.512725353240967
1 325 0 24479 25119 17392 2.4521708488464355
1 325 0 24074 25119 17392 3.4202992916107178
0 324 1 20092 21131 17392 2.5682265758514404
0 322 3 15781 21131 17392 3.4769363403320312
0 323 2 13987 21131 17392 2.520564317703247
0 324 1 19689 21131 17392 3.40867280960083
0 323 2 14279 21131 17392 2.49599289894104
1 325 0 19438 21131 17392 3.411839485168457
0 323 2 12442 21131 17392 2.4630672931671143
0 324 1 14543 21131 17392 3.413637638092041
1 325 0 19589 21131 17392 2.4358527660369873
0 324 1 10492 21131 17392 3.431530714035034
0 324 1 10560 25800 17392 2.4897727966308594
0 324 1 10899 25800 17392 3.447960376739502
0 324 1 12915 25800 17392 2.404677391052246
0 323 2 15603 25800 17392 2.5111143589019775
0 323 2 12464 25800 17392 2.464827299118042
0 323 2 15489 25800 17392 2.4435818195343018
0 324 1 11573 25800 17392 2.5048978328704834
0 323 2 12462 25800 17392 2.4278531074523926
0 323 2 7984 25800 17392 2.424070119857788
0 324 1 12916 25800 17392 2.476752758026123
0 322 3 14650 22534 17392 2.5513219833374023
0 322 3 12650 22534 17392 3.489922523498535
0 323 2 15374 22534 17392 2.4965085983276367
0 323 2 14990 22534 17392 3.40618896484375
1 325 0 21773 22534 17392 2.5180680751800537
1 325 0 21628 22534 17392 3.4283852577209473
0 323 2 17314 22534 17392 2.4544286727905273
0 322 3 14652 22534 17392 3.4127771854400635
0 323 2 15677 22534 17392 2.6050071716308594
0 323 2 16388 22534 17392 3.432703971862793
0 324 1 19527 22436 17392 2.5591695308685303
0 324 1 16156 22436 17392 3.405381202697754
0 323 2 15822 22436 17392 2.4595448970794678
0 324 1 19754 22436 17392 3.462015390396118
0 324 1 18860 22436 17392 2.505340814590454
0 323 2 18520 22436 17392 3.44115948677063
0 324 1 20873 22436 17392 2.491028070449829
0 323 2 17510 22436 17392 3.4578053951263428
0 323 2 16507 22436 17392 2.487368583679199
0 324 1 18075 22436 17392 3.444789171218872
0 324 1 24352 28282 17392 2.5131049156188965
0 323 2 24218 28282 17392 2.4864635467529297
0 324 1 26369 28282 17392 2.4918551445007324
0 324 1 18950 28282 17392 2.4072394371032715
0 324 1 25059 28282 17392 2.4760565757751465
1 325 0 27423 28282 17392 2.4466254711151123
0 323 2 16126 28282 17392 2.45281720161438
0 323 2 16672 28282 17392 2.445812940597534
0 323 2 17183 28282 17392 2.4471864700317383
0 324 1 20317 28282 17392 3.41035795211792
0 324 1 24350 29228 17392 2.4694559574127197
1 325 0 28629 29228 17392 3.472506523132324
0 324 1 25155 29228 17392 2.505174160003662
0 324 1 25749 29228 17392 3.4077377319335938
0 324 1 21151 29228 17392 2.419131278991699
1 325 0 27363 29228 17392 3.442840099334717
0 324 1 20050 29228 17392 2.4907519817352295
0 323 2 18159 29228 17392 2.4841151237487793
1 325 0 27548 29228 17392 2.4598782062530518
1 325 0 28726 29228 17392 2.4743475914001465
0 323 2 14823 26883 17392 2.486815929412842
0 324 1 22515 26883 17392 2.434645891189575
0 322 3 19418 26883 17392 2.4244747161865234
0 324 1 25576 26883 17392 2.4753499031066895
0 324 1 19828 26883 17392 2.5001330375671387
0 322 3 20237 26883 17392 3.492804765701294
0 324 1 16317 26883 17392 2.4542441368103027
1 325 0 26285 26883 17392 3.4170162677764893
0 323 2 19494 26883 17392 2.455310344696045
0 324 1 18479 26883 17392 3.4133353233337402
0 323 2 20027 24256 17392 2.5112829208374023
0 323 2 16062 24256 17392 3.3731637001037598
0 323 2 18052 24256 17392 2.470276355743408
0 323 2 18444 24256 17392 3.452960968017578
1 325 0 23378 24256 17392 2.5599470138549805
0 324 1 19016 24256 17392 2.4302990436553955
0 324 1 22279 24256 17392 2.4895875453948975
0 323 2 12036 24256 17392 2.4900481700897217
0 324 1 15986 24256 17392 3.394667148590088
0 323 2 11432 24256 17392 2.4237494468688965
0 323 2 13622 23820 17392 2.4623472690582275
0 322 3 19978 23820 17392 2.5428123474121094
0 322 3 18622 23820 17392 2.475229501724243
0 322 3 12134 23820 17392 3.4511053562164307
0 322 3 17331 23820 17392 2.5120849609375
0 323 2 13054 23820 17392 3.460841178894043
0 323 2 13833 23820 17392 2.6744141578674316
0 322 3 13779 23820 17392 3.413088083267212
0 324 1 15994 23820 17392 2.4807863235473633
0 323 2 12277 23820 17392 2.499274730682373
0 322 3 14553 25574 17392 2.478760242462158
0 323 2 13746 25574 17392 2.453733444213867
0 322 3 12874 25574 17392 3.3994407653808594
0 322 3 17440 25574 17392 2.4841532707214355
1 325 0 24699 25574 17392 2.422252893447876
0 322 3 17580 25574 17392 2.5023412704467773
0 323 2 20805 25574 17392 2.5018861293792725
0 323 2 18854 25574 17392 2.4738082885742188
0 323 2 18321 25574 17392 2.450511932373047
0 324 1 17108 25574 17392 2.399970293045044
0 324 1 19785 24654 17392 2.4851901531219482
0 323 2 21230 24654 17392 2.4662511348724365
0 323 2 19443 24654 17392 3.4096574783325195
0 323 2 17886 24654 17392 2.4634108543395996
0 324 1 20332 24654 17392 3.383131504058838
0 323 2 16437 24654 17392 2.5081207752227783
0 324 1 20796 24654 17392 3.462048292160034
0 324 1 22370 24654 17392 2.446418046951294
0 324 1 21113 24654 17392 3.4170656204223633
0 323 2 21518 24654 17392 2.446385145187378
0 324 1 13908 19979 17392 3.475358724594116
0 324 1 14170 19979 17392 2.468733787536621
0 323 2 14004 19979 17392 3.4613149166107178
0 324 1 13039 19979 17392 2.4828450679779053
0 324 1 14500 19979 17392 3.4885263442993164
0 323 2 15157 19979 17392 2.5090038776397705
0 324 1 13679 19979 17392 3.429624319076538
0 324 1 13998 19979 17392 2.44868540763855
0 323 2 16748 19979 17392 3.522228956222534
0 323 2 15414 19979 17392 2.4510726928710938
0 323 2 16443 21340 17392 3.4652929306030273
1 325 0 19618 21340 17392 2.4474868774414062
0 323 2 13324 21340 17392 3.476492404937744
1 325 0 19022 21340 17392 2.486837863922119
0 323 2 14054 21340 17392 3.4490015506744385
1 325 0 21065 21340 17392 2.4662632942199707
0 324 1 10925 21340 17392 3.444807767868042
0 324 1 12887 21340 17392 2.44909405708313
0 324 1 18491 21340 17392 3.425591230392456
1 325 0 19224 21340 17392 2.491809606552124
0 324 1 18317 25075 17392 3.4490935802459717
0 324 1 20162 25075 17392 2.4264488220214844
0 324 1 21760 25075 17392 3.5810515880584717
0 324 1 20385 25075 17392 2.4831182956695557
0 322 3 15647 25075 17392 3.384328842163086
0 324 1 19502 25075 17392 2.445427179336548
1 325 0 23810 25075 17392 3.412074089050293
1 325 0 24634 25075 17392 2.415994644165039
0 324 1 21646 25075 17392 2.4316165447235107
1 325 0 24317 25075 17392 2.4395744800567627
0 323 2 15265 22213 17392 2.4635608196258545
0 323 2 15376 22213 17392 2.468217611312866
0 323 2 14031 22213 17392 2.5185458660125732
0 324 1 15491 22213 17392 2.4738481044769287
0 323 2 18737 22213 17392 3.394845485687256
0 323 2 15486 22213 17392 2.4537415504455566
0 324 1 18513 22213 17392 3.4631552696228027
0 323 2 12241 22213 17392 2.5192086696624756
0 324 1 16273 22213 17392 3.4167609214782715
0 323 2 14039 22213 17392 2.5056655406951904
0 324 1 17000 26054 17392 2.4719202518463135
0 324 1 19120 26054 17392 2.600708484649658
1 325 0 18148 26054 17392 2.442685127258301
0 324 1 18680 26054 17392 3.3839049339294434
0 324 1 18864 26054 17392 2.5139431953430176
0 323 2 18572 26054 17392 3.440413475036621
1 325 0 22302 26054 17392 2.4752044677734375
1 325 0 24033 26054 17392 3.399588108062744
0 324 1 18452 26054 17392 2.4237701892852783
0 324 1 17982 26054 17392 2.408966302871704
0 323 2 15782 18635 17392 2.532396078109741
0 324 1 15753 18635 17392 2.6585943698883057
0 324 1 15715 18635 17392 3.3795948028564453
0 324 1 16400 18635 17392 2.477503538131714
0 324 1 10775 18635 17392 3.416837215423584
0 324 1 15884 18635 17392 2.4874682426452637
0 323 2 13058 18635 17392 3.5188894271850586
0 323 2 16049 18635 17392 2.4429187774658203
0 324 1 11782 18635 17392 3.455634832382202
0 324 1 14393 18635 17392 2.478044271469116
0 324 1 16370 20922 17392 3.482041597366333
0 323 2 20038 20922 17392 2.4273810386657715
0 323 2 15174 20922 17392 3.41121768951416
0 323 2 15327 20922 17392 2.46804141998291
0 323 2 16826 20922 17392 3.5297794342041016
0 324 1 16610 20922 17392 2.4990460872650146
0 324 1 16152 20922 17392 3.56453800201416
0 323 2 14961 20922 17392 2.5348072052001953
0 324 1 17438 20922 17392 3.4516656398773193
0 323 2 15787 20922 17392 2.494565963745117
0 324 1 17861 27023 17392 3.4161741733551025
1 325 0 26718 27023 17392 2.478360891342163
1 325 0 26078 27023 17392 3.447845697402954
0 323 2 17242 27023 17392 2.4145119190216064
1 325 0 26708 27023 17392 3.5011942386627197
0 321 4 14369 27023 17392 2.505697011947632
0 324 1 21596 27023 17392 3.489318609237671
0 323 2 15796 27023 17392 2.447876453399658
0 324 1 23841 27023 17392 3.412555694580078
0 322 3 18679 27023 17392 2.458672523498535
0 324 1 18157 23695 17392 3.42171311378479
0 323 2 16393 23695 17392 2.4601383209228516
0 324 1 18669 23695 17392 3.3977677822113037
0 324 1 17571 23695 17392 2.445775032043457
0 324 1 15609 23695 17392 3.5442583560943604
0 323 2 15104 23695 17392 2.467684507369995
0 323 2 15249 23695 17392 3.3798749446868896
0 322 3 13746 23695 17392 2.540071487426758
0 324 1 16911 23695 17392 2.5292246341705322
0 324 1 16433 23695 17392 2.500643491744995
0 323 2 11665 18100 17392 2.480320692062378
0 324 1 11764 18100 17392 3.487912178039551
0 324 1 16546 18100 17392 2.45487380027771
0 324 1 11810 18100 17392 3.3769052028656006
0 324 1 15841 18100 17392 2.448155641555786
0 323 2 14711 18100 17392 3.4120376110076904
0 324 1 12407 18100 17392 2.4771926403045654
0 324 1 13406 18100 17392 2.4560325145721436
0 324 1 12749 18100 17392 2.482354164123535
0 324 1 14296 18100 17392 2.4330976009368896
0 323 2 14220 18370 17392 2.5163698196411133
1 325 0 15957 18370 17392 2.495898723602295
0 324 1 14468 18370 17392 2.4492499828338623
0 324 1 15618 18370 17392 2.4707818031311035
0 324 1 13172 18370 17392 2.426950693130493
0 324 1 13985 18370 17392 2.53434419631958
1 325 0 16612 18370 17392 2.5250344276428223
0 324 1 14492 18370 17392 2.4149956703186035
1 325 0 17487 18370 17392 3.45719838142395
1 325 0 16925 18370 17392 2.4331300258636475
0 322 3 10922 18796 17392 2.5395989418029785
0 322 3 11719 18796 17392 2.4587674140930176
0 322 3 10306 18796 17392 2.432917356491089
0 324 1 11042 18796 17392 3.4291954040527344
0 324 1 12124 18796 17392 2.512489080429077
0 324 1 13785 18796 17392 3.4878036975860596
0 324 1 13050 18796 17392 2.516981840133667
0 324 1 14968 18796 17392 3.440995216369629
1 325 0 18320 18796 17392 2.4417567253112793
0 324 1 13983 18796 17392 3.414097785949707
0 324 1 15796 25980 17392 2.4983158111572266
0 323 2 19944 25980 17392 3.4119713306427
0 323 2 15866 25980 17392 2.460986614227295
0 324 1 23102 25980 17392 3.4452545642852783
0 323 2 17094 25980 17392 2.5083200931549072
0 324 1 20195 25980 17392 2.5145719051361084
0 322 3 17117 25980 17392 2.4625930786132812
0 324 1 16916 25980 17392 2.472074270248413
0 323 2 17245 25980 17392 2.487886428833008
0 323 2 20528 25980 17392 2.4683291912078857
0 323 2 17607 21436 17392 3.426405191421509
1 325 0 15707 21436 17392 2.5153253078460693
0 324 1 11898 21436 17392 3.4603612422943115
0 324 1 16855 21436 17392 2.506852388381958
0 323 2 15978 21436 17392 3.5323798656463623
0 324 1 11698 21436 17392 2.462101936340332
0 323 2 13788 21436 17392 3.442481517791748
0 324 1 9588 21436 17392 2.476919174194336
0 324 1 12177 21436 17392 3.436933994293213
0 323 2 15439 21436 17392 2.4466495513916016
0 324 1 19430 26749 17392 3.464890718460083
0 324 1 19810 26749 17392 2.4560461044311523
1 325 0 23629 26749 17392 3.417834520339966
1 325 0 26274 26749 17392 2.4441077709198
1 325 0 21930 26749 17392 3.4936940670013428
1 325 0 25405 26749 17392 2.5056347846984863
0 324 1 21184 26749 17392 3.4315805435180664
0 324 1 20841 26749 17392 2.4926750659942627
0 324 1 22180 26749 17392 3.3890621662139893
0 324 1 18726 26749 17392 2.4576871395111084
1 325 0 25157 25743 17392 2.4589438438415527
0 324 1 18638 25743 17392 2.442939519882202
0 324 1 16825 25743 17392 2.4226667881011963
0 324 1 24181 25743 17392 2.4876248836517334
0 323 2 16518 25743 17392 2.498202085494995
0 323 2 16871 25743 17392 2.4303886890411377
0 323 2 17745 25743 17392 2.473442554473877
0 324 1 18370 25743 17392 2.4851362705230713
0 324 1 23007 25743 17392 3.409566879272461
0 324 1 17123 25743 17392 2.526196241378784
0 323 2 14332 21714 17392 3.4613332748413086
0 324 1 16212 21714 17392 2.4618163108825684
0 322 3 14714 21714 17392 3.396378755569458
0 324 1 16157 21714 17392 2.4527339935302734
0 322 3 11632 21714 17392 2.475053310394287
0 322 3 16496 21714 17392 2.4874327182769775
0 322 3 16578 21714 17392 2.5338475704193115
0 323 2 19822 21714 17392 2.4405510425567627
1 325 0 21487 21714 17392 2.458414316177368
0 323 2 16114 21714 17392 2.489274740219116
0 323 2 11506 23053 17392 2.5085222721099854
0 322 3 12648 23053 17392 2.4987730979919434
0 322 3 10030 23053 17392 3.4452619552612305
0 324 1 16681 23053 17392 2.5164613723754883
0 323 2 15860 23053 17392 3.41632342338562
0 323 2 14391 23053 17392 2.4617271423339844
0 323 2 18129 23053 17392 3.399001359939575
0 323 2 19797 23053 17392 2.53178071975708
0 324 1 20091 23053 17392 2.4938807487487793
0 323 2 13943 23053 17392 2.485975742340088
1 325 0 21523 23544 17392 2.4953701496124268
0 322 3 14995 23544 17392 3.4437873363494873
0 324 1 20489 23544 17392 2.6175711154937744
0 323 2 20520 23544 17392 3.4188623428344727
0 323 2 17437 23544 17392 2.467010736465454
0 323 2 18403 23544 17392 3.405802011489868
0 323 2 17650 23544 17392 2.4611024856567383
0 323 2 14869 23544 17392 3.413742780685425
0 324 1 20119 23544 17392 2.434865951538086
1 325 0 20718 23544 17392 2.428946018218994
0 323 2 9667 21536 17392 2.4936654567718506
0 324 1 9407 21536 17392 2.4244091510772705
0 322 3 12946 21536 17392 2.450792074203491
0 323 2 14824 21536 17392 2.5596582889556885
0 323 2 9478 21536 17392 2.4637882709503174
0 323 2 15223 21536 17392 2.5073492527008057
0 324 1 10676 21536 17392 2.5267491340637207
0 323 2 11116 21536 17392 3.4023196697235107
0 320 5 13476 21536 17392 2.4823431968688965
0 322 3 16679 21536 17392 3.449957847595215
0 323 2 18141 22393 17392 2.465301513671875
1 325 0 21102 22393 17392 3.4882097244262695
0 323 2 14387 22393 17392 2.591233491897583
1 325 0 20528 22393 17392 3.4013984203338623
0 322 3 12893 22393 17392 2.4647884368896484
0 323 2 14179 22393 17392 2.4820363521575928
0 322 3 17828 22393 17392 2.4978086948394775
0 323 2 17118 22393 17392 2.5146894454956055
0 323 2 18456 22393 17392 2.47445011138916
0 322 3 12367 22393 17392 2.5113165378570557
0 324 1 16973 23566 17392 3.5992202758789062
0 323 2 14972 23566 17392 2.4564571380615234
0 324 1 15457 23566 17392 2.429385185241699
0 323 2 14210 23566 17392 2.480419635772705
0 324 1 15626 23566 17392 2.4722812175750732
0 324 1 14722 23566 17392 3.3973941802978516
0 324 1 14456 23566 17392 2.484773635864258
0 322 3 13280 23566 17392 3.453669309616089
0 324 1 15150 23566 17392 2.467039108276367
0 322 3 18474 23566 17392 2.423833131790161
1 325 0 24230 26957 17392 2.496964693069458
0 323 2 22077 26957 17392 2.4506170749664307
0 322 3 16821 26957 17392 3.397489309310913
0 323 2 10345 26957 17392 2.5331854820251465
0 321 4 17170 26957 17392 3.4790139198303223
1 325 0 24230 26957 17392 2.4750890731811523
0 324 1 19310 26957 17392 3.4445996284484863
0 324 1 24716 26957 17392 2.446413278579712
0 322 3 19037 26957 17392 3.44797682762146
0 324 1 20624 26957 17392 2.497879981994629
0 324 1 14811 21480 17392 3.3891100883483887
1 325 0 19713 21480 17392 2.43349552154541
0 324 1 14017 21480 17392 3.406045436859131
1 325 0 21102 21480 17392 2.462223768234253
1 325 0 15612 21480 17392 3.484276533126831
1 325 0 20325 21480 17392 2.4515607357025146
0 324 1 15626 21480 17392 3.36586856842041
1 325 0 19722 21480 17392 2.4976513385772705
1 325 0 18098 21480 17392 3.457437515258789
1 325 0 21086 21480 17392 2.4459803104400635
0 322 3 14941 27949 17392 3.4926276206970215
0 323 2 18981 27949 17392 2.455958604812622
0 323 2 19816 27949 17392 3.387821674346924
0 324 1 17784 27949 17392 2.4344096183776855
0 323 2 21453 27949 17392 2.5394275188446045
0 324 1 20112 27949 17392 2.47452449798584
0 323 2 18116 27949 17392 2.4546561241149902
0 322 3 20041 27949 17392 3.420602321624756
0 323 2 19436 27949 17392 2.4653823375701904
0 323 2 17385 27949 17392 3.413543939590454
1 325 0 25567 26644 17392 2.453680992126465
1 325 0 25442 26644 17392 3.375595808029175
1 325 0 25209 26644 17392 2.5406033992767334
1 325 0 21316 26644 17392 3.478623628616333
1 325 0 25080 26644 17392 2.4612433910369873
1 325 0 25593 26644 17392 3.50490140914917
1 325 0 24929 26644 17392 2.4962117671966553
1 325 0 24279 26644 17392 2.4893157482147217
0 324 1 17495 26644 17392 2.450268030166626
1 325 0 22570 26644 17392 2.4501452445983887
0 324 1 17851 22468 17392 2.441269636154175
0 324 1 20565 22468 17392 2.5554630756378174
0 324 1 18864 22468 17392 2.478184461593628
0 323 2 18532 22468 17392 3.4057300090789795
0 324 1 17924 22468 17392 2.434152603149414
0 324 1 18155 22468 17392 3.465956211090088
0 324 1 19498 22468 17392 2.4373691082000732
0 324 1 19752 22468 17392 3.496396064758301
0 324 1 18841 22468 17392 2.446518659591675
0 323 2 20962 22468 17392 3.380422830581665
0 323 2 12040 19881 17392 2.4822471141815186
0 324 1 14574 19881 17392 3.437546730041504
0 324 1 16841 19881 17392 2.473820924758911
0 324 1 16272 19881 17392 3.3895297050476074
0 323 2 14371 19881 17392 2.4968760013580322
0 324 1 13081 19881 17392 3.4254448413848877
1 325 0 18411 19881 17392 2.4403958320617676
0 324 1 16167 19881 17392 3.419316530227661
0 323 2 14729 19881 17392 2.47320818901062
1 325 0 19330 19881 17392 3.4039885997772217
0 323 2 13369 23468 17392 2.4261043071746826
0 324 1 19343 23468 17392 3.457669973373413
0 323 2 12434 23468 17392 2.435669422149658
0 323 2 14768 23468 17392 2.4167752265930176
0 323 2 18229 23468 17392 2.511164665222168
0 323 2 11954 23468 17392 2.5274224281311035
0 323 2 10380 23468 17392 3.4959876537323
0 323 2 13846 23468 17392 2.486318588256836
0 323 2 10945 23468 17392 3.4270832538604736
0 324 1 19680 23468 17392 2.4580423831939697
0 324 1 12796 18847 17392 3.449226140975952
0 324 1 11007 18847 17392 2.4953269958496094
0 324 1 12462 18847 17392 3.453280448913574
0 323 2 12804 18847 17392 2.45106840133667
0 324 1 12131 18847 17392 3.445317506790161
0 324 1 12133 18847 17392 2.467979907989502
0 323 2 14480 18847 17392 2.460880756378174
0 324 1 16948 18847 17392 2.4714417457580566
1 325 0 18060 18847 17392 2.4333622455596924
0 324 1 16947 18847 17392 3.4291720390319824
0 322 3 18525 25239 17392 2.5160181522369385
0 324 1 15829 25239 17392 3.5307044982910156
0 323 2 15160 25239 17392 2.4637227058410645
0 321 4 14480 25239 17392 3.5236971378326416
0 324 1 22213 25239 17392 2.4279510974884033
0 323 2 16170 25239 17392 3.5013723373413086
0 323 2 18521 25239 17392 2.467698812484741
0 322 3 16836 25239 17392 3.4577441215515137
0 324 1 21877 25239 17392 2.5057473182678223
0 323 2 15155 25239 17392 3.4098966121673584
0 322 3 19946 26636 17392 2.4363677501678467
0 324 1 21361 26636 17392 3.4827916622161865
0 323 2 17902 26636 17392 2.450913906097412
0 322 3 16171 26636 17392 2.486330032348633
0 323 2 18244 26636 17392 2.448075294494629
1 325 0 16258 26636 17392 2.4587955474853516
0 322 3 15307 26636 17392 2.4518470764160156
0 324 1 15926 26636 17392 2.50209641456604
0 324 1 17003 26636 17392 2.479203939437866
0 324 1 21025 26636 17392 2.4731972217559814
1 325 0 20221 21982 17392 2.489272356033325
0 324 1 16291 21982 17392 3.462998867034912
0 324 1 16245 21982 17392 2.480741024017334
1 325 0 16715 21982 17392 3.497122287750244
0 324 1 15935 21982 17392 2.4644322395324707
0 324 1 17544 21982 17392 3.403773784637451
0 324 1 17483 21982 17392 2.4182443618774414
0 324 1 15902 21982 17392 3.4652650356292725
0 324 1 17736 21982 17392 2.4668445587158203
0 324 1 18073 21982 17392 3.472062110900879
0 324 1 21066 21274 17392 2.475557804107666
0 324 1 14846 21274 17392 3.4390676021575928
0 324 1 20136 21274 17392 2.4359357357025146
1 325 0 16913 21274 17392 3.410266637802124
1 325 0 19678 21274 17392 2.473252534866333
0 324 1 15911 21274 17392 3.8219892978668213
1 325 0 19190 21274 17392 2.4387426376342773
0 324 1 17018 21274 17392 3.407557964324951
0 323 2 15633 21274 17392 2.4866037368774414
0 324 1 17861 21274 17392 3.5712151527404785
0 323 2 14170 25036 17392 2.554286241531372
0 323 2 21092 25036 17392 2.5880236625671387
0 324 1 17174 25036 17392 2.5016374588012695
0 324 1 17847 25036 17392 2.474346876144409
0 324 1 21259 25036 17392 2.4282193183898926
0 322 3 15961 25036 17392 2.4553425312042236
0 324 1 21704 25036 17392 2.5171797275543213
0 322 3 14144 25036 17392 2.531511068344116
0 324 1 18184 25036 17392 2.568624258041382
0 322 3 16616 25036 17392 2.471627950668335
0 324 1 19881 29209 17392 2.483922243118286
0 324 1 16115 29209 17392 2.4350690841674805
0 323 2 19830 29209 17392 2.434666872024536
0 324 1 21022 29209 17392 2.456327199935913
0 324 1 15222 29209 17392 2.498485565185547
0 323 2 19529 29209 17392 3.0307741165161133
0 323 2 20834 29209 17392 3.4326350688934326
0 324 1 17383 29209 17392 2.4349422454833984
0 324 1 16372 29209 17392 3.4537220001220703
0 324 1 19055 29209 17392 2.4616713523864746
0 323 2 15667 29616 17392 2.443408489227295
0 324 1 21879 29616 17392 2.4795289039611816
0 322 3 15425 29616 17392 2.453676223754883
0 322 3 12402 29616 17392 3.454749345779419
0 322 3 12903 29616 17392 2.4414124488830566
0 323 2 10441 29616 17392 3.409442901611328
0 322 3 13813 29616 17392 2.484882354736328
0 324 1 14245 29616 17392 3.4297571182250977
0 322 3 16670 29616 17392 2.4926347732543945
0 324 1 23833 29616 17392 3.5106265544891357
0 323 2 18808 23116 17392 2.4935171604156494
0 324 1 18895 23116 17392 3.5326640605926514
0 323 2 19681 23116 17392 2.4823741912841797
0 323 2 15511 23116 17392 3.3836846351623535
0 324 1 19229 23116 17392 2.4881582260131836
0 323 2 19047 23116 17392 2.450727939605713
0 324 1 20530 23116 17392 2.511014938354492
0 323 2 16367 23116 17392 2.476188898086548
0 323 2 16292 23116 17392 2.461820125579834
0 323 2 19463 23116 17392 2.4410605430603027
0 321 4 16311 21962 17392 2.5134904384613037
0 324 1 19746 21962 17392 2.5625641345977783
0 323 2 14909 21962 17392 2.533439874649048
0 324 1 17685 21962 17392 3.393489360809326
0 322 3 15803 21962 17392 2.501197338104248
1 325 0 20034 21962 17392 3.48856258392334
0 323 2 15947 21962 17392 2.4453816413879395
0 324 1 14732 21962 17392 3.4171853065490723
0 322 3 15087 21962 17392 2.473412275314331
0 324 1 20560 21962 17392 3.45990252494812
0 322 3 15100 22554 17392 2.459987163543701
1 325 0 18408 22554 17392 3.4405434131622314
0 324 1 13091 22554 17392 2.4557814598083496
0 324 1 19904 22554 17392 2.5090575218200684
0 323 2 13733 22554 17392 2.435844659805298
0 324 1 15336 22554 17392 2.4782211780548096
1 325 0 21578 22554 17392 3.4396297931671143
0 323 2 18319 22554 17392 2.6741554737091064
1 325 0 21454 22554 17392 2.4566457271575928
0 324 1 19256 22554 17392 2.497803211212158
