0 324 1 22411 26573 26088 4.734999656677246
1 325 0 25631 26573 26088 3.813284158706665
0 324 1 17024 26573 26088 3.6091501712799072
0 323 2 18423 26573 26088 3.6027064323425293
0 324 1 16874 26573 26088 4.791670322418213
0 323 2 12316 26573 26088 3.761296272277832
0 324 1 20888 26573 26088 3.6485226154327393
0 323 2 17340 26573 26088 3.7029037475585938
0 323 2 14074 26573 26088 4.974074602127075
0 323 2 18613 26573 26088 3.690516471862793
0 324 1 12670 18638 26088 3.78446888923645
1 325 0 16825 18638 26088 3.9172582626342773
1 325 0 18550 18638 26088 4.9020280838012695
1 325 0 18107 18638 26088 3.677685499191284
1 325 0 18033 18638 26088 5.087400674819946
1 325 0 17824 18638 26088 3.826852321624756
0 324 1 13012 18638 26088 3.753638982772827
1 325 0 17298 18638 26088 3.7414944171905518
1 325 0 15955 18638 26088 3.782589912414551
0 324 1 15346 18638 26088 3.742448091506958
0 324 1 18329 24430 26088 3.6930432319641113
1 325 0 23377 24430 26088 3.709082841873169
0 324 1 19454 24430 26088 3.7605478763580322
0 324 1 20074 24430 26088 4.8597259521484375
0 324 1 19414 24430 26088 3.651137590408325
0 324 1 22836 24430 26088 4.8501927852630615
0 324 1 20618 24430 26088 3.70379638671875
0 323 2 23069 24430 26088 4.833677768707275
0 324 1 22536 24430 26088 3.828958749771118
0 323 2 13683 24430 26088 3.80769419670105
0 323 2 11683 26137 26088 3.7474966049194336
0 323 2 16276 26137 26088 4.857767581939697
0 324 1 19410 26137 26088 3.640669822692871
0 323 2 8652 26137 26088 4.7484729290008545
0 324 1 22550 26137 26088 3.640089750289917
0 323 2 8656 26137 26088 3.6539013385772705
0 324 1 20082 26137 26088 3.702625036239624
0 324 1 15383 26137 26088 3.7355122566223145
0 323 2 14037 26137 26088 3.6583094596862793
0 324 1 14374 26137 26088 3.9685230255126953
1 325 0 23063 24689 26088 3.674184799194336
1 325 0 22042 24689 26088 4.118856191635132
0 324 1 20008 24689 26088 5.348516941070557
0 323 2 17629 24689 26088 3.6254384517669678
0 323 2 17601 24689 26088 4.831645965576172
0 324 1 21715 24689 26088 3.72446870803833
0 324 1 19546 24689 26088 4.872704982757568
0 324 1 20987 24689 26088 3.6836190223693848
0 324 1 22175 24689 26088 4.7695159912109375
0 324 1 18882 24689 26088 3.63437557220459
0 323 2 17623 24016 26088 4.812567949295044
1 325 0 22768 24016 26088 3.6830286979675293
0 324 1 18575 24016 26088 4.670637845993042
1 325 0 21852 24016 26088 3.6696460247039795
0 323 2 18089 24016 26088 3.712264060974121
1 325 0 15932 24016 26088 3.659200429916382
0 323 2 15890 24016 26088 3.6598520278930664
0 324 1 20072 24016 26088 3.794579029083252
1 325 0 20586 24016 26088 3.6783454418182373
1 325 0 23519 24016 26088 4.897334575653076
0 324 1 24983 26123 26088 3.76328706741333
0 323 2 18930 26123 26088 4.870814800262451
0 323 2 17252 26123 26088 3.7433483600616455
0 323 2 15841 26123 26088 3.6833291053771973
0 324 1 20234 26123 26088 3.7380106449127197
0 323 2 16561 26123 26088 3.7379539012908936
0 324 1 18778 26123 26088 3.6977384090423584
0 324 1 21427 26123 26088 3.79012131690979
0 323 2 18299 26123 26088 4.770543336868286
0 324 1 21787 26123 26088 3.761606454849243
0 322 3 20551 25071 26088 4.812910079956055
0 323 2 16096 25071 26088 3.7651257514953613
0 324 1 19773 25071 26088 3.760702133178711
0 323 2 16433 25071 26088 3.7599875926971436
0 323 2 15003 25071 26088 3.708770275115967
0 324 1 18281 25071 26088 3.7264904975891113
0 323 2 15761 25071 26088 3.758453369140625
0 323 2 18446 25071 26088 4.695199966430664
0 324 1 23309 25071 26088 3.941307783126831
0 322 3 18178 25071 26088 3.704310655593872
0 324 1 14416 21278 26088 3.7493367195129395
1 325 0 18651 21278 26088 5.089029550552368
0 324 1 17431 21278 26088 3.7522876262664795
0 324 1 16381 21278 26088 3.716989278793335
0 324 1 16806 21278 26088 3.752903938293457
0 324 1 17937 21278 26088 3.878126859664917
0 324 1 13057 21278 26088 3.7408242225646973
0 324 1 15609 21278 26088 3.7642815113067627
1 325 0 20405 21278 26088 3.8766112327575684
1 325 0 19950 21278 26088 4.90709662437439
1 325 0 19799 22180 26088 3.7838921546936035
1 325 0 20503 22180 26088 4.750953197479248
0 324 1 15384 22180 26088 3.625347852706909
1 325 0 20411 22180 26088 3.6581923961639404
0 324 1 14815 22180 26088 3.6122078895568848
1 325 0 18936 22180 26088 4.93231987953186
0 324 1 15416 22180 26088 3.665496826171875
0 324 1 19086 22180 26088 4.875088453292847
1 325 0 19799 22180 26088 3.6376850605010986
1 325 0 21180 22180 26088 4.9673826694488525
0 324 1 16052 25800 26088 3.896336317062378
0 323 2 13697 25800 26088 3.7408058643341064
0 322 3 12020 25800 26088 3.761711835861206
0 324 1 15605 25800 26088 3.7509231567382812
1 325 0 25463 25800 26088 3.6892528533935547
0 324 1 16055 25800 26088 3.708893299102783
0 323 2 20427 25800 26088 4.83668851852417
0 324 1 15047 25800 26088 3.782881259918213
0 324 1 23335 25800 26088 4.770884275436401
0 323 2 12575 25800 26088 3.701286554336548
0 324 1 16803 20466 26088 3.709625005722046
0 323 2 13939 20466 26088 3.69804048538208
0 324 1 16612 20466 26088 3.700408458709717
0 323 2 13774 20466 26088 3.718653678894043
1 325 0 18967 20466 26088 3.7414166927337646
1 325 0 17605 20466 26088 4.8187220096588135
0 323 2 16919 20466 26088 3.7292652130126953
1 325 0 19669 20466 26088 4.697213649749756
1 325 0 19807 20466 26088 3.7505078315734863
0 324 1 18243 20466 26088 3.715277910232544
0 324 1 21770 31523 26088 3.725630521774292
0 324 1 20817 31523 26088 3.7835893630981445
0 324 1 23058 31523 26088 3.7619152069091797
0 324 1 25863 31523 26088 3.7400128841400146
0 324 1 22723 31523 26088 4.835495233535767
0 324 1 28271 31523 26088 3.703911304473877
0 323 2 24457 31523 26088 4.80343222618103
0 323 2 24460 31523 26088 3.6634249687194824
0 323 2 21374 31523 26088 4.743338108062744
0 324 1 27653 31523 26088 3.7643086910247803
1 325 0 27294 28700 26088 3.6956303119659424
1 325 0 27947 28700 26088 3.7051808834075928
0 324 1 15561 28700 26088 3.6992428302764893
0 324 1 25335 28700 26088 3.6929006576538086
1 325 0 27319 28700 26088 3.9014995098114014
0 324 1 23955 28700 26088 4.726255893707275
0 323 2 21013 28700 26088 3.6777310371398926
0 323 2 21141 28700 26088 4.6135993003845215
0 324 1 14559 28700 26088 3.8603663444519043
1 325 0 26904 28700 26088 3.6952006816864014
1 325 0 23139 24729 26088 3.6498444080352783
0 323 2 16528 24729 26088 3.75837779045105
1 325 0 23314 24729 26088 3.711155652999878
1 325 0 23984 24729 26088 3.7792041301727295
0 324 1 19954 24729 26088 4.735386848449707
1 325 0 22562 24729 26088 3.7677054405212402
0 324 1 19237 24729 26088 3.7170629501342773
0 324 1 21041 24729 26088 3.678490400314331
1 325 0 18942 24729 26088 3.76509952545166
1 325 0 24471 24729 26088 3.7856380939483643
0 324 1 16155 22975 26088 3.8366336822509766
0 324 1 18817 22975 26088 3.7613775730133057
0 324 1 19099 22975 26088 3.706500291824341
1 325 0 22363 22975 26088 3.6987528800964355
0 323 2 18839 22975 26088 3.767106056213379
0 324 1 18524 22975 26088 3.8300421237945557
0 324 1 19206 22975 26088 3.7403697967529297
0 324 1 16822 22975 26088 3.7522225379943848
0 324 1 13988 22975 26088 3.6842150688171387
0 323 2 17535 22975 26088 3.728553056716919
0 323 2 14955 20396 26088 3.761443853378296
1 325 0 20010 20396 26088 3.7231123447418213
0 324 1 18592 20396 26088 3.669126033782959
0 323 2 15254 20396 26088 3.6887595653533936
0 324 1 15730 20396 26088 3.728499412536621
0 324 1 16138 20396 26088 3.7375905513763428
0 324 1 16148 20396 26088 3.71317195892334
0 324 1 16053 20396 26088 3.781358480453491
0 324 1 14678 20396 26088 3.7285497188568115
0 323 2 15480 20396 26088 4.904122591018677
0 324 1 20139 28737 26088 3.7135543823242188
1 325 0 26745 28737 26088 3.715900421142578
1 325 0 27555 28737 26088 3.6630027294158936
1 325 0 27372 28737 26088 3.736804485321045
1 325 0 27633 28737 26088 3.699345827102661
0 324 1 20527 28737 26088 3.6535823345184326
1 325 0 26891 28737 26088 3.7478466033935547
0 324 1 24475 28737 26088 3.7049827575683594
1 325 0 26759 28737 26088 3.800206184387207
1 325 0 27018 28737 26088 4.656570672988892
0 324 1 15474 19184 26088 3.6725993156433105
1 325 0 17947 19184 26088 3.7047786712646484
0 323 2 13429 19184 26088 3.68799090385437
0 323 2 12310 19184 26088 3.719210624694824
0 324 1 9935 19184 26088 3.6761772632598877
0 324 1 13994 19184 26088 3.6705808639526367
0 324 1 14793 19184 26088 4.8481810092926025
0 323 2 12151 19184 26088 3.791130304336548
0 324 1 13327 19184 26088 4.652516841888428
0 324 1 15294 19184 26088 3.691211223602295
0 323 2 12322 20380 26088 3.677457094192505
0 323 2 13018 20380 26088 3.7068915367126465
0 324 1 14648 20380 26088 3.6749589443206787
1 325 0 16766 20380 26088 3.6634273529052734
1 325 0 19568 20380 26088 3.925725221633911
0 324 1 18542 20380 26088 3.735128879547119
0 324 1 19052 20380 26088 3.7153759002685547
0 323 2 16915 20380 26088 3.71406626701355
1 325 0 20152 20380 26088 3.7115139961242676
0 323 2 13197 20380 26088 3.8017261028289795
0 324 1 17302 25348 26088 3.747840404510498
0 323 2 14568 25348 26088 3.715167284011841
0 323 2 14297 25348 26088 3.639261484146118
0 324 1 18202 25348 26088 3.727436065673828
0 323 2 15240 25348 26088 3.7932796478271484
0 324 1 17528 25348 26088 4.862351417541504
0 324 1 16313 25348 26088 3.733086109161377
0 324 1 19236 25348 26088 3.7930808067321777
0 323 2 14561 25348 26088 3.6840763092041016
0 323 2 18331 25348 26088 4.932548522949219
0 324 1 11409 16731 26088 3.734691858291626
0 324 1 13729 16731 26088 4.797551870346069
0 324 1 13171 16731 26088 3.7161481380462646
0 323 2 10910 16731 26088 4.751801252365112
0 323 2 10847 16731 26088 3.715529203414917
0 324 1 14098 16731 26088 4.628284454345703
0 324 1 13387 16731 26088 3.7269179821014404
0 323 2 8646 16731 26088 3.770620346069336
1 325 0 16195 16731 26088 3.708474636077881
0 323 2 11489 16731 26088 3.749433755874634
0 323 2 19423 26931 26088 3.725493907928467
1 325 0 26205 26931 26088 3.656688690185547
0 323 2 16353 26931 26088 3.7039706707000732
0 324 1 23134 26931 26088 3.703629970550537
0 324 1 18939 26931 26088 3.734632968902588
0 324 1 24181 26931 26088 3.621837854385376
0 324 1 21118 26931 26088 3.687922954559326
0 324 1 21009 26931 26088 4.862279891967773
0 324 1 17540 26931 26088 3.638075590133667
1 325 0 25774 26931 26088 4.773015737533569
0 323 2 19788 22741 26088 3.6796622276306152
0 323 2 12000 22741 26088 3.7702155113220215
0 324 1 17701 22741 26088 3.6264259815216064
1 325 0 22203 22741 26088 3.7406058311462402
0 323 2 20930 22741 26088 3.7079741954803467
0 324 1 12933 22741 26088 3.7397735118865967
0 322 3 16359 22741 26088 4.9105730056762695
0 323 2 14206 22741 26088 3.6691484451293945
0 324 1 19113 22741 26088 4.842037916183472
0 324 1 15347 22741 26088 3.726921319961548
0 324 1 17996 26208 26088 4.8242669105529785
0 323 2 18449 26208 26088 3.7320613861083984
0 324 1 14206 26208 26088 4.684030055999756
0 323 2 21902 26208 26088 3.701718807220459
0 324 1 17739 26208 26088 3.817582368850708
0 324 1 24440 26208 26088 3.788461446762085
0 323 2 16926 26208 26088 4.99851393699646
0 324 1 16954 26208 26088 3.864983558654785
0 324 1 14004 26208 26088 4.733460426330566
0 324 1 15734 26208 26088 3.6937129497528076
0 323 2 12535 25279 26088 4.6500091552734375
0 323 2 15960 25279 26088 3.722911834716797
0 323 2 15131 25279 26088 3.72859787940979
0 323 2 12630 25279 26088 3.7201874256134033
0 324 1 22768 25279 26088 4.895538330078125
0 324 1 13396 25279 26088 3.7106621265411377
0 323 2 14560 25279 26088 4.802310943603516
0 324 1 13395 25279 26088 3.7510244846343994
0 323 2 15176 25279 26088 4.8486223220825195
0 323 2 16685 25279 26088 3.7599751949310303
1 325 0 17162 20455 26088 3.6012473106384277
0 324 1 10720 20455 26088 3.6723759174346924
1 325 0 18092 20455 26088 3.6209871768951416
1 325 0 15652 20455 26088 3.5785932540893555
1 325 0 18065 20455 26088 3.765491485595703
1 325 0 20087 20455 26088 4.7775774002075195
1 325 0 19804 20455 26088 3.5878801345825195
1 325 0 19720 20455 26088 4.739719390869141
1 325 0 16645 20455 26088 3.666425943374634
1 325 0 17686 20455 26088 4.675522565841675
1 325 0 19553 20186 26088 3.681037425994873
0 324 1 11374 20186 26088 4.75183892250061
0 324 1 12916 20186 26088 3.7064826488494873
1 325 0 17294 20186 26088 4.692083835601807
0 323 2 12948 20186 26088 3.656414031982422
0 323 2 12059 20186 26088 4.6063220500946045
0 324 1 19267 20186 26088 3.6250321865081787
0 324 1 14533 20186 26088 3.639589548110962
0 324 1 12600 20186 26088 3.6460459232330322
0 323 2 13548 20186 26088 3.6726574897766113
0 324 1 20432 27711 26088 3.6316938400268555
0 324 1 25641 27711 26088 3.6526811122894287
0 324 1 20737 27711 26088 3.694812059402466
0 324 1 19981 27711 26088 3.6131553649902344
0 324 1 15593 27711 26088 3.641245126724243
0 324 1 18527 27711 26088 4.8510072231292725
0 324 1 22021 27711 26088 3.55861234664917
0 324 1 16890 27711 26088 4.898369789123535
0 324 1 25908 27711 26088 3.6144511699676514
0 323 2 20169 27711 26088 3.6335504055023193
0 323 2 25695 27933 26088 3.7061641216278076
0 322 3 17060 27933 26088 3.649385690689087
0 324 1 23228 27933 26088 4.6769630908966064
0 323 2 17174 27933 26088 3.7540223598480225
0 322 3 17851 27933 26088 3.5697216987609863
0 322 3 18854 27933 26088 3.631258964538574
0 324 1 25245 27933 26088 3.6285626888275146
0 323 2 19525 27933 26088 3.70432710647583
0 323 2 13812 27933 26088 3.681819200515747
1 325 0 27933 27933 26088 3.5973496437072754
0 323 2 17737 27370 26088 3.696674346923828
0 322 3 18552 27370 26088 3.6292788982391357
0 323 2 23220 27370 26088 4.715519189834595
0 324 1 17437 27370 26088 3.615410804748535
0 324 1 21804 27370 26088 4.738228797912598
0 324 1 17512 27370 26088 3.6410131454467773
0 322 3 19229 27370 26088 4.806061029434204
0 324 1 18967 27370 26088 3.5636303424835205
0 324 1 18297 27370 26088 4.834592819213867
0 323 2 19301 27370 26088 3.5854170322418213
0 322 3 13083 25801 26088 3.6319754123687744
0 321 4 14881 25801 26088 3.724992275238037
0 322 3 16281 25801 26088 3.6671600341796875
0 321 4 11234 25801 26088 4.64933705329895
0 321 4 12302 25801 26088 3.6235527992248535
0 323 2 16276 25801 26088 3.6063597202301025
0 321 4 16272 25801 26088 3.656675338745117
0 323 2 18130 25801 26088 3.5823025703430176
0 322 3 16278 25801 26088 3.5842950344085693
0 323 2 20421 25801 26088 3.614323377609253
0 323 2 16741 25506 26088 3.6298487186431885
0 323 2 21596 25506 26088 3.6353626251220703
1 325 0 25169 25506 26088 3.6444571018218994
0 324 1 21614 25506 26088 4.7617268562316895
0 323 2 19575 25506 26088 3.6393392086029053
0 323 2 17516 25506 26088 4.879725933074951
0 324 1 18615 25506 26088 3.566864252090454
0 323 2 19186 25506 26088 3.594191312789917
0 323 2 17698 25506 26088 3.5884320735931396
0 324 1 18640 25506 26088 3.616986036300659
0 321 4 15721 24453 26088 4.844455242156982
0 322 3 19304 24453 26088 3.604694366455078
0 322 3 13022 24453 26088 4.8019890785217285
0 324 1 20642 24453 26088 3.6570959091186523
0 322 3 16393 24453 26088 4.799696207046509
0 323 2 11903 24453 26088 3.5897152423858643
0 323 2 18628 24453 26088 3.656984806060791
0 323 2 15939 24453 26088 3.652709722518921
0 322 3 9213 24453 26088 3.670656204223633
0 323 2 19753 24453 26088 4.729841709136963
0 322 3 15332 24296 26088 3.635124921798706
0 323 2 13588 24296 26088 4.840360403060913
0 323 2 15067 24296 26088 3.605191230773926
0 323 2 13278 24296 26088 4.6707446575164795
1 325 0 24296 24296 26088 3.638998508453369
0 324 1 14667 24296 26088 3.6180853843688965
0 323 2 20374 24296 26088 3.6330323219299316
0 324 1 13721 24296 26088 3.6048409938812256
0 324 1 23133 24296 26088 4.684942960739136
0 323 2 9913 24296 26088 3.6525826454162598
0 323 2 22329 25576 26088 4.885318279266357
0 324 1 15834 25576 26088 3.715273141860962
0 323 2 15826 25576 26088 4.810302734375
0 323 2 15156 25576 26088 3.6187098026275635
0 323 2 18857 25576 26088 3.5714550018310547
0 324 1 17846 25576 26088 3.5816097259521484
0 324 1 16509 25576 26088 3.6479744911193848
0 324 1 19528 25576 26088 4.798103094100952
0 324 1 20530 25576 26088 3.6436784267425537
0 324 1 22889 25576 26088 4.888762474060059
0 324 1 21859 24792 26088 3.6345033645629883
1 325 0 24284 24792 26088 4.779003143310547
0 323 2 18318 24792 26088 3.737470865249634
0 324 1 22081 24792 26088 4.7803449630737305
0 324 1 17994 24792 26088 3.5908260345458984
0 323 2 15631 24792 26088 4.802501678466797
0 323 2 12640 24792 26088 3.609560012817383
0 323 2 15631 24792 26088 4.7318947315216064
0 323 2 11582 24792 26088 3.574956178665161
0 324 1 21276 24792 26088 4.7995688915252686
0 324 1 19941 24777 26088 3.631427764892578
0 323 2 19831 24777 26088 4.543633460998535
0 323 2 18517 24777 26088 3.5916225910186768
0 323 2 18154 24777 26088 4.645322322845459
0 324 1 19933 24777 26088 3.610250234603882
0 323 2 19988 24777 26088 4.610164165496826
0 324 1 18637 24777 26088 3.5601909160614014
0 324 1 20503 24777 26088 4.611992597579956
1 325 0 24200 24777 26088 3.639951229095459
1 325 0 24566 24777 26088 4.649884223937988
0 323 2 14148 23558 26088 3.5835964679718018
0 324 1 21038 23558 26088 4.685786008834839
0 322 3 13476 23558 26088 3.6409499645233154
0 323 2 19866 23558 26088 4.700359344482422
0 324 1 18680 23558 26088 3.681185722351074
0 323 2 19191 23558 26088 4.6241068840026855
0 324 1 17503 23558 26088 3.6360459327697754
0 322 3 11795 23558 26088 3.7270147800445557
0 324 1 18176 23558 26088 3.6935386657714844
0 323 2 14320 23558 26088 3.5806448459625244
1 325 0 23551 24209 26088 3.6821019649505615
0 324 1 14980 24209 26088 3.653096914291382
0 324 1 13609 24209 26088 3.6132235527038574
0 322 3 15419 24209 26088 3.7120838165283203
0 324 1 15776 24209 26088 3.6307921409606934
0 324 1 17218 24209 26088 3.5854430198669434
0 323 2 15582 24209 26088 3.73270583152771
0 324 1 14918 24209 26088 3.686453104019165
0 324 1 18006 24209 26088 3.5823662281036377
1 325 0 23990 24209 26088 3.6175451278686523
0 324 1 15828 25239 26088 3.597702741622925
0 324 1 17504 25239 26088 3.623504400253296
0 323 2 16164 25239 26088 3.6094515323638916
0 324 1 17844 25239 26088 3.598198652267456
1 325 0 24902 25239 26088 3.5809388160705566
0 323 2 22887 25239 26088 3.620985746383667
0 323 2 15492 25239 26088 4.867316246032715
0 323 2 17174 25239 26088 3.674614906311035
0 324 1 15153 25239 26088 4.775276184082031
0 324 1 14481 25239 26088 3.616455554962158
0 323 2 15037 20031 26088 3.6335861682891846
0 324 1 14025 20031 26088 3.5681099891662598
0 324 1 14847 20031 26088 3.5682241916656494
0 324 1 14805 20031 26088 4.794674634933472
0 324 1 16651 20031 26088 3.593601942062378
1 325 0 19333 20031 26088 4.782079219818115
1 325 0 18789 20031 26088 3.5638391971588135
1 325 0 19729 20031 26088 4.774778366088867
0 324 1 13671 20031 26088 3.615772247314453
0 324 1 14851 20031 26088 4.734347343444824
0 323 2 11088 23576 26088 3.6334922313690186
1 325 0 21430 23576 26088 4.757262468338013
0 323 2 14285 23576 26088 3.584831476211548
1 325 0 23015 23576 26088 4.76814079284668
1 325 0 21754 23576 26088 3.6286797523498535
0 323 2 14836 23576 26088 4.827101469039917
0 323 2 14207 23576 26088 3.6292617321014404
1 325 0 22071 23576 26088 4.79927396774292
0 324 1 16064 23576 26088 3.5910887718200684
0 323 2 12123 23576 26088 4.737538814544678
0 324 1 19849 22467 26088 3.667036533355713
0 323 2 15521 22467 26088 4.8569300174713135
1 325 0 22467 22467 26088 3.650448799133301
0 324 1 13339 22467 26088 4.7767298221588135
0 324 1 12867 22467 26088 3.715806007385254
0 324 1 13273 22467 26088 4.820850849151611
0 324 1 18330 22467 26088 3.6451194286346436
0 323 2 13611 22467 26088 4.794147491455078
0 324 1 15811 22467 26088 3.603564500808716
0 324 1 18517 22467 26088 3.6497573852539062
0 324 1 17846 27932 26088 3.58903431892395
0 322 3 16507 27932 26088 3.6504383087158203
0 323 2 12464 27932 26088 4.622100830078125
0 322 3 16498 27932 26088 3.6353321075439453
0 323 2 16720 27932 26088 4.626219034194946
0 323 2 19080 27932 26088 3.6414549350738525
0 324 1 19076 27932 26088 3.5765624046325684
0 323 2 12136 27932 26088 3.670595645904541
0 322 3 16170 27932 26088 3.6110103130340576
0 322 3 17176 27932 26088 3.6400372982025146
1 325 0 24141 24488 26088 3.6288115978240967
1 325 0 23337 24488 26088 3.6098501682281494
1 325 0 21338 24488 26088 3.6446492671966553
1 325 0 22974 24488 26088 3.7235095500946045
0 324 1 22353 24488 26088 3.6511952877044678
1 325 0 23779 24488 26088 3.9211487770080566
0 324 1 18805 24488 26088 3.629920721054077
0 324 1 18058 24488 26088 3.611212730407715
1 325 0 23859 24488 26088 3.6258299350738525
1 325 0 23749 24488 26088 3.582953929901123
0 322 3 21554 26586 26088 3.6045305728912354
0 323 2 17288 26586 26088 3.5950376987457275
0 322 3 18188 26586 26088 4.670363664627075
0 322 3 18631 26586 26088 3.6359691619873047
0 324 1 24342 26586 26088 4.764704704284668
0 324 1 20312 26586 26088 3.6019296646118164
0 324 1 17184 26586 26088 4.77175235748291
0 323 2 21992 26586 26088 3.6259756088256836
0 322 3 17516 26586 26088 4.872169733047485
0 324 1 18854 26586 26088 3.643829822540283
0 324 1 14829 22234 26088 4.823793888092041
0 323 2 13570 22234 26088 3.680479049682617
0 324 1 14749 22234 26088 4.844928503036499
0 324 1 13655 22234 26088 3.561554193496704
0 324 1 15042 22234 26088 4.931613922119141
0 323 2 12843 22234 26088 3.6128203868865967
0 323 2 13253 22234 26088 4.797466039657593
0 322 3 15182 22234 26088 3.646466016769409
0 324 1 13715 22234 26088 4.880423545837402
0 324 1 13766 22234 26088 3.667316436767578
1 325 0 24774 25119 26088 3.694344997406006
0 324 1 20598 25119 26088 3.639317512512207
0 322 3 16978 25119 26088 3.650773286819458
0 323 2 22729 25119 26088 4.63237190246582
0 324 1 21401 25119 26088 3.629946708679199
0 323 2 19682 25119 26088 4.776074409484863
0 323 2 14146 25119 26088 3.57649302482605
0 324 1 22022 25119 26088 4.6674275398254395
1 325 0 24383 25119 26088 3.612546920776367
0 324 1 21129 25119 26088 4.679808139801025
0 323 2 16295 21131 26088 3.6703031063079834
0 324 1 19707 21131 26088 4.729078531265259
0 323 2 10042 21131 26088 3.6388137340545654
0 324 1 11891 21131 26088 4.672000408172607
0 323 2 13154 21131 26088 3.634619951248169
0 323 2 17491 21131 26088 4.6760094165802
0 323 2 14657 21131 26088 3.66701340675354
0 324 1 15170 21131 26088 4.820135116577148
0 322 3 8955 21131 26088 3.586785078048706
0 323 2 14360 21131 26088 4.773213148117065
0 324 1 16502 25800 26088 3.6531853675842285
0 324 1 11571 25800 26088 4.571377992630005
0 324 1 16280 25800 26088 3.615779399871826
0 324 1 10223 25800 26088 3.654521942138672
0 324 1 11907 25800 26088 3.684722423553467
0 324 1 15710 25800 26088 3.660050392150879
0 324 1 16950 25800 26088 3.5850844383239746
0 323 2 19972 25800 26088 3.6320433616638184
0 323 2 14143 25800 26088 3.5751752853393555
0 324 1 14036 25800 26088 3.644894599914551
0 322 3 13435 22534 26088 3.6743054389953613
0 323 2 17446 22534 26088 4.839728116989136
0 323 2 17909 22534 26088 3.6188817024230957
0 324 1 15841 22534 26088 4.885464906692505
0 323 2 12097 22534 26088 3.663041591644287
0 324 1 17793 22534 26088 4.906097888946533
0 323 2 19465 22534 26088 3.6183650493621826
0 323 2 13013 22534 26088 4.879438400268555
0 324 1 16751 22534 26088 3.662468671798706
0 324 1 19281 22534 26088 4.850486993789673
0 324 1 20757 22436 26088 3.763854742050171
0 323 2 18076 22436 26088 4.822669506072998
0 322 3 16399 22436 26088 3.6439054012298584
0 323 2 12469 22436 26088 4.7623865604400635
0 324 1 18861 22436 26088 3.650946617126465
0 323 2 18744 22436 26088 4.724970579147339
0 324 1 17736 22436 26088 3.645453453063965
0 324 1 20315 22436 26088 4.64525294303894
0 322 3 11128 22436 26088 3.7187063694000244
0 323 2 15039 22436 26088 4.680083513259888
1 325 0 26892 28282 26088 3.6236279010772705
0 323 2 21806 28282 26088 3.6020681858062744
0 323 2 19884 28282 26088 3.614251136779785
0 324 1 19026 28282 26088 3.6297428607940674
0 323 2 17067 28282 26088 3.625410795211792
0 324 1 20404 28282 26088 3.5949978828430176
0 323 2 16481 28282 26088 3.6214935779571533
0 324 1 22624 28282 26088 3.6380865573883057
0 324 1 16468 28282 26088 3.622068166732788
0 323 2 23737 28282 26088 4.7165515422821045
0 324 1 21863 29228 26088 3.677279472351074
0 323 2 12977 29228 26088 4.566452264785767
0 324 1 23948 29228 26088 3.590023994445801
0 324 1 22486 29228 26088 4.6385650634765625
0 324 1 18613 29228 26088 3.6069953441619873
0 323 2 19917 29228 26088 4.660906791687012
0 324 1 21379 29228 26088 3.6274380683898926
1 325 0 24501 29228 26088 3.6479549407958984
0 323 2 21778 29228 26088 3.613924741744995
0 324 1 20024 29228 26088 3.589373826980591
0 323 2 13622 26883 26088 3.678478240966797
0 324 1 17967 26883 26088 3.6548354625701904
0 323 2 12280 26883 26088 3.582273006439209
0 323 2 16051 26883 26088 3.664433002471924
0 322 3 18339 26883 26088 3.7086684703826904
0 323 2 18448 26883 26088 4.820179462432861
0 324 1 23147 26883 26088 3.598015069961548
0 324 1 25576 26883 26088 4.810231924057007
0 324 1 17128 26883 26088 3.6014461517333984
0 323 2 12838 26883 26088 4.79574728012085
0 324 1 14405 24256 26088 3.611943244934082
0 323 2 17917 24256 26088 4.880749464035034
0 323 2 19409 24256 26088 3.596811532974243
0 322 3 13462 24256 26088 4.848270416259766
0 323 2 13077 24256 26088 3.6311278343200684
1 325 0 23460 24256 26088 3.6400601863861084
0 324 1 21419 24256 26088 3.665682315826416
0 322 3 13771 24256 26088 3.580803394317627
0 323 2 14161 24256 26088 4.777180910110474
0 324 1 20601 24256 26088 3.640235662460327
0 323 2 15325 23820 26088 3.6587605476379395
0 322 3 12061 23820 26088 3.681307554244995
0 323 2 14264 23820 26088 3.6281049251556396
0 323 2 14002 23820 26088 4.63038444519043
0 322 3 14812 23820 26088 3.6516904830932617
0 323 2 13607 23820 26088 4.688023090362549
0 323 2 13990 23820 26088 3.645798683166504
0 323 2 17075 23820 26088 4.616727113723755
0 323 2 18690 23820 26088 3.680147647857666
0 322 3 13455 23820 26088 3.6624903678894043
0 323 2 22955 25574 26088 3.631401300430298
1 325 0 25440 25574 26088 3.579242467880249
0 323 2 19796 25574 26088 4.567624807357788
0 324 1 17845 25574 26088 3.5928690433502197
0 322 3 20734 25574 26088 3.6308369636535645
0 322 3 19261 25574 26088 3.625349521636963
0 324 1 16237 25574 26088 3.643460750579834
0 323 2 16096 25574 26088 3.5739667415618896
1 325 0 25170 25574 26088 3.6850366592407227
0 322 3 17036 25574 26088 3.5775232315063477
0 324 1 22033 24654 26088 3.6824212074279785
0 323 2 20530 24654 26088 3.59321665763855
0 323 2 21727 24654 26088 4.800843000411987
1 325 0 23868 24654 26088 3.6187069416046143
0 323 2 17596 24654 26088 4.803314685821533
0 323 2 18059 24654 26088 3.6639695167541504
0 324 1 22471 24654 26088 4.797358751296997
0 324 1 19193 24654 26088 3.639432907104492
0 324 1 22322 24654 26088 4.8021910190582275
0 322 3 19479 24654 26088 3.640150308609009
0 324 1 15484 19979 26088 4.822963714599609
1 325 0 16049 19979 26088 3.584684371948242
0 323 2 14141 19979 26088 4.697246074676514
1 325 0 19789 19979 26088 3.6278274059295654
0 324 1 15381 19979 26088 4.758834362030029
0 323 2 15741 19979 26088 3.60007643699646
0 323 2 16097 19979 26088 4.635512113571167
0 324 1 14998 19979 26088 3.6439101696014404
0 324 1 14048 19979 26088 4.614983558654785
0 324 1 16194 19979 26088 3.650325298309326
0 324 1 13092 21340 26088 4.6818625926971436
1 325 0 21019 21340 26088 3.6451544761657715
0 323 2 16481 21340 26088 4.729815244674683
0 322 3 15249 21340 26088 3.6881847381591797
0 324 1 17095 21340 26088 4.6979053020477295
1 325 0 19299 21340 26088 3.627244472503662
1 325 0 20787 21340 26088 4.696953773498535
0 323 2 12706 21340 26088 3.631635904312134
1 325 0 19446 21340 26088 4.804721355438232
0 324 1 18815 21340 26088 3.608297348022461
0 324 1 19612 25075 26088 4.670372009277344
0 324 1 20573 25075 26088 3.5996532440185547
1 325 0 24368 25075 26088 4.829680442810059
1 325 0 24616 25075 26088 3.5603506565093994
1 325 0 24369 25075 26088 4.709383010864258
0 324 1 19607 25075 26088 3.628364086151123
1 325 0 24894 25075 26088 4.811848402023315
1 325 0 19669 25075 26088 3.6149661540985107
0 324 1 18007 25075 26088 3.58628511428833
1 325 0 23374 25075 26088 3.5263686180114746
0 323 2 14930 22213 26088 3.689305067062378
0 323 2 17057 22213 26088 3.5649194717407227
0 323 2 16054 22213 26088 3.6253433227539062
0 323 2 15151 22213 26088 3.5968618392944336
0 322 3 15825 22213 26088 4.820561647415161
0 323 2 13692 22213 26088 3.6557841300964355
0 323 2 17393 22213 26088 4.820204973220825
0 324 1 17952 22213 26088 3.6181418895721436
0 323 2 18179 22213 26088 4.875293731689453
0 324 1 18063 22213 26088 3.6263644695281982
0 324 1 21498 26054 26088 3.6419548988342285
0 323 2 21400 26054 26088 3.700549364089966
1 325 0 24374 26054 26088 3.5925934314727783
1 325 0 24778 26054 26088 4.723559141159058
1 325 0 25547 26054 26088 3.630131244659424
1 325 0 23878 26054 26088 4.82714056968689
1 325 0 24814 26054 26088 3.5768027305603027
0 324 1 18297 26054 26088 4.8100905418396
0 324 1 19585 26054 26088 3.6023776531219482
0 324 1 16768 26054 26088 3.551210880279541
0 323 2 15503 18635 26088 3.6103999614715576
0 324 1 16787 18635 26088 3.7687695026397705
0 324 1 11495 18635 26088 4.673833847045898
0 324 1 16114 18635 26088 3.624235153198242
0 323 2 15266 18635 26088 4.738662242889404
0 324 1 16238 18635 26088 3.6631436347961426
0 324 1 9869 18635 26088 4.709366083145142
0 324 1 13376 18635 26088 3.586670160293579
0 323 2 13716 18635 26088 4.746397495269775
0 324 1 11226 18635 26088 3.633775472640991
0 324 1 15754 20922 26088 4.874836444854736
0 322 3 14932 20922 26088 3.6081655025482178
0 323 2 16217 20922 26088 4.788536310195923
0 323 2 16646 20922 26088 3.578540802001953
0 323 2 16093 20922 26088 4.796367168426514
0 324 1 15145 20922 26088 3.640512704849243
0 324 1 17345 20922 26088 4.783198833465576
0 324 1 14749 20922 26088 3.673133134841919
0 324 1 16460 20922 26088 4.711199045181274
0 323 2 14714 20922 26088 3.68636155128479
1 325 0 26055 27023 26088 4.814574718475342
1 325 0 26411 27023 26088 3.6072304248809814
0 324 1 22884 27023 26088 4.848440647125244
0 323 2 20217 27023 26088 3.6344292163848877
0 324 1 24529 27023 26088 4.851555824279785
1 325 0 24154 27023 26088 3.6867339611053467
1 325 0 25674 27023 26088 4.788323163986206
0 324 1 20084 27023 26088 3.6183226108551025
1 325 0 25931 27023 26088 4.738804817199707
0 324 1 22806 27023 26088 3.6039412021636963
0 324 1 21717 23695 26088 4.7101709842681885
0 324 1 14781 23695 26088 3.6247189044952393
0 324 1 17758 23695 26088 4.7246880531311035
0 324 1 16891 23695 26088 3.5547590255737305
1 325 0 23540 23695 26088 4.730314016342163
0 324 1 16305 23695 26088 3.599388837814331
0 323 2 15527 23695 26088 4.834708213806152
0 324 1 18681 23695 26088 3.6711997985839844
0 323 2 15681 23695 26088 3.633488178253174
0 324 1 16511 23695 26088 3.5776960849761963
0 324 1 10945 18100 26088 3.636143922805786
0 323 2 11106 18100 26088 4.59408974647522
0 324 1 11359 18100 26088 3.562631130218506
1 325 0 13959 18100 26088 4.604806423187256
0 324 1 12001 18100 26088 3.6145637035369873
0 323 2 13001 18100 26088 4.6211018562316895
1 325 0 16784 18100 26088 3.5686256885528564
0 324 1 15007 18100 26088 3.6420979499816895
0 324 1 13810 18100 26088 3.6438353061676025
0 324 1 12984 18100 26088 3.612119674682617
1 325 0 16279 18370 26088 3.595639705657959
1 325 0 17374 18370 26088 3.5675225257873535
0 324 1 14783 18370 26088 3.6084513664245605
0 324 1 11887 18370 26088 3.646514654159546
0 323 2 11130 18370 26088 3.5951180458068848
0 324 1 14779 18370 26088 3.6497862339019775
1 325 0 16762 18370 26088 3.626332998275757
1 325 0 17370 18370 26088 3.6524431705474854
1 325 0 16854 18370 26088 4.899994373321533
1 325 0 14951 18370 26088 3.5780439376831055
1 325 0 17275 18796 26088 3.6681578159332275
1 325 0 18050 18796 26088 3.5602293014526367
0 323 2 11139 18796 26088 3.6457509994506836
0 324 1 15737 18796 26088 4.708894968032837
0 324 1 8944 18796 26088 3.6046385765075684
0 322 3 13356 18796 26088 4.768566846847534
1 325 0 18551 18796 26088 3.6533379554748535
1 325 0 18092 18796 26088 4.602136611938477
1 325 0 18076 18796 26088 3.624039649963379
0 324 1 13516 18796 26088 4.676797151565552
0 323 2 17931 25980 26088 3.653337240219116
0 324 1 21224 25980 26088 4.695173740386963
0 323 2 20046 25980 26088 3.612175941467285
1 325 0 25738 25980 26088 4.5902910232543945
0 324 1 22332 25980 26088 3.6870527267456055
0 323 2 20156 25980 26088 3.7117879390716553
1 325 0 24810 25980 26088 3.615689992904663
0 324 1 22333 25980 26088 3.5837173461914062
0 324 1 17643 25980 26088 3.629363536834717
0 323 2 20135 25980 26088 3.589235782623291
0 324 1 16269 21436 26088 4.7945237159729
0 324 1 19359 21436 26088 3.5759975910186768
0 324 1 15867 21436 26088 4.778818130493164
0 324 1 13855 21436 26088 3.637230634689331
1 325 0 20819 21436 26088 4.831571578979492
1 325 0 20109 21436 26088 3.6497950553894043
0 324 1 14445 21436 26088 4.859579086303711
0 323 2 9247 21436 26088 3.625605344772339
0 324 1 16946 21436 26088 4.770737409591675
1 325 0 20713 21436 26088 3.6540017127990723
1 325 0 22253 26749 26088 4.891873598098755
1 325 0 25446 26749 26088 3.616553544998169
1 325 0 25289 26749 26088 4.809333562850952
0 324 1 23557 26749 26088 3.59551739692688
1 325 0 26591 26749 26088 4.709397792816162
1 325 0 24497 26749 26088 3.695305824279785
1 325 0 24530 26749 26088 4.61607551574707
0 324 1 23099 26749 26088 3.6266136169433594
1 325 0 25643 26749 26088 4.582578420639038
0 324 1 21682 26749 26088 3.6047348976135254
0 324 1 17498 25743 26088 3.554741382598877
1 325 0 25743 25743 26088 3.7460684776306152
0 323 2 17185 25743 26088 3.6149845123291016
0 324 1 23748 25743 26088 3.613690137863159
0 324 1 17906 25743 26088 3.610600709915161
0 324 1 17967 25743 26088 3.6091678142547607
0 323 2 18040 25743 26088 3.6599795818328857
0 324 1 23758 25743 26088 3.6070075035095215
0 323 2 19298 25743 26088 4.677866220474243
1 325 0 24491 25743 26088 3.7362172603607178
0 324 1 13324 21714 26088 4.746495246887207
0 323 2 15778 21714 26088 3.630347490310669
0 324 1 14854 21714 26088 4.617403507232666
0 322 3 16010 21714 26088 3.631452798843384
1 325 0 21456 21714 26088 3.600893259048462
0 324 1 14110 21714 26088 3.6520419120788574
0 324 1 18465 21714 26088 3.621424674987793
0 323 2 16401 21714 26088 3.6508755683898926
0 323 2 15918 21714 26088 3.642230749130249
0 323 2 18163 21714 26088 3.559715747833252
0 322 3 13188 23053 26088 3.6470375061035156
0 323 2 16386 23053 26088 3.619607925415039
0 324 1 20765 23053 26088 4.787444829940796
0 323 2 13618 23053 26088 3.5956125259399414
0 323 2 13301 23053 26088 4.74631404876709
0 324 1 20391 23053 26088 3.6584465503692627
0 322 3 11677 23053 26088 4.876695871353149
0 323 2 12998 23053 26088 3.645559549331665
0 323 2 15414 23053 26088 3.640150785446167
0 324 1 21959 23053 26088 3.6508090496063232
0 324 1 17972 23544 26088 3.5622103214263916
1 325 0 22818 23544 26088 4.649492979049683
0 324 1 13796 23544 26088 3.629063129425049
0 324 1 18546 23544 26088 4.614645957946777
1 325 0 22012 23544 26088 3.6464245319366455
0 324 1 13962 23544 26088 4.60464072227478
0 324 1 20915 23544 26088 3.6983659267425537
1 325 0 21960 23544 26088 4.615094900131226
0 324 1 20107 23544 26088 3.588926076889038
1 325 0 22668 23544 26088 3.5898215770721436
1 325 0 20601 21536 26088 3.6562247276306152
0 323 2 9104 21536 26088 3.6306397914886475
1 325 0 20938 21536 26088 3.677313804626465
0 324 1 19034 21536 26088 3.6594655513763428
0 323 2 10080 21536 26088 3.602935791015625
0 323 2 9407 21536 26088 3.6211817264556885
0 323 2 11265 21536 26088 3.6244988441467285
0 322 3 9853 21536 26088 4.7118895053863525
0 324 1 10003 21536 26088 3.665086030960083
0 324 1 10455 21536 26088 4.719431400299072
1 325 0 20978 22393 26088 3.591233015060425
0 322 3 12536 22393 26088 4.69091534614563
0 324 1 17342 22393 26088 3.593806505203247
0 324 1 18912 22393 26088 4.552303075790405
0 323 2 14713 22393 26088 3.585059404373169
0 323 2 19219 22393 26088 3.641310453414917
0 324 1 19297 22393 26088 3.66858172416687
0 323 2 15882 22393 26088 3.675150156021118
0 324 1 18843 22393 26088 3.596219539642334
0 323 2 17445 22393 26088 3.6320483684539795
0 324 1 16940 23566 26088 4.912574291229248
0 324 1 18704 23566 26088 3.6177709102630615
0 324 1 17767 23566 26088 3.6128337383270264
0 323 2 15808 23566 26088 3.6338415145874023
0 323 2 18353 23566 26088 3.6724109649658203
0 323 2 14164 23566 26088 4.779494762420654
0 322 3 12282 23566 26088 3.6627047061920166
0 324 1 12971 23566 26088 4.787611961364746
0 324 1 13693 23566 26088 3.657306671142578
0 322 3 16971 23566 26088 3.60962176322937
0 324 1 20319 26957 26088 3.664257526397705
0 323 2 18962 26957 26088 3.626819133758545
0 323 2 10346 26957 26088 4.544109344482422
0 323 2 16656 26957 26088 3.5631139278411865
0 322 3 16154 26957 26088 4.592529296875
0 323 2 17495 26957 26088 3.563082218170166
1 325 0 26883 26957 26088 4.589131116867065
0 324 1 19983 26957 26088 3.6098029613494873
1 325 0 26957 26957 26088 4.614499807357788
0 323 2 14019 26957 26088 3.5421268939971924
1 325 0 20261 21480 26088 4.5277886390686035
0 324 1 14239 21480 26088 3.6238789558410645
1 325 0 19616 21480 26088 4.605363607406616
1 325 0 17868 21480 26088 3.547177314758301
0 324 1 13832 21480 26088 4.6301679611206055
0 324 1 16233 21480 26088 3.6334445476531982
0 324 1 13516 21480 26088 4.751467227935791
0 324 1 16827 21480 26088 3.555408000946045
0 324 1 14473 21480 26088 4.820544004440308
0 324 1 15803 21480 26088 3.5627808570861816
0 324 1 15701 27949 26088 4.8521411418914795
0 324 1 18429 27949 26088 3.6179022789001465
0 324 1 24145 27949 26088 4.89800500869751
0 324 1 18430 27949 26088 3.581042766571045
0 324 1 19777 27949 26088 3.6404049396514893
0 324 1 24131 27949 26088 3.6964616775512695
0 324 1 21558 27949 26088 3.6798055171966553
0 324 1 17446 27949 26088 4.727734565734863
0 324 1 21829 27949 26088 3.6433229446411133
0 324 1 17354 27949 26088 4.808783769607544
1 325 0 25738 26644 26088 3.5926451683044434
1 325 0 25383 26644 26088 4.908891439437866
1 325 0 24953 26644 26088 3.6390061378479004
1 325 0 23576 26644 26088 4.852140426635742
0 324 1 21233 26644 26088 3.564188241958618
1 325 0 23947 26644 26088 4.817720890045166
1 325 0 22951 26644 26088 3.631606340408325
1 325 0 24925 26644 26088 3.644742488861084
1 325 0 25068 26644 26088 3.574136257171631
1 325 0 24575 26644 26088 3.5860390663146973
0 323 2 18468 22468 26088 3.6524271965026855
0 324 1 19631 22468 26088 3.731671094894409
0 324 1 19789 22468 26088 3.5921878814697266
0 324 1 16743 22468 26088 4.742302417755127
0 324 1 18296 22468 26088 3.669093132019043
0 324 1 18523 22468 26088 4.773329973220825
0 324 1 17175 22468 26088 3.5732409954071045
0 324 1 20805 22468 26088 4.77579665184021
0 324 1 19406 22468 26088 3.659703016281128
1 325 0 19090 22468 26088 4.810758352279663
0 324 1 12980 19881 26088 3.608985424041748
0 324 1 13524 19881 26088 4.715606689453125
0 324 1 14904 19881 26088 3.6653692722320557
1 325 0 18308 19881 26088 4.808259725570679
1 325 0 18782 19881 26088 3.6047937870025635
0 324 1 16751 19881 26088 4.845449209213257
0 324 1 9027 19881 26088 3.597442626953125
1 325 0 18737 19881 26088 4.765993118286133
0 324 1 13603 19881 26088 3.662968873977661
0 324 1 14004 19881 26088 4.868534088134766
0 324 1 16323 23468 26088 3.582592725753784
0 323 2 13462 23468 26088 4.825091361999512
0 324 1 18318 23468 26088 3.547520637512207
0 324 1 20670 23468 26088 3.552229166030884
0 324 1 17792 23468 26088 3.591233015060425
0 324 1 17594 23468 26088 3.639072895050049
0 324 1 16003 23468 26088 4.7602314949035645
0 324 1 18942 23468 26088 3.6218245029449463
0 324 1 16995 23468 26088 4.690036058425903
0 324 1 13122 23468 26088 3.640486001968384
0 323 2 10450 18847 26088 4.691577672958374
0 324 1 13023 18847 26088 3.541217803955078
0 324 1 13473 18847 26088 4.863621473312378
0 324 1 15600 18847 26088 3.598313331604004
0 323 2 16835 18847 26088 4.89677095413208
0 324 1 14592 18847 26088 3.654236078262329
0 324 1 15823 18847 26088 3.642357110977173
0 324 1 10670 18847 26088 3.581075668334961
0 324 1 10778 18847 26088 3.5858044624328613
0 324 1 13474 18847 26088 4.685498476028442
0 323 2 13473 25239 26088 3.613405466079712
0 324 1 17177 25239 26088 4.787305116653442
0 324 1 16501 25239 26088 3.6201024055480957
0 323 2 21542 25239 26088 4.800822734832764
0 322 3 17179 25239 26088 3.6568305492401123
0 323 2 18858 25239 26088 4.672863483428955
0 323 2 16841 25239 26088 3.591663360595703
0 323 2 16167 25239 26088 4.805264949798584
0 324 1 17512 25239 26088 3.693366050720215
0 324 1 13809 25239 26088 4.672438144683838
0 324 1 22966 26636 26088 3.666077136993408
0 324 1 13252 26636 26088 4.6030144691467285
0 324 1 17579 26636 26088 3.611686944961548
1 325 0 21220 26636 26088 3.657223701477051
1 325 0 25615 26636 26088 3.612766981124878
0 323 2 15632 26636 26088 3.586538553237915
1 325 0 16289 26636 26088 3.6885952949523926
0 324 1 15926 26636 26088 3.621028184890747
0 323 2 17031 26636 26088 3.5957729816436768
0 322 3 16167 26636 26088 3.5978198051452637
0 324 1 16032 21982 26088 3.6575913429260254
0 324 1 17595 21982 26088 4.785644769668579
1 325 0 21062 21982 26088 3.664832592010498
0 324 1 16938 21982 26088 4.7475550174713135
0 324 1 13841 21982 26088 3.5852854251861572
0 324 1 17290 21982 26088 4.745597839355469
0 324 1 17364 21982 26088 3.5414540767669678
1 325 0 20514 21982 26088 4.634896278381348
1 325 0 21367 21982 26088 3.593575954437256
0 324 1 18131 21982 26088 4.767327308654785
1 325 0 19994 21274 26088 3.6107497215270996
1 325 0 19709 21274 26088 4.688979864120483
1 325 0 20703 21274 26088 3.5692684650421143
0 323 2 15704 21274 26088 4.737758159637451
0 324 1 18474 21274 26088 3.5876073837280273
0 324 1 15311 21274 26088 4.910281419754028
0 324 1 17943 21274 26088 3.5547571182250977
0 324 1 18888 21274 26088 4.787904977798462
1 325 0 19409 21274 26088 3.6435599327087402
1 325 0 20142 21274 26088 5.076730966567993
0 323 2 17064 25036 26088 3.72975492477417
0 323 2 13920 25036 26088 3.6816353797912598
0 324 1 16386 25036 26088 3.6578927040100098
0 322 3 21869 25036 26088 3.6981043815612793
0 322 3 15156 25036 26088 3.630640745162964
0 322 3 9736 25036 26088 3.6699013710021973
1 325 0 24587 25036 26088 4.117151737213135
0 323 2 21029 25036 26088 3.66837477684021
0 321 4 12804 25036 26088 3.675848960876465
0 323 2 17830 25036 26088 3.6484124660491943
0 324 1 20554 29209 26088 3.6663246154785156
0 324 1 23581 29209 26088 3.6677398681640625
1 325 0 28515 29209 26088 3.6382689476013184
0 324 1 19793 29209 26088 3.633753538131714
0 324 1 18138 29209 26088 3.697493076324463
0 324 1 20650 29209 26088 4.091840744018555
0 324 1 22885 29209 26088 4.840896129608154
0 324 1 19861 29209 26088 3.606421947479248
0 324 1 18457 29209 26088 4.836295127868652
0 324 1 21137 29209 26088 3.6363251209259033
0 324 1 23162 29616 26088 3.653393030166626
0 322 3 17002 29616 26088 3.641960620880127
0 324 1 18453 29616 26088 3.5953924655914307
0 324 1 13740 29616 26088 4.762051820755005
1 325 0 28706 29616 26088 3.6009416580200195
0 324 1 21816 29616 26088 4.757563591003418
0 323 2 13979 29616 26088 3.6170549392700195
0 323 2 18184 29616 26088 4.649848222732544
0 322 3 13142 29616 26088 3.647151470184326
0 324 1 14481 29616 26088 4.695374965667725
1 325 0 21161 23116 26088 3.5661494731903076
1 325 0 22249 23116 26088 4.554051399230957
0 324 1 19658 23116 26088 3.6292643547058105
1 325 0 20853 23116 26088 4.4970543384552
0 324 1 19120 23116 26088 3.5905463695526123
0 323 2 16319 23116 26088 3.6336636543273926
1 325 0 22424 23116 26088 3.561213970184326
1 325 0 20538 23116 26088 3.609302043914795
0 324 1 18337 23116 26088 3.608452796936035
0 323 2 18007 23116 26088 3.6513779163360596
0 324 1 15281 21962 26088 3.6251766681671143
0 324 1 16878 21962 26088 3.647801399230957
1 325 0 21019 21962 26088 3.611002206802368
0 323 2 16141 21962 26088 4.792682886123657
0 322 3 18007 21962 26088 3.6228978633880615
1 325 0 21962 21962 26088 4.878870248794556
0 324 1 17400 21962 26088 3.614656925201416
0 323 2 16945 21962 26088 4.8824732303619385
1 325 0 21019 21962 26088 3.590163469314575
0 323 2 12224 21962 26088 4.896581649780273
0 324 1 18188 22554 26088 3.612210988998413
0 324 1 19489 22554 26088 4.897907733917236
0 324 1 17399 22554 26088 3.634927272796631
1 325 0 19315 22554 26088 3.544766902923584
0 324 1 17943 22554 26088 3.598975658416748
1 325 0 21170 22554 26088 3.6470279693603516
1 325 0 15274 22554 26088 4.640815019607544
1 325 0 21078 22554 26088 3.73935866355896
1 325 0 21172 22554 26088 3.6216371059417725
0 324 1 19346 22554 26088 3.574399471282959
