0 323 2 16667 26573 34784 6.013506889343262
0 324 1 19102 26573 34784 4.891598701477051
0 324 1 21045 26573 34784 4.737504243850708
0 324 1 16438 26573 34784 4.699596643447876
0 323 2 16686 26573 34784 5.990023374557495
0 323 2 19999 26573 34784 4.8485448360443115
0 322 3 19165 26573 34784 5.01148533821106
0 323 2 18714 26573 34784 4.869364976882935
0 323 2 16658 26573 34784 6.18778657913208
0 324 1 19540 26573 34784 4.817244291305542
1 325 0 17554 18638 34784 4.879648447036743
1 325 0 16041 18638 34784 5.02841591835022
1 325 0 17853 18638 34784 6.0698325634002686
1 325 0 17993 18638 34784 4.751814126968384
1 325 0 18111 18638 34784 6.118654251098633
1 325 0 16816 18638 34784 4.956218719482422
1 325 0 17519 18638 34784 4.9168102741241455
1 325 0 18089 18638 34784 4.813001394271851
0 324 1 14714 18638 34784 4.855010747909546
0 324 1 14948 18638 34784 4.842302322387695
0 324 1 22222 24430 34784 4.887806415557861
0 323 2 17437 24430 34784 4.866783142089844
0 323 2 20647 24430 34784 4.89448881149292
0 324 1 20894 24430 34784 5.983548641204834
0 323 2 19902 24430 34784 4.8508782386779785
0 324 1 21072 24430 34784 5.887953281402588
0 323 2 21106 24430 34784 4.804266691207886
0 324 1 14532 24430 34784 5.882848262786865
0 324 1 20182 24430 34784 5.157087564468384
0 324 1 20473 24430 34784 4.972545623779297
0 322 3 12689 26137 34784 4.827308416366577
0 323 2 15380 26137 34784 5.942656517028809
0 324 1 17056 26137 34784 4.742375612258911
0 324 1 14039 26137 34784 5.869973659515381
0 324 1 14708 26137 34784 4.755619287490845
0 323 2 14037 26137 34784 4.801223039627075
0 324 1 19409 26137 34784 4.788863897323608
0 324 1 17057 26137 34784 4.929468393325806
0 322 3 13692 26137 34784 4.797386169433594
1 325 0 25800 26137 34784 5.062537670135498
1 325 0 23454 24689 34784 4.83077597618103
0 324 1 22031 24689 34784 5.19144082069397
1 325 0 22679 24689 34784 6.055595636367798
0 324 1 22603 24689 34784 4.765017986297607
0 324 1 17651 24689 34784 5.946620225906372
1 325 0 22363 24689 34784 4.7532548904418945
0 324 1 21681 24689 34784 5.933370113372803
0 324 1 21134 24689 34784 4.783208131790161
0 324 1 22451 24689 34784 5.928938627243042
1 325 0 23913 24689 34784 4.701899290084839
0 324 1 19601 24016 34784 5.921610116958618
0 324 1 19429 24016 34784 4.798864841461182
0 324 1 16029 24016 34784 5.743361711502075
0 323 2 16764 24016 34784 4.778674602508545
0 324 1 18146 24016 34784 4.885782241821289
0 322 3 12504 24016 34784 4.758690118789673
0 324 1 21938 24016 34784 4.846438884735107
0 323 2 16924 24016 34784 4.984569072723389
1 325 0 21669 24016 34784 4.795811891555786
0 324 1 19523 24016 34784 5.995053768157959
0 323 2 19077 26123 34784 4.821241617202759
0 324 1 22684 26123 34784 5.864644765853882
0 324 1 19818 26123 34784 4.805307865142822
0 324 1 19970 26123 34784 4.900972366333008
0 324 1 24789 26123 34784 4.826959133148193
0 324 1 21058 26123 34784 4.909742593765259
0 323 2 16747 26123 34784 4.890932321548462
0 324 1 19297 26123 34784 4.863224983215332
0 324 1 22318 26123 34784 5.8885579109191895
0 324 1 22435 26123 34784 4.801905870437622
0 322 3 16253 25071 34784 5.878743410110474
1 325 0 25071 25071 34784 4.86192774772644
0 322 3 13706 25071 34784 4.899399995803833
1 325 0 24650 25071 34784 4.864315032958984
0 324 1 22029 25071 34784 4.819004535675049
0 322 3 16905 25071 34784 4.832870006561279
0 323 2 18865 25071 34784 4.870328187942505
0 323 2 15702 25071 34784 5.817357778549194
0 324 1 22282 25071 34784 4.873904228210449
0 322 3 14044 25071 34784 4.83342432975769
0 324 1 16254 21278 34784 4.853636026382446
1 325 0 20688 21278 34784 6.145206451416016
0 323 2 17977 21278 34784 4.964395523071289
1 325 0 18537 21278 34784 4.927884817123413
1 325 0 21105 21278 34784 4.859036684036255
1 325 0 19950 21278 34784 5.503528356552124
1 325 0 21278 21278 34784 5.486205339431763
0 324 1 14730 21278 34784 4.903022050857544
1 325 0 19081 21278 34784 4.928889989852905
0 323 2 18689 21278 34784 6.012331008911133
1 325 0 21661 22180 34784 4.8352742195129395
0 324 1 17354 22180 34784 6.029322147369385
0 323 2 12755 22180 34784 4.730611562728882
1 325 0 21284 22180 34784 4.797008514404297
0 324 1 14045 22180 34784 4.808675765991211
1 325 0 18898 22180 34784 6.069601774215698
0 324 1 15377 22180 34784 4.819926977157593
0 324 1 16254 22180 34784 5.96290135383606
1 325 0 17138 22180 34784 4.7218499183654785
1 325 0 20085 22180 34784 6.195236921310425
0 324 1 15381 25800 34784 5.070368766784668
0 324 1 13586 25800 34784 4.875304937362671
0 324 1 23334 25800 34784 4.8552632331848145
0 323 2 9660 25800 34784 4.8861894607543945
0 324 1 16051 25800 34784 4.8657402992248535
0 324 1 14711 25800 34784 4.793671131134033
0 324 1 14710 25800 34784 5.936670303344727
0 324 1 15605 25800 34784 4.8073039054870605
0 324 1 15045 25800 34784 6.008490562438965
0 324 1 14707 25800 34784 5.003190040588379
0 324 1 15949 20466 34784 4.841818332672119
0 324 1 16602 20466 34784 4.9025352001190186
1 325 0 16734 20466 34784 4.746948480606079
1 325 0 19220 20466 34784 4.846754789352417
0 324 1 16355 20466 34784 4.788764238357544
1 325 0 19220 20466 34784 5.871012449264526
0 324 1 18765 20466 34784 4.836647272109985
1 325 0 18699 20466 34784 5.788616418838501
0 324 1 19054 20466 34784 4.853358507156372
0 324 1 16387 20466 34784 4.855604887008667
0 324 1 19696 31523 34784 4.859297275543213
0 323 2 22388 31523 34784 4.843668699264526
1 325 0 30962 31523 34784 4.8574676513671875
1 325 0 30849 31523 34784 4.853344917297363
1 325 0 31186 31523 34784 5.988929271697998
0 324 1 22277 31523 34784 4.816598176956177
0 324 1 22220 31523 34784 5.940767526626587
0 324 1 24741 31523 34784 4.8579487800598145
0 324 1 29506 31523 34784 5.958103656768799
0 324 1 25806 31523 34784 4.846142768859863
1 325 0 27782 28700 34784 4.819235324859619
0 324 1 17829 28700 34784 4.796041488647461
0 324 1 23719 28700 34784 4.816897630691528
1 325 0 28198 28700 34784 4.827331066131592
0 324 1 17021 28700 34784 4.937118291854858
0 324 1 19071 28700 34784 5.833109378814697
0 324 1 26730 28700 34784 4.78680419921875
0 324 1 24925 28700 34784 5.7377119064331055
1 325 0 26956 28700 34784 4.8657448291778564
0 324 1 23646 28700 34784 4.850844621658325
0 324 1 20093 24729 34784 4.836455583572388
1 325 0 23040 24729 34784 4.79075288772583
1 325 0 23995 24729 34784 4.817123889923096
0 324 1 22357 24729 34784 4.892353296279907
1 325 0 23209 24729 34784 5.860480308532715
0 323 2 21768 24729 34784 4.822155952453613
0 324 1 21423 24729 34784 4.826194524765015
1 325 0 23109 24729 34784 4.818583011627197
0 324 1 17843 24729 34784 4.883610248565674
1 325 0 23678 24729 34784 4.891285419464111
1 325 0 22690 22975 34784 4.899432182312012
0 324 1 20642 22975 34784 4.898987054824829
0 324 1 20314 22975 34784 4.7996602058410645
1 325 0 21774 22975 34784 4.787428379058838
0 324 1 15786 22975 34784 4.874718189239502
0 324 1 20712 22975 34784 5.273055553436279
0 324 1 18895 22975 34784 4.798539876937866
0 323 2 15145 22975 34784 4.892484903335571
0 324 1 18201 22975 34784 4.9048521518707275
0 324 1 18714 22975 34784 4.810827255249023
0 324 1 18057 20396 34784 4.95303201675415
1 325 0 19493 20396 34784 4.931881666183472
0 324 1 18119 20396 34784 4.845111846923828
0 324 1 17512 20396 34784 4.809180736541748
1 325 0 20303 20396 34784 4.957511901855469
0 324 1 14121 20396 34784 4.8703272342681885
0 324 1 12963 20396 34784 4.850228548049927
0 323 2 14998 20396 34784 4.905866622924805
0 324 1 17477 20396 34784 4.856043100357056
0 324 1 18787 20396 34784 6.008261203765869
1 325 0 27975 28737 34784 4.884039640426636
1 325 0 27219 28737 34784 4.800932884216309
1 325 0 24915 28737 34784 4.754239082336426
1 325 0 27326 28737 34784 4.83732795715332
1 325 0 28123 28737 34784 4.935394763946533
1 325 0 27566 28737 34784 4.7619383335113525
1 325 0 26284 28737 34784 4.762062072753906
1 325 0 27239 28737 34784 4.775761604309082
1 325 0 27253 28737 34784 4.824282646179199
1 325 0 25671 28737 34784 5.857576131820679
0 324 1 14621 19184 34784 5.052207708358765
0 323 2 9660 19184 34784 4.865045547485352
0 324 1 13397 19184 34784 4.78584623336792
0 324 1 12878 19184 34784 4.822509050369263
0 324 1 15592 19184 34784 4.845172166824341
0 324 1 13929 19184 34784 4.8192949295043945
0 324 1 16927 19184 34784 5.856950759887695
0 323 2 13614 19184 34784 4.803648948669434
0 324 1 14898 19184 34784 5.760792016983032
0 324 1 14490 19184 34784 4.75640344619751
0 324 1 15595 20380 34784 4.8407745361328125
0 323 2 18064 20380 34784 4.811415433883667
1 325 0 20380 20380 34784 4.805155992507935
0 324 1 19424 20380 34784 4.902713060379028
0 324 1 18941 20380 34784 4.837667226791382
1 325 0 19853 20380 34784 4.924291133880615
1 325 0 20359 20380 34784 4.846956968307495
0 323 2 10881 20380 34784 4.8894078731536865
1 325 0 19853 20380 34784 4.784500360488892
1 325 0 19328 20380 34784 4.9546895027160645
0 323 2 15737 25348 34784 4.880098342895508
0 324 1 16147 25348 34784 4.795052528381348
1 325 0 25190 25348 34784 4.793549537658691
0 324 1 14448 25348 34784 4.887808084487915
0 324 1 17419 25348 34784 4.84975528717041
0 324 1 17253 25348 34784 6.007855176925659
0 324 1 15172 25348 34784 4.939706087112427
0 324 1 16857 25348 34784 4.879607915878296
0 324 1 17431 25348 34784 4.83895468711853
1 325 0 24903 25348 34784 6.041053533554077
0 324 1 13674 16731 34784 4.919885873794556
1 325 0 16045 16731 34784 5.933298110961914
1 325 0 16400 16731 34784 4.893562316894531
0 324 1 11827 16731 34784 5.846421480178833
0 324 1 8131 16731 34784 4.789791107177734
0 324 1 13949 16731 34784 5.697052478790283
0 323 2 10099 16731 34784 4.826877117156982
0 324 1 12467 16731 34784 4.941740989685059
1 325 0 15677 16731 34784 4.8138346672058105
0 324 1 10590 16731 34784 4.767884969711304
0 324 1 23620 26931 34784 4.874715089797974
1 325 0 26931 26931 34784 4.800018548965454
0 324 1 20573 26931 34784 4.783436059951782
1 325 0 26284 26931 34784 4.827396392822266
0 324 1 23800 26931 34784 4.807054042816162
1 325 0 23504 26931 34784 4.776852130889893
0 324 1 23632 26931 34784 4.798426628112793
1 325 0 25985 26931 34784 5.972788095474243
1 325 0 18841 26931 34784 4.702992916107178
0 324 1 21353 26931 34784 5.939470529556274
0 324 1 12389 22741 34784 4.836488485336304
0 323 2 19854 22741 34784 4.840013027191162
0 324 1 16693 22741 34784 4.840724945068359
0 324 1 16355 22741 34784 4.83857536315918
0 324 1 11724 22741 34784 4.841579437255859
0 324 1 11996 22741 34784 4.757875442504883
0 323 2 15081 22741 34784 6.04080867767334
0 324 1 12393 22741 34784 4.877622127532959
0 323 2 12806 22741 34784 6.115192413330078
1 325 0 15548 22741 34784 4.787531614303589
0 324 1 14085 26208 34784 5.980027198791504
0 323 2 17297 26208 34784 4.870497465133667
1 325 0 25815 26208 34784 5.860478162765503
0 324 1 15334 26208 34784 4.868321418762207
0 324 1 17209 26208 34784 4.9549970626831055
0 324 1 13811 26208 34784 4.803415060043335
0 324 1 13166 26208 34784 6.073790788650513
0 324 1 15428 26208 34784 4.857036828994751
1 325 0 24591 26208 34784 5.871624231338501
0 323 2 19684 26208 34784 4.861815929412842
0 324 1 17175 25279 34784 5.924194574356079
0 324 1 14069 25279 34784 4.739947557449341
0 324 1 12722 25279 34784 4.742267370223999
0 324 1 20395 25279 34784 4.795578718185425
0 324 1 12725 25279 34784 6.055376052856445
0 324 1 16578 25279 34784 4.871607780456543
0 324 1 17236 25279 34784 5.9161553382873535
0 324 1 13623 25279 34784 4.838137626647949
0 324 1 16860 25279 34784 6.017418622970581
0 323 2 13197 25279 34784 4.780437231063843
1 325 0 18978 20455 34784 4.740327596664429
1 325 0 18347 20455 34784 4.687081336975098
1 325 0 19213 20455 34784 4.650103330612183
1 325 0 19456 20455 34784 4.71760106086731
1 325 0 18492 20455 34784 4.81670355796814
1 325 0 18560 20455 34784 5.830248594284058
1 325 0 17704 20455 34784 4.682877540588379
1 325 0 20146 20455 34784 5.763940811157227
1 325 0 18874 20455 34784 4.734517574310303
1 325 0 18758 20455 34784 5.808521747589111
0 324 1 16899 20186 34784 4.810115575790405
0 324 1 13207 20186 34784 5.78042197227478
0 324 1 15612 20186 34784 4.717902660369873
1 325 0 14664 20186 34784 5.805485248565674
0 324 1 16639 20186 34784 4.702251672744751
0 323 2 16696 20186 34784 5.805917501449585
0 324 1 12352 20186 34784 4.799753665924072
0 324 1 13743 20186 34784 4.79995322227478
0 324 1 16466 20186 34784 4.758021116256714
0 324 1 15841 20186 34784 4.664025783538818
0 324 1 19600 27711 34784 4.764690399169922
0 324 1 24118 27711 34784 4.697332143783569
0 324 1 23139 27711 34784 4.726497650146484
0 324 1 24522 27711 34784 4.690067291259766
0 324 1 23594 27711 34784 4.722831726074219
1 325 0 27377 27711 34784 5.910747051239014
1 325 0 20361 27711 34784 4.709538221359253
1 325 0 26566 27711 34784 5.9181132316589355
1 325 0 26375 27711 34784 4.648136615753174
1 325 0 26770 27711 34784 4.760029077529907
0 323 2 19862 27933 34784 4.701059818267822
0 324 1 25244 27933 34784 4.714956521987915
0 323 2 17845 27933 34784 5.78493070602417
0 324 1 23002 27933 34784 4.773043394088745
0 323 2 15947 27933 34784 4.6745100021362305
0 323 2 18851 27933 34784 4.636235475540161
0 324 1 25914 27933 34784 4.671144723892212
0 323 2 14600 27933 34784 4.693633794784546
1 325 0 27596 27933 34784 4.7698163986206055
0 323 2 18524 27933 34784 4.771899223327637
1 325 0 27370 27370 34784 4.696263313293457
1 325 0 26435 27370 34784 4.680995941162109
0 324 1 18968 27370 34784 5.792888402938843
0 324 1 19081 27370 34784 4.707133531570435
0 324 1 17288 27370 34784 5.885076284408569
0 323 2 16614 27370 34784 4.649555206298828
1 325 0 26734 27370 34784 5.931147575378418
0 323 2 18295 27370 34784 4.695286273956299
0 323 2 16280 27370 34784 5.946814775466919
0 323 2 17516 27370 34784 4.696238279342651
0 323 2 17448 25801 34784 4.727291584014893
0 323 2 16784 25801 34784 4.747909069061279
0 323 2 19807 25801 34784 4.807807683944702
0 323 2 11064 25801 34784 5.679380178451538
0 322 3 15491 25801 34784 4.76525616645813
0 322 3 15268 25801 34784 4.731604814529419
1 325 0 25801 25801 34784 4.746656894683838
0 323 2 9892 25801 34784 4.757745981216431
0 324 1 23840 25801 34784 4.740153551101685
0 321 4 15378 25801 34784 4.6610541343688965
0 324 1 18930 25506 34784 4.825122594833374
0 323 2 16883 25506 34784 4.722887754440308
0 324 1 22668 25506 34784 4.655942678451538
0 324 1 19792 25506 34784 5.859848260879517
0 324 1 19266 25506 34784 4.7452073097229
1 325 0 24832 25506 34784 5.953194856643677
0 322 3 19603 25506 34784 4.809584140777588
0 324 1 20611 25506 34784 4.679768085479736
0 324 1 20129 25506 34784 4.619762420654297
0 324 1 20464 25506 34784 4.669824600219727
0 322 3 16397 24453 34784 5.872628927230835
0 321 4 17732 24453 34784 4.792580604553223
0 322 3 13919 24453 34784 5.85266375541687
0 323 2 11904 24453 34784 4.684495449066162
0 322 3 22438 24453 34784 5.906048774719238
0 323 2 10105 24453 34784 4.651041030883789
0 323 2 14590 24453 34784 4.681193590164185
0 323 2 13245 24453 34784 4.727833986282349
0 322 3 13922 24453 34784 4.697361469268799
0 322 3 17281 24453 34784 5.8203418254852295
0 324 1 14664 24296 34784 4.735840082168579
0 323 2 11704 24296 34784 5.878520250320435
0 324 1 15474 24296 34784 4.655888795852661
0 324 1 14128 24296 34784 5.789195775985718
0 323 2 11974 24296 34784 4.6916728019714355
0 323 2 11518 24296 34784 4.629194974899292
0 323 2 17958 24296 34784 4.721037149429321
0 324 1 14803 24296 34784 4.7314019203186035
0 323 2 13278 24296 34784 5.77607274055481
0 324 1 15470 24296 34784 4.6851770877838135
0 323 2 16160 25576 34784 5.945749282836914
0 324 1 22217 25576 34784 4.722748756408691
0 323 2 16841 25576 34784 5.8854660987854
0 324 1 22889 25576 34784 4.723546981811523
0 324 1 22218 25576 34784 4.667842149734497
0 321 4 15269 25576 34784 4.668704986572266
0 323 2 21210 25576 34784 4.715750694274902
0 324 1 22553 25576 34784 5.9053497314453125
0 324 1 22553 25576 34784 4.692758798599243
0 324 1 16056 25576 34784 5.9127044677734375
1 325 0 23665 24792 34784 4.727439641952515
1 325 0 23866 24792 34784 5.841662406921387
0 323 2 19343 24792 34784 4.68846583366394
0 323 2 15961 24792 34784 5.834542512893677
0 324 1 19542 24792 34784 4.759272813796997
0 324 1 20347 24792 34784 5.82294225692749
0 324 1 18251 24792 34784 4.7065746784210205
0 322 3 16344 24792 34784 5.838888168334961
1 325 0 24292 24792 34784 4.6753621101379395
1 325 0 14434 24792 34784 5.937278509140015
0 323 2 21529 24777 34784 4.695243835449219
0 324 1 21422 24777 34784 5.649619817733765
1 325 0 23295 24777 34784 4.6949403285980225
0 322 3 20160 24777 34784 5.712326288223267
0 324 1 20639 24777 34784 4.62948751449585
0 324 1 18809 24777 34784 5.725204706192017
0 324 1 19947 24777 34784 4.76258659362793
0 324 1 19060 24777 34784 5.703871488571167
1 325 0 22206 24777 34784 4.75593900680542
0 324 1 21582 24777 34784 5.720430850982666
0 323 2 12130 23558 34784 4.800978422164917
0 324 1 19355 23558 34784 5.741348028182983
0 322 3 12470 23558 34784 4.762479066848755
0 322 3 16670 23558 34784 5.856818437576294
0 324 1 17840 23558 34784 4.819918870925903
0 324 1 21037 23558 34784 5.720696210861206
0 324 1 17839 23558 34784 4.6832005977630615
0 324 1 19191 23558 34784 4.776818037033081
0 324 1 20529 23558 34784 4.699748992919922
0 324 1 13478 23558 34784 4.690737009048462
0 323 2 15922 24209 34784 4.713671445846558
0 323 2 20330 24209 34784 4.767495632171631
0 323 2 18466 24209 34784 4.7292320728302
0 323 2 16850 24209 34784 4.71117091178894
0 324 1 13215 24209 34784 4.671889066696167
1 325 0 23990 24209 34784 4.772536277770996
0 324 1 14113 24209 34784 4.703042984008789
0 324 1 16846 24209 34784 4.808089733123779
0 324 1 15418 24209 34784 4.704228162765503
0 324 1 14945 24209 34784 4.7537267208099365
0 324 1 17173 25239 34784 4.704827547073364
1 325 0 25239 25239 34784 4.713720321655273
0 324 1 13808 25239 34784 4.684290409088135
0 324 1 14818 25239 34784 4.725414752960205
0 323 2 19528 25239 34784 4.7399678230285645
0 324 1 19191 25239 34784 4.678686857223511
0 322 3 15834 25239 34784 5.869155406951904
0 323 2 20202 25239 34784 4.783334493637085
0 324 1 18182 25239 34784 5.873763084411621
0 323 2 16840 25239 34784 4.709961652755737
0 324 1 15317 20031 34784 4.727219820022583
0 324 1 17323 20031 34784 4.675495862960815
1 325 0 18602 20031 34784 4.754686117172241
1 325 0 19802 20031 34784 5.893704175949097
1 325 0 18179 20031 34784 4.638636350631714
1 325 0 15762 20031 34784 5.850677251815796
1 325 0 18931 20031 34784 4.702019929885864
1 325 0 19134 20031 34784 5.790271759033203
1 325 0 18078 20031 34784 4.6637279987335205
1 325 0 17649 20031 34784 5.862866163253784
1 325 0 22708 23576 34784 4.729841947555542
0 324 1 13280 23576 34784 5.8683576583862305
0 324 1 13092 23576 34784 4.829224348068237
1 325 0 22121 23576 34784 5.821824789047241
0 323 2 18114 23576 34784 4.774776935577393
0 323 2 17041 23576 34784 5.892907381057739
1 325 0 23395 23576 34784 4.699662446975708
1 325 0 21220 23576 34784 5.833010196685791
0 324 1 22983 23576 34784 4.70176100730896
0 324 1 20643 23576 34784 5.824114561080933
0 324 1 12465 22467 34784 4.6941750049591064
0 324 1 17538 22467 34784 5.871857404708862
0 324 1 13094 22467 34784 4.820357322692871
0 324 1 20172 22467 34784 5.8412253856658936
0 323 2 12357 22467 34784 4.807233095169067
1 325 0 19977 22467 34784 5.8163862228393555
0 323 2 13284 22467 34784 4.632909297943115
0 324 1 13400 22467 34784 5.951831817626953
0 324 1 17120 22467 34784 4.653475284576416
0 324 1 12861 22467 34784 4.733489036560059
0 323 2 17513 27932 34784 4.709222078323364
0 323 2 21883 27932 34784 4.651005506515503
0 323 2 16047 27932 34784 5.717464447021484
0 324 1 16722 27932 34784 4.704299211502075
0 324 1 18522 27932 34784 5.718386888504028
0 323 2 13481 27932 34784 4.754438877105713
0 324 1 16951 27932 34784 4.757340431213379
0 324 1 18524 27932 34784 4.698559284210205
0 323 2 12467 27932 34784 4.709897756576538
0 322 3 14486 27932 34784 4.642115831375122
1 325 0 23896 24488 34784 4.661057233810425
1 325 0 23550 24488 34784 4.748345136642456
0 324 1 17585 24488 34784 4.668196439743042
0 324 1 18078 24488 34784 4.851218938827515
0 323 2 20482 24488 34784 4.7133495807647705
1 325 0 24420 24488 34784 4.985039949417114
1 325 0 24252 24488 34784 4.752597093582153
1 325 0 22108 24488 34784 4.7105958461761475
1 325 0 24111 24488 34784 4.785315036773682
1 325 0 23649 24488 34784 4.741409540176392
0 323 2 15495 26586 34784 4.7165844440460205
0 322 3 18636 26586 34784 4.755906343460083
0 323 2 13482 26586 34784 5.773362398147583
0 323 2 19754 26586 34784 4.765880107879639
0 324 1 20985 26586 34784 5.8369529247283936
0 324 1 13484 26586 34784 4.63482928276062
0 323 2 20200 26586 34784 5.812821626663208
0 324 1 15607 26586 34784 4.645016670227051
0 324 1 16954 26586 34784 5.868214130401611
0 324 1 17968 26586 34784 4.6703784465789795
0 323 2 14203 22234 34784 5.9375693798065186
0 324 1 13131 22234 34784 4.740351438522339
0 324 1 13833 22234 34784 5.941898584365845
0 324 1 18127 22234 34784 4.670567274093628
0 323 2 13749 22234 34784 5.993362188339233
0 324 1 12310 22234 34784 4.717786073684692
0 323 2 16207 22234 34784 5.852124452590942
0 324 1 13220 22234 34784 4.7357611656188965
0 324 1 18855 22234 34784 5.997783660888672
1 325 0 22052 22234 34784 4.754428386688232
0 324 1 23406 25119 34784 4.72432017326355
1 325 0 24962 25119 34784 4.713542938232422
1 325 0 24881 25119 34784 4.795491456985474
0 324 1 22789 25119 34784 5.698792457580566
0 323 2 18975 25119 34784 4.724483013153076
1 325 0 25119 25119 34784 5.829589366912842
1 325 0 24653 25119 34784 4.716789722442627
1 325 0 23892 25119 34784 5.692209005355835
0 323 2 17823 25119 34784 4.706039667129517
0 324 1 21543 25119 34784 5.773822546005249
0 324 1 18602 21131 34784 4.731168508529663
0 324 1 15219 21131 34784 5.790525674819946
0 324 1 14635 21131 34784 4.678272247314453
0 324 1 14716 21131 34784 5.772817373275757
0 323 2 13019 21131 34784 4.669519662857056
0 324 1 14380 21131 34784 5.699350118637085
0 323 2 12367 21131 34784 4.709489583969116
0 323 2 13517 21131 34784 5.858109712600708
0 324 1 17493 21131 34784 4.931111812591553
0 324 1 18194 21131 34784 5.835026264190674
0 324 1 10221 25800 34784 4.701353073120117
0 324 1 14485 25800 34784 5.6911396980285645
1 325 0 25800 25800 34784 4.64983606338501
0 324 1 11567 25800 34784 4.78578782081604
0 324 1 12242 25800 34784 4.729469299316406
0 324 1 14262 25800 34784 4.658090114593506
0 324 1 13587 25800 34784 4.7725255489349365
0 323 2 12692 25800 34784 4.73314356803894
0 324 1 10223 25800 34784 4.727018594741821
0 323 2 15042 25800 34784 4.674691915512085
1 325 0 22197 22534 34784 4.74048113822937
0 323 2 18887 22534 34784 5.862373352050781
1 325 0 21479 22534 34784 4.7171313762664795
0 324 1 16515 22534 34784 5.91655158996582
0 323 2 17616 22534 34784 4.645104885101318
0 324 1 13374 22534 34784 5.898472785949707
0 324 1 18667 22534 34784 4.7820210456848145
0 324 1 16011 22534 34784 5.948131084442139
0 323 2 12616 22534 34784 4.735623598098755
1 325 0 22033 22534 34784 5.890059947967529
0 323 2 12358 22436 34784 4.787444353103638
0 324 1 17066 22436 34784 5.9203362464904785
0 324 1 17848 22436 34784 4.748328447341919
0 323 2 17513 22436 34784 5.832223653793335
0 324 1 16505 22436 34784 4.811156988143921
1 325 0 22436 22436 34784 5.837141990661621
0 323 2 20098 22436 34784 4.731121778488159
0 324 1 13480 22436 34784 5.694991827011108
0 324 1 20419 22436 34784 4.839336633682251
0 324 1 17848 22436 34784 5.853442192077637
0 323 2 17906 28282 34784 4.7204601764678955
0 324 1 24739 28282 34784 4.7343666553497314
0 324 1 21350 28282 34784 4.701400279998779
0 323 2 19296 28282 34784 4.727073669433594
0 323 2 19821 28282 34784 4.668880939483643
0 324 1 19860 28282 34784 4.650453567504883
0 324 1 25577 28282 34784 4.674318313598633
0 323 2 19751 28282 34784 4.743273019790649
0 323 2 18398 28282 34784 4.751658201217651
0 324 1 23532 28282 34784 5.765682220458984
0 323 2 21674 29228 34784 4.708057165145874
1 325 0 28969 29228 34784 5.772862434387207
0 323 2 18779 29228 34784 4.7375993728637695
0 324 1 20297 29228 34784 5.8046863079071045
1 325 0 23519 29228 34784 4.6462016105651855
0 324 1 19571 29228 34784 5.724736928939819
1 325 0 28287 29228 34784 4.715406179428101
0 323 2 21394 29228 34784 4.745234727859497
0 324 1 23457 29228 34784 4.698791027069092
1 325 0 28042 29228 34784 4.700434684753418
0 323 2 14738 26883 34784 4.664449214935303
0 324 1 17732 26883 34784 4.734555959701538
0 324 1 23034 26883 34784 4.687549114227295
0 323 2 18744 26883 34784 4.708142280578613
0 323 2 19186 26883 34784 4.766125917434692
0 324 1 25241 26883 34784 5.871801853179932
0 323 2 19560 26883 34784 4.670705318450928
0 324 1 18483 26883 34784 5.87657618522644
0 323 2 16724 26883 34784 4.7691240310668945
0 323 2 19154 26883 34784 5.9049577713012695
0 324 1 19941 24256 34784 4.70351243019104
0 324 1 20107 24256 34784 5.911473751068115
0 324 1 12725 24256 34784 4.668818473815918
0 324 1 19361 24256 34784 5.866620063781738
0 324 1 19981 24256 34784 4.6849586963653564
0 324 1 20107 24256 34784 4.71977972984314
0 323 2 15764 24256 34784 4.672307014465332
0 324 1 19075 24256 34784 4.657702684402466
1 325 0 24077 24256 34784 5.833914279937744
1 325 0 23497 24256 34784 4.661223411560059
0 323 2 15164 23820 34784 4.720843315124512
0 323 2 17620 23820 34784 4.764610528945923
0 322 3 11246 23820 34784 4.749390602111816
0 322 3 12461 23820 34784 5.723602056503296
0 324 1 17112 23820 34784 4.761429309844971
0 323 2 13326 23820 34784 5.830819129943848
0 323 2 14322 23820 34784 4.673478603363037
0 322 3 16492 23820 34784 5.657249212265015
0 323 2 17471 23820 34784 4.758742809295654
0 323 2 13951 23820 34784 4.722188949584961
0 324 1 24162 25574 34784 4.702934265136719
0 322 3 17578 25574 34784 4.718808889389038
0 324 1 17441 25574 34784 5.672919273376465
1 325 0 25237 25574 34784 4.728346347808838
0 324 1 23490 25574 34784 4.7106263637542725
0 322 3 16910 25574 34784 4.849137544631958
1 325 0 25440 25574 34784 4.718265771865845
0 323 2 14888 25574 34784 4.6722211837768555
0 324 1 17778 25574 34784 4.678855895996094
0 324 1 16767 25574 34784 4.624277353286743
0 323 2 17823 24654 34784 4.718702554702759
0 324 1 20219 24654 34784 4.670186281204224
0 324 1 21123 24654 34784 5.893376588821411
1 325 0 23712 24654 34784 4.688354730606079
1 325 0 23617 24654 34784 5.9416892528533936
0 324 1 19229 24654 34784 4.678365230560303
0 324 1 15092 24654 34784 5.8163299560546875
0 324 1 23353 24654 34784 4.809103727340698
0 324 1 20463 24654 34784 5.931377172470093
1 325 0 23916 24654 34784 4.699812889099121
0 323 2 12149 19979 34784 5.8766398429870605
0 324 1 15133 19979 34784 4.733283519744873
0 324 1 14304 19979 34784 5.762796640396118
1 325 0 16016 19979 34784 4.68153715133667
0 324 1 14127 19979 34784 5.814372777938843
0 324 1 14221 19979 34784 4.7307069301605225
0 324 1 14439 19979 34784 5.649945259094238
0 324 1 13604 19979 34784 4.700355291366577
0 324 1 13893 19979 34784 5.772358179092407
0 324 1 13258 19979 34784 4.642317056655884
0 324 1 10041 21340 34784 5.830555200576782
0 324 1 15389 21340 34784 4.69850754737854
0 324 1 14614 21340 34784 5.7822840213775635
1 325 0 19208 21340 34784 4.74493145942688
0 324 1 17277 21340 34784 5.805211305618286
0 323 2 13000 21340 34784 4.708832263946533
0 324 1 13038 21340 34784 5.841508150100708
0 324 1 17804 21340 34784 4.695906162261963
1 325 0 20809 21340 34784 5.785762786865234
1 325 0 20477 21340 34784 4.697476863861084
1 325 0 19430 25075 34784 5.821677207946777
0 324 1 16241 25075 34784 4.67834997177124
0 324 1 22498 25075 34784 5.934829235076904
0 324 1 20689 25075 34784 4.657771110534668
0 324 1 20835 25075 34784 5.832306623458862
0 324 1 20369 25075 34784 4.642010688781738
0 324 1 16693 25075 34784 5.85048246383667
1 325 0 19969 25075 34784 4.677314758300781
0 324 1 19382 25075 34784 4.676203966140747
1 325 0 20906 25075 34784 4.901093244552612
0 323 2 13138 22213 34784 4.710612058639526
0 324 1 17727 22213 34784 4.710569620132446
0 323 2 16726 22213 34784 4.758351802825928
0 323 2 16944 22213 34784 4.721565008163452
0 323 2 14704 22213 34784 5.97699236869812
0 323 2 21091 22213 34784 4.741709232330322
1 325 0 20753 22213 34784 5.9472198486328125
0 322 3 12579 22213 34784 4.690770864486694
0 324 1 18400 22213 34784 5.880150556564331
0 322 3 12691 22213 34784 4.744222402572632
1 325 0 24222 26054 34784 4.729682922363281
1 325 0 23265 26054 34784 4.831474304199219
1 325 0 24882 26054 34784 4.653606653213501
1 325 0 25143 26054 34784 5.849095344543457
0 324 1 24547 26054 34784 4.700711250305176
0 324 1 17363 26054 34784 5.8389317989349365
1 325 0 21730 26054 34784 4.656237363815308
0 324 1 18220 26054 34784 5.879955053329468
1 325 0 24528 26054 34784 4.643719673156738
1 325 0 22302 26054 34784 4.652966499328613
0 324 1 15743 18635 34784 4.683855295181274
1 325 0 18177 18635 34784 4.6866655349731445
0 324 1 17235 18635 34784 5.86714768409729
0 324 1 13451 18635 34784 4.682419538497925
0 323 2 14337 18635 34784 5.821662664413452
0 324 1 16246 18635 34784 4.724064111709595
0 324 1 10749 18635 34784 5.8039281368255615
0 324 1 12128 18635 34784 4.677552938461304
0 324 1 10234 18635 34784 5.816476821899414
0 324 1 11124 18635 34784 4.609261989593506
0 324 1 15906 20922 34784 5.967712879180908
0 324 1 19698 20922 34784 4.645428419113159
0 324 1 14319 20922 34784 5.870891094207764
1 325 0 20922 20922 34784 4.778161287307739
0 324 1 16827 20922 34784 5.868852853775024
1 325 0 20311 20922 34784 4.664307355880737
0 324 1 14901 20922 34784 5.891102075576782
1 325 0 18689 20922 34784 4.744728326797485
0 323 2 13703 20922 34784 5.751610517501831
0 323 2 15478 20922 34784 4.749191761016846
0 323 2 15499 27023 34784 5.814496994018555
0 324 1 24571 27023 34784 4.682286024093628
1 325 0 25885 27023 34784 5.9441893100738525
0 324 1 19985 27023 34784 4.676075458526611
0 324 1 20866 27023 34784 5.917025089263916
1 325 0 24881 27023 34784 4.705732107162476
0 323 2 19349 27023 34784 5.879341125488281
0 324 1 18464 27023 34784 4.662052154541016
0 324 1 20383 27023 34784 5.811485528945923
0 324 1 23171 27023 34784 4.70976710319519
0 324 1 17287 23695 34784 5.842098712921143
0 324 1 16807 23695 34784 4.653146743774414
0 324 1 18824 23695 34784 5.871964931488037
0 324 1 18796 23695 34784 4.767096042633057
0 324 1 20281 23695 34784 5.776064395904541
0 323 2 16286 23695 34784 4.729942321777344
0 324 1 18205 23695 34784 5.827214002609253
0 324 1 20778 23695 34784 4.77737021446228
0 324 1 17495 23695 34784 4.722886800765991
0 324 1 16575 23695 34784 4.7795939445495605
1 325 0 17158 18100 34784 4.697969913482666
0 324 1 16264 18100 34784 5.725818395614624
0 324 1 11697 18100 34784 4.696166038513184
1 325 0 15668 18100 34784 5.612028360366821
0 324 1 11943 18100 34784 4.639170169830322
0 324 1 15006 18100 34784 5.700088977813721
0 324 1 15371 18100 34784 4.7341248989105225
0 324 1 11211 18100 34784 4.714788436889648
0 323 2 11040 18100 34784 4.645920038223267
0 324 1 12525 18100 34784 4.731396913528442
0 324 1 15026 18370 34784 4.748028516769409
1 325 0 17534 18370 34784 4.589118957519531
0 324 1 15963 18370 34784 4.688238859176636
1 325 0 17597 18370 34784 4.670544862747192
1 325 0 17333 18370 34784 4.670178413391113
1 325 0 17293 18370 34784 4.718494415283203
1 325 0 18086 18370 34784 4.646145820617676
1 325 0 17183 18370 34784 4.6791698932647705
1 325 0 16499 18370 34784 5.987495422363281
1 325 0 16883 18370 34784 4.718270778656006
1 325 0 18021 18796 34784 4.7007896900177
0 324 1 10490 18796 34784 4.763477325439453
0 324 1 12152 18796 34784 4.793211460113525
0 324 1 14484 18796 34784 5.786627292633057
0 324 1 12467 18796 34784 4.784966230392456
0 324 1 13290 18796 34784 5.808992624282837
1 325 0 18256 18796 34784 4.725008726119995
0 324 1 8717 18796 34784 5.722852945327759
0 324 1 12820 18796 34784 4.6670918464660645
1 325 0 17959 18796 34784 5.770778179168701
1 325 0 24581 25980 34784 4.737325668334961
0 323 2 19565 25980 34784 5.680196046829224
1 325 0 16897 25980 34784 4.704225540161133
0 324 1 20122 25980 34784 5.672898530960083
0 323 2 16717 25980 34784 4.721861124038696
0 324 1 17166 25980 34784 4.836758375167847
1 325 0 25312 25980 34784 4.737541437149048
0 323 2 18701 25980 34784 4.733362674713135
1 325 0 18000 25980 34784 4.678008794784546
0 323 2 20502 25980 34784 4.6592957973480225
0 323 2 17271 21436 34784 5.932457685470581
0 324 1 16688 21436 34784 4.677901268005371
1 325 0 16127 21436 34784 5.82046103477478
0 324 1 9923 21436 34784 4.664163112640381
0 324 1 15795 21436 34784 5.925306081771851
0 324 1 16721 21436 34784 4.83953595161438
0 324 1 11944 21436 34784 5.866395711898804
1 325 0 16127 21436 34784 4.741718530654907
0 324 1 10596 21436 34784 5.798623323440552
0 324 1 11815 21436 34784 4.694968223571777
1 325 0 26368 26749 34784 5.847672939300537
1 325 0 24392 26749 34784 4.699704885482788
1 325 0 25290 26749 34784 5.838319540023804
1 325 0 25449 26749 34784 4.758512735366821
1 325 0 24767 26749 34784 5.810885906219482
1 325 0 23473 26749 34784 4.733934164047241
0 324 1 22440 26749 34784 5.6838109493255615
1 325 0 25158 26749 34784 4.731323719024658
1 325 0 24053 26749 34784 5.746607303619385
0 324 1 20793 26749 34784 4.76200270652771
0 324 1 17807 25743 34784 4.695628881454468
1 325 0 25743 25743 34784 4.690908908843994
1 325 0 24511 25743 34784 4.7507524490356445
0 324 1 17265 25743 34784 4.805560350418091
0 324 1 15850 25743 34784 4.654267311096191
0 324 1 20540 25743 34784 4.671067237854004
0 324 1 24500 25743 34784 4.775210618972778
0 324 1 21720 25743 34784 4.720688104629517
0 324 1 23986 25743 34784 5.782283544540405
0 324 1 17210 25743 34784 4.820800065994263
0 324 1 19014 21714 34784 5.859577894210815
0 324 1 20785 21714 34784 4.724731922149658
0 324 1 16098 21714 34784 5.621340274810791
0 323 2 17161 21714 34784 4.75156307220459
0 324 1 15399 21714 34784 4.678728103637695
0 323 2 16905 21714 34784 4.715493440628052
0 324 1 14671 21714 34784 4.720961570739746
0 323 2 15745 21714 34784 4.6504292488098145
0 323 2 16455 21714 34784 4.728879451751709
0 323 2 11824 21714 34784 4.695780038833618
0 324 1 20143 23053 34784 4.791727066040039
0 324 1 19594 23053 34784 4.741304636001587
0 323 2 14245 23053 34784 5.930692911148071
0 323 2 12969 23053 34784 4.708495616912842
0 322 3 18821 23053 34784 5.8548688888549805
0 324 1 13616 23053 34784 4.70635724067688
0 324 1 19071 23053 34784 5.979820728302002
0 323 2 14560 23053 34784 4.71014142036438
0 323 2 11401 23053 34784 4.695488214492798
0 323 2 10851 23053 34784 4.682855606079102
1 325 0 21282 23544 34784 4.711829662322998
0 323 2 16780 23544 34784 5.898240089416504
0 324 1 17200 23544 34784 4.740841865539551
1 325 0 20696 23544 34784 5.72306227684021
0 324 1 15025 23544 34784 4.781464338302612
1 325 0 21667 23544 34784 5.753459930419922
0 324 1 15239 23544 34784 4.65951132774353
0 324 1 14152 23544 34784 5.611509561538696
0 324 1 16858 23544 34784 4.738983631134033
0 324 1 18457 23544 34784 4.740038871765137
0 323 2 15819 21536 34784 4.726559162139893
0 323 2 14824 21536 34784 4.7167205810546875
0 323 2 12470 21536 34784 4.816704988479614
0 324 1 12533 21536 34784 4.685152292251587
0 324 1 11279 21536 34784 4.6647889614105225
0 322 3 14626 21536 34784 4.721827745437622
0 323 2 16940 21536 34784 4.67547869682312
0 323 2 12950 21536 34784 5.939608097076416
0 323 2 12780 21536 34784 4.684393644332886
1 325 0 19967 21536 34784 5.778558254241943
0 324 1 18060 22393 34784 4.635831356048584
0 324 1 17421 22393 34784 5.684779644012451
0 324 1 17041 22393 34784 4.732848405838013
1 325 0 18030 22393 34784 5.597809314727783
1 325 0 21420 22393 34784 4.682950735092163
1 325 0 22393 22393 34784 4.684154987335205
0 323 2 17044 22393 34784 4.809581995010376
0 324 1 18280 22393 34784 4.835280656814575
0 324 1 19932 22393 34784 4.743469476699829
1 325 0 20396 22393 34784 4.652782201766968
0 324 1 15554 23566 34784 6.031317710876465
0 323 2 16339 23566 34784 4.686640024185181
0 324 1 15611 23566 34784 4.653266668319702
0 324 1 17779 23566 34784 4.670186758041382
0 324 1 18285 23566 34784 4.641251564025879
0 324 1 17613 23566 34784 5.7882561683654785
0 324 1 12959 23566 34784 4.7807981967926025
0 323 2 15035 23566 34784 5.841489315032959
0 324 1 22780 23566 34784 4.748579263687134
0 323 2 14026 23566 34784 4.67506217956543
0 324 1 20655 26957 34784 4.7536091804504395
1 325 0 24230 26957 34784 4.69785737991333
0 324 1 19645 26957 34784 5.63424015045166
0 324 1 24453 26957 34784 4.681551218032837
0 323 2 20743 26957 34784 5.678118467330933
0 323 2 16134 26957 34784 4.699427366256714
0 323 2 18166 26957 34784 5.676181793212891
0 323 2 10346 26957 34784 4.724153757095337
0 324 1 21229 26957 34784 5.661753177642822
0 322 3 16440 26957 34784 4.660447597503662
1 325 0 18471 21480 34784 5.694399118423462
1 325 0 19853 21480 34784 4.689959764480591
1 325 0 20790 21480 34784 5.653477668762207
0 324 1 17038 21480 34784 4.714170694351196
1 325 0 17534 21480 34784 5.69386887550354
0 324 1 17279 21480 34784 4.634642601013184
1 325 0 19559 21480 34784 5.909909725189209
0 324 1 17619 21480 34784 4.6643452644348145
1 325 0 20053 21480 34784 6.004262447357178
1 325 0 20864 21480 34784 4.662269830703735
0 324 1 25460 27949 34784 6.045997619628906
0 324 1 17085 27949 34784 4.7160725593566895
0 324 1 17758 27949 34784 5.917601823806763
0 324 1 17636 27949 34784 4.681951522827148
0 324 1 17971 27949 34784 4.8692169189453125
0 324 1 20112 27949 34784 4.700369358062744
0 324 1 21086 27949 34784 4.691303730010986
0 323 2 22933 27949 34784 5.833241939544678
0 324 1 17356 27949 34784 4.7303643226623535
0 324 1 17452 27949 34784 5.870955467224121
1 325 0 24667 26644 34784 4.686850070953369
1 325 0 23931 26644 34784 5.825214385986328
1 325 0 24805 26644 34784 4.712989807128906
1 325 0 25536 26644 34784 5.887463808059692
1 325 0 25750 26644 34784 4.720209360122681
1 325 0 25429 26644 34784 5.895067930221558
1 325 0 25091 26644 34784 4.690082311630249
1 325 0 24755 26644 34784 4.679027318954468
1 325 0 25089 26644 34784 4.71753454208374
1 325 0 25118 26644 34784 4.714742660522461
1 325 0 16925 22468 34784 4.808642387390137
0 324 1 19584 22468 34784 4.852758407592773
0 324 1 20901 22468 34784 4.730191946029663
0 324 1 20528 22468 34784 5.852848052978516
0 324 1 16272 22468 34784 4.790489673614502
0 324 1 20008 22468 34784 5.93072772026062
0 324 1 20646 22468 34784 4.630561828613281
0 324 1 19458 22468 34784 6.130225658416748
0 324 1 17902 22468 34784 4.878511428833008
0 324 1 21546 22468 34784 5.884655714035034
0 324 1 14407 19881 34784 4.707204341888428
0 324 1 14508 19881 34784 5.835010528564453
0 324 1 14937 19881 34784 4.671327829360962
1 325 0 18632 19881 34784 5.906986713409424
1 325 0 18509 19881 34784 4.651294469833374
0 323 2 14553 19881 34784 5.940732479095459
1 325 0 17959 19881 34784 4.680047273635864
0 324 1 13898 19881 34784 5.820957660675049
0 324 1 14441 19881 34784 4.76915717124939
0 324 1 15078 19881 34784 5.9705469608306885
0 324 1 15702 23468 34784 4.665013313293457
0 324 1 18338 23468 34784 5.851953744888306
0 324 1 13121 23468 34784 4.6990580558776855
0 324 1 17666 23468 34784 4.741054534912109
0 324 1 19998 23468 34784 4.700575590133667
0 323 2 13293 23468 34784 4.798506736755371
0 324 1 16057 23468 34784 5.805866241455078
0 324 1 20478 23468 34784 4.745810508728027
0 324 1 15633 23468 34784 5.853602170944214
0 324 1 19454 23468 34784 4.703799247741699
0 324 1 11792 18847 34784 5.861976623535156
0 324 1 14816 18847 34784 4.699438571929932
0 324 1 13138 18847 34784 5.939523696899414
0 324 1 15490 18847 34784 4.747923374176025
0 324 1 14819 18847 34784 5.917913913726807
0 324 1 12799 18847 34784 4.633686065673828
0 324 1 15826 18847 34784 4.647785425186157
0 324 1 11681 18847 34784 4.700157880783081
0 324 1 13134 18847 34784 4.780304908752441
0 324 1 16162 18847 34784 5.731815576553345
0 323 2 16503 25239 34784 4.795489072799683
0 323 2 18184 25239 34784 5.862260341644287
0 324 1 13812 25239 34784 4.776755332946777
0 323 2 15831 25239 34784 5.8521952629089355
0 323 2 17509 25239 34784 4.7101452350616455
0 324 1 17174 25239 34784 5.7695183753967285
0 324 1 18857 25239 34784 4.683044672012329
0 323 2 16837 25239 34784 5.842805624008179
0 324 1 23225 25239 34784 4.747860670089722
0 324 1 17512 25239 34784 5.710782051086426
1 325 0 18334 26636 34784 4.703295469284058
1 325 0 15899 26636 34784 5.698237657546997
0 324 1 21681 26636 34784 4.732983350753784
1 325 0 18349 26636 34784 4.793010711669922
0 324 1 21823 26636 34784 4.818937301635742
1 325 0 25922 26636 34784 4.70477032661438
0 324 1 17596 26636 34784 4.737468481063843
0 324 1 19321 26636 34784 4.70919942855835
0 324 1 17204 26636 34784 4.707440614700317
0 323 2 20934 26636 34784 4.744436979293823
0 323 2 13148 21982 34784 4.73879599571228
0 324 1 15921 21982 34784 5.834968090057373
0 324 1 17004 21982 34784 4.79379415512085
1 325 0 19859 21982 34784 5.802809238433838
0 324 1 16691 21982 34784 4.667704105377197
1 325 0 19802 21982 34784 5.813930034637451
1 325 0 18564 21982 34784 4.7410993576049805
1 325 0 21030 21982 34784 5.7713329792022705
1 325 0 20008 21982 34784 4.673796653747559
0 324 1 17808 21982 34784 5.799269676208496
1 325 0 19068 21274 34784 4.768285036087036
0 324 1 19672 21274 34784 5.7896928787231445
1 325 0 17205 21274 34784 4.69827938079834
1 325 0 20960 21274 34784 5.7842857837677
1 325 0 17741 21274 34784 4.6854798793792725
0 324 1 17362 21274 34784 5.9871134757995605
1 325 0 19530 21274 34784 4.704303026199341
1 325 0 20332 21274 34784 5.918187379837036
1 325 0 16530 21274 34784 4.6918346881866455
1 325 0 20507 21274 34784 6.099395990371704
0 322 3 14914 25036 34784 5.009948492050171
0 323 2 15289 25036 34784 4.766517400741577
0 324 1 19239 25036 34784 4.7252891063690186
0 324 1 20051 25036 34784 4.797887325286865
0 323 2 15478 25036 34784 4.78204607963562
0 324 1 17509 25036 34784 4.791954278945923
0 323 2 18503 25036 34784 4.935149908065796
0 321 4 13731 25036 34784 4.905783176422119
0 324 1 19238 25036 34784 4.810506343841553
0 324 1 17590 25036 34784 4.724708795547485
0 324 1 24385 29209 34784 4.836601257324219
0 324 1 20500 29209 34784 4.719170808792114
0 324 1 20132 29209 34784 4.690049409866333
0 323 2 18804 29209 34784 4.700992822647095
0 323 2 20783 29209 34784 4.851131916046143
0 324 1 18306 29209 34784 4.976351261138916
0 323 2 17111 29209 34784 5.938827037811279
0 324 1 21329 29209 34784 4.701999187469482
0 324 1 21580 29209 34784 5.970906972885132
0 324 1 22485 29209 34784 4.671339273452759
0 323 2 16767 29616 34784 4.7643914222717285
0 324 1 14480 29616 34784 4.6979100704193115
0 324 1 26856 29616 34784 4.66949462890625
0 323 2 16431 29616 34784 5.86916971206665
1 325 0 28808 29616 34784 4.673499584197998
0 324 1 13641 29616 34784 5.819111108779907
0 324 1 13911 29616 34784 4.729448318481445
0 324 1 24910 29616 34784 5.700195789337158
0 323 2 15090 29616 34784 4.66902756690979
0 322 3 16603 29616 34784 5.732786178588867
1 325 0 20571 23116 34784 4.7050158977508545
0 324 1 19954 23116 34784 5.633599519729614
1 325 0 23063 23116 34784 4.733097076416016
1 325 0 21772 23116 34784 5.676149368286133
0 323 2 17920 23116 34784 4.730541467666626
0 324 1 11962 23116 34784 4.690215110778809
1 325 0 21013 23116 34784 4.734336853027344
1 325 0 22427 23116 34784 4.687695264816284
0 324 1 15689 23116 34784 4.6984405517578125
1 325 0 19377 23116 34784 4.7325119972229
1 325 0 20476 21962 34784 4.809751987457275
1 325 0 21918 21962 34784 4.744701385498047
0 324 1 16411 21962 34784 4.670149326324463
0 323 2 13975 21962 34784 5.952106714248657
0 324 1 15227 21962 34784 4.690115213394165
0 324 1 16182 21962 34784 5.97399377822876
0 324 1 16711 21962 34784 4.70293927192688
0 324 1 17145 21962 34784 5.924055814743042
0 324 1 17395 21962 34784 4.706541299819946
0 322 3 16041 21962 34784 5.940908193588257
1 325 0 21281 22554 34784 4.6739232540130615
1 325 0 14855 22554 34784 5.987649202346802
1 325 0 19313 22554 34784 4.659237623214722
0 324 1 19185 22554 34784 4.7522900104522705
0 324 1 16274 22554 34784 4.717327833175659
1 325 0 17473 22554 34784 4.742331504821777
1 325 0 20817 22554 34784 5.647030591964722
0 324 1 17868 22554 34784 4.87029767036438
1 325 0 21605 22554 34784 4.683344125747681
1 325 0 21719 22554 34784 4.655349493026733
