0 324 1 19906 26573 43480 6.559767723083496
1 325 0 24848 26573 43480 6.058270692825317
0 323 2 18734 26573 43480 5.755451679229736
1 325 0 25714 26573 43480 6.000819683074951
1 325 0 26119 26573 43480 7.155043601989746
0 323 2 14362 26573 43480 5.892248868942261
0 324 1 21295 26573 43480 6.060824394226074
0 323 2 22085 26573 43480 5.928587913513184
0 324 1 23316 26573 43480 7.167759895324707
1 325 0 26213 26573 43480 5.921838998794556
1 325 0 17485 18638 43480 5.9785544872283936
1 325 0 16621 18638 43480 6.252691984176636
1 325 0 16950 18638 43480 7.044023752212524
1 325 0 16660 18638 43480 5.913796901702881
1 325 0 17968 18638 43480 7.161701679229736
1 325 0 17993 18638 43480 6.068405866622925
1 325 0 16996 18638 43480 5.93011474609375
1 325 0 16569 18638 43480 5.863048315048218
1 325 0 16704 18638 43480 5.9876649379730225
0 324 1 15750 18638 43480 6.04964280128479
1 325 0 23605 24430 43480 6.1278932094573975
0 323 2 20095 24430 43480 5.8906238079071045
0 324 1 22176 24430 43480 5.948892593383789
0 324 1 21745 24430 43480 7.001397132873535
0 324 1 19088 24430 43480 5.964510679244995
0 324 1 15269 24430 43480 6.936063289642334
0 324 1 20258 24430 43480 6.1030285358428955
0 324 1 18381 24430 43480 6.909363746643066
0 324 1 21765 24430 43480 6.133405447006226
1 325 0 21430 24430 43480 6.040298938751221
0 323 2 14374 26137 43480 5.966587543487549
0 324 1 22774 26137 43480 7.0323145389556885
0 323 2 14379 26137 43480 6.01455545425415
0 322 3 15716 26137 43480 6.825566053390503
0 324 1 16049 26137 43480 5.873194217681885
1 325 0 25800 26137 43480 5.821743488311768
0 324 1 18065 26137 43480 5.850733995437622
0 324 1 13364 26137 43480 5.995671272277832
0 323 2 12361 26137 43480 5.933362722396851
0 324 1 12693 26137 43480 6.220666408538818
0 324 1 21121 24689 43480 5.846266508102417
1 325 0 21747 24689 43480 6.20521879196167
0 324 1 21698 24689 43480 7.178191661834717
1 325 0 24124 24689 43480 5.831855297088623
1 325 0 22400 24689 43480 6.982839822769165
1 325 0 22050 24689 43480 5.83218789100647
0 324 1 19711 24689 43480 6.965383291244507
1 325 0 23062 24689 43480 5.889596939086914
1 325 0 23130 24689 43480 6.888926029205322
1 325 0 21489 24689 43480 5.9145166873931885
1 325 0 23594 24016 43480 6.97160792350769
0 324 1 14682 24016 43480 6.038362264633179
0 323 2 16389 24016 43480 6.8525824546813965
0 324 1 19451 24016 43480 5.802116394042969
1 325 0 22357 24016 43480 5.78849983215332
0 324 1 16407 24016 43480 5.807379961013794
1 325 0 21852 24016 43480 6.043355226516724
0 324 1 18632 24016 43480 5.898355484008789
0 324 1 16308 24016 43480 5.888375520706177
1 325 0 22955 24016 43480 7.03361177444458
0 324 1 23714 26123 43480 6.024088382720947
0 324 1 21824 26123 43480 6.954729318618774
0 323 2 16384 26123 43480 5.969782590866089
0 323 2 18257 26123 43480 5.841365337371826
1 325 0 22503 26123 43480 5.948423624038696
0 324 1 24486 26123 43480 5.845669507980347
0 323 2 16186 26123 43480 5.880784749984741
0 324 1 19350 26123 43480 5.978658199310303
0 324 1 18284 26123 43480 6.935312271118164
0 324 1 18556 26123 43480 5.961548566818237
1 325 0 25071 25071 43480 7.009204626083374
1 325 0 24937 25071 43480 5.888274669647217
0 324 1 17865 25071 43480 5.931126594543457
1 325 0 25071 25071 43480 5.965620040893555
0 323 2 22955 25071 43480 5.9906275272369385
0 323 2 13727 25071 43480 5.798402786254883
0 324 1 21712 25071 43480 6.17082667350769
0 324 1 20618 25071 43480 6.956502199172974
0 323 2 22483 25071 43480 5.964916467666626
0 324 1 19199 25071 43480 5.8268187046051025
1 325 0 19405 21278 43480 6.121828317642212
0 324 1 17182 21278 43480 7.30012845993042
1 325 0 19754 21278 43480 6.143133640289307
1 325 0 20340 21278 43480 6.4218385219573975
1 325 0 19494 21278 43480 6.519579172134399
1 325 0 19141 21278 43480 6.015227556228638
0 324 1 14993 21278 43480 6.159362077713013
0 324 1 13502 21278 43480 6.347180366516113
0 323 2 16281 21278 43480 6.236703157424927
1 325 0 18674 21278 43480 7.096948623657227
1 325 0 20267 22180 43480 6.114678144454956
0 324 1 17320 22180 43480 7.168894529342651
1 325 0 21255 22180 43480 5.845847845077515
1 325 0 21001 22180 43480 5.9018874168396
0 324 1 15313 22180 43480 5.814847946166992
1 325 0 21495 22180 43480 7.1252121925354
1 325 0 19745 22180 43480 5.883949518203735
0 324 1 15011 22180 43480 6.987522840499878
1 325 0 21750 22180 43480 5.8689916133880615
1 325 0 21681 22180 43480 7.148290157318115
0 324 1 15718 25800 43480 5.952926158905029
0 323 2 13361 25800 43480 5.825995206832886
0 324 1 14039 25800 43480 5.842673063278198
0 324 1 15603 25800 43480 5.901874303817749
0 324 1 14933 25800 43480 5.859924793243408
0 324 1 15382 25800 43480 5.968182802200317
0 324 1 15386 25800 43480 7.008216857910156
0 324 1 15043 25800 43480 5.941530704498291
0 324 1 15382 25800 43480 6.935512542724609
0 323 2 13915 25800 43480 5.927748441696167
1 325 0 17836 20466 43480 5.941619396209717
1 325 0 14009 20466 43480 5.937674045562744
0 324 1 16894 20466 43480 5.910969972610474
0 324 1 17006 20466 43480 5.895851373672485
1 325 0 17928 20466 43480 5.969632148742676
1 325 0 19669 20466 43480 6.93010139465332
0 324 1 17128 20466 43480 6.045152902603149
1 325 0 17822 20466 43480 6.82973837852478
0 324 1 13998 20466 43480 5.918219804763794
0 324 1 16502 20466 43480 5.863690137863159
0 324 1 25524 31523 43480 5.886399269104004
0 324 1 22833 31523 43480 5.8901526927948
0 323 2 23508 31523 43480 5.830255031585693
0 324 1 28999 31523 43480 5.860550880432129
0 324 1 25918 31523 43480 6.9786217212677
0 324 1 27766 31523 43480 5.983593702316284
1 325 0 29838 31523 43480 6.984868049621582
0 323 2 24067 31523 43480 6.12604832649231
0 324 1 21154 31523 43480 6.951023578643799
0 324 1 22950 31523 43480 5.814215898513794
1 325 0 27425 28700 43480 5.891417980194092
1 325 0 27539 28700 43480 5.913721323013306
1 325 0 28606 28700 43480 5.824385643005371
1 325 0 28162 28700 43480 5.940841913223267
1 325 0 27552 28700 43480 6.145880937576294
1 325 0 27534 28700 43480 6.9057722091674805
0 324 1 22240 28700 43480 6.113393783569336
1 325 0 27295 28700 43480 6.781133651733398
0 324 1 21768 28700 43480 5.840834617614746
0 324 1 24298 28700 43480 5.896666526794434
1 325 0 23733 24729 43480 5.794135808944702
0 324 1 17525 24729 43480 5.924867153167725
0 324 1 16881 24729 43480 5.870337963104248
0 324 1 21224 24729 43480 6.11752986907959
1 325 0 23395 24729 43480 6.945003032684326
0 324 1 21020 24729 43480 5.920206785202026
0 323 2 17734 24729 43480 5.948749303817749
1 325 0 23960 24729 43480 6.027786731719971
0 324 1 15298 24729 43480 5.923445701599121
1 325 0 23702 24729 43480 5.912080764770508
0 324 1 19276 22975 43480 5.991109609603882
0 324 1 17581 22975 43480 6.0305023193359375
1 325 0 22417 22975 43480 5.833420276641846
1 325 0 22437 22975 43480 5.7967329025268555
0 324 1 19212 22975 43480 5.881191253662109
0 324 1 15044 22975 43480 6.003387212753296
0 324 1 17649 22975 43480 5.813000917434692
0 324 1 18292 22975 43480 5.894947528839111
0 324 1 19798 22975 43480 5.816398859024048
1 325 0 22833 22975 43480 5.850714445114136
1 325 0 19003 20396 43480 5.935438871383667
1 325 0 19901 20396 43480 5.903783321380615
1 325 0 19480 20396 43480 5.8761467933654785
0 324 1 18278 20396 43480 5.888004779815674
0 323 2 11340 20396 43480 5.8614091873168945
0 324 1 12691 20396 43480 5.851531505584717
0 324 1 14999 20396 43480 5.813601970672607
0 323 2 10623 20396 43480 5.887702465057373
0 323 2 14895 20396 43480 5.984020233154297
0 324 1 17148 20396 43480 7.137418508529663
1 325 0 27709 28737 43480 5.930403232574463
1 325 0 28197 28737 43480 5.833885192871094
1 325 0 27306 28737 43480 5.851208209991455
1 325 0 26135 28737 43480 5.805696249008179
1 325 0 22024 28737 43480 5.7833497524261475
1 325 0 27175 28737 43480 5.77848482131958
1 325 0 26834 28737 43480 5.8272364139556885
1 325 0 25636 28737 43480 5.763915777206421
1 325 0 27584 28737 43480 6.0728230476379395
1 325 0 27804 28737 43480 6.849488973617554
0 324 1 13167 19184 43480 6.0415263175964355
0 324 1 15019 19184 43480 5.891950607299805
0 324 1 14746 19184 43480 5.805543661117554
0 324 1 15586 19184 43480 5.899038314819336
1 325 0 18700 19184 43480 5.8653998374938965
0 324 1 8950 19184 43480 5.975488185882568
0 324 1 13991 19184 43480 6.925421953201294
0 324 1 14480 19184 43480 6.131250619888306
0 323 2 13820 19184 43480 6.781924724578857
0 323 2 12155 19184 43480 5.967415809631348
0 324 1 13824 20380 43480 5.883469343185425
0 324 1 15751 20380 43480 5.940961599349976
1 325 0 19379 20380 43480 6.0173211097717285
1 325 0 19232 20380 43480 5.935004711151123
1 325 0 20380 20380 43480 5.963082313537598
0 324 1 17490 20380 43480 5.937087297439575
1 325 0 19503 20380 43480 5.974426507949829
0 323 2 15597 20380 43480 5.92337965965271
1 325 0 20359 20380 43480 5.836429119110107
1 325 0 19503 20380 43480 6.0149102210998535
0 324 1 16615 25348 43480 6.022798299789429
0 323 2 16284 25348 43480 5.8836352825164795
0 324 1 17115 25348 43480 5.8870580196380615
0 323 2 15627 25348 43480 5.85356593132019
0 324 1 15754 25348 43480 6.047682523727417
0 324 1 15738 25348 43480 7.102453231811523
0 324 1 13215 25348 43480 5.902884483337402
0 324 1 21791 25348 43480 6.0531792640686035
0 324 1 15813 25348 43480 5.9352545738220215
0 324 1 13440 25348 43480 7.006488800048828
1 325 0 16170 16731 43480 6.052347421646118
1 325 0 15251 16731 43480 6.9003565311431885
0 324 1 16554 16731 43480 5.999979496002197
0 324 1 11114 16731 43480 6.9759790897369385
1 325 0 15549 16731 43480 6.220476150512695
0 324 1 11001 16731 43480 6.817966938018799
0 324 1 11393 16731 43480 5.994937419891357
0 324 1 9226 16731 43480 5.880745887756348
1 325 0 15585 16731 43480 5.905474901199341
0 324 1 8676 16731 43480 5.914756536483765
1 325 0 26807 26931 43480 5.903480768203735
1 325 0 26647 26931 43480 5.94969367980957
1 325 0 26688 26931 43480 5.907873153686523
1 325 0 25929 26931 43480 5.771065711975098
1 325 0 26403 26931 43480 5.8625710010528564
0 324 1 22472 26931 43480 5.868805646896362
1 325 0 26340 26931 43480 5.849489212036133
1 325 0 25459 26931 43480 7.074312925338745
1 325 0 23306 26931 43480 5.899152517318726
0 324 1 19075 26931 43480 7.059442043304443
0 324 1 16223 22741 43480 5.799015998840332
0 324 1 16960 22741 43480 5.884546518325806
0 323 2 17837 22741 43480 5.8864336013793945
0 324 1 12928 22741 43480 5.776061534881592
0 324 1 11047 22741 43480 5.896052598953247
0 323 2 13605 22741 43480 5.865358829498291
0 324 1 14608 22741 43480 7.060983419418335
0 323 2 11993 22741 43480 5.873955011367798
0 324 1 11858 22741 43480 7.056548357009888
1 325 0 15548 22741 43480 5.97367525100708
1 325 0 25864 26208 43480 6.932255506515503
0 324 1 14701 26208 43480 6.12610125541687
0 324 1 12808 26208 43480 6.922167539596558
0 324 1 13705 26208 43480 5.954939365386963
0 324 1 16785 26208 43480 6.025865793228149
0 324 1 15602 26208 43480 6.072284698486328
0 324 1 16725 26208 43480 7.1888439655303955
0 324 1 17227 26208 43480 6.076390743255615
0 324 1 13417 26208 43480 6.971698045730591
0 323 2 20291 26208 43480 6.150494813919067
0 324 1 14069 25279 43480 6.752379417419434
0 324 1 16523 25279 43480 5.9994401931762695
0 323 2 21041 25279 43480 5.995507717132568
0 324 1 22369 25279 43480 5.907571315765381
0 324 1 14844 25279 43480 7.054278373718262
0 324 1 17101 25279 43480 6.0255210399627686
0 324 1 21207 25279 43480 7.041532516479492
1 325 0 25279 25279 43480 6.03105354309082
1 325 0 25016 25279 43480 7.10825514793396
0 323 2 13027 25279 43480 5.845845460891724
1 325 0 16548 20455 43480 5.850498676300049
1 325 0 18655 20455 43480 5.910796642303467
0 324 1 17906 20455 43480 5.796838283538818
1 325 0 18286 20455 43480 5.754826068878174
1 325 0 17275 20455 43480 5.913731336593628
1 325 0 17981 20455 43480 7.079898118972778
1 325 0 18791 20455 43480 5.875874280929565
1 325 0 18553 20455 43480 6.929277420043945
1 325 0 19975 20455 43480 5.891247034072876
1 325 0 19128 20455 43480 6.802601099014282
0 323 2 12255 20186 43480 5.979677677154541
0 323 2 13476 20186 43480 6.9484241008758545
1 325 0 20186 20186 43480 5.8818254470825195
1 325 0 14379 20186 43480 6.920867443084717
0 324 1 13556 20186 43480 6.026120185852051
0 324 1 14882 20186 43480 6.981982946395874
0 324 1 12319 20186 43480 5.702743768692017
1 325 0 14888 20186 43480 5.693854570388794
1 325 0 19242 20186 43480 5.869309186935425
0 324 1 13363 20186 43480 5.71606969833374
1 325 0 27426 27711 43480 5.918529272079468
0 324 1 20122 27711 43480 5.825186491012573
1 325 0 25574 27711 43480 5.6554114818573
0 324 1 22319 27711 43480 5.793611288070679
0 324 1 22844 27711 43480 5.85936164855957
0 324 1 20156 27711 43480 7.021238327026367
1 325 0 25239 27711 43480 5.724152326583862
0 323 2 19027 27711 43480 6.959228515625
1 325 0 26078 27711 43480 5.689615726470947
0 324 1 21998 27711 43480 5.9600489139556885
0 322 3 20871 27933 43480 5.857910871505737
0 323 2 19301 27933 43480 5.888806104660034
0 323 2 24233 27933 43480 6.815625190734863
0 322 3 18519 27933 43480 5.987142086029053
0 323 2 17180 27933 43480 5.795403957366943
0 323 2 15603 27933 43480 5.8545427322387695
0 323 2 23224 27933 43480 5.843528509140015
0 324 1 24237 27933 43480 5.6629111766815186
0 323 2 23559 27933 43480 5.66776967048645
0 324 1 25240 27933 43480 5.689037322998047
0 324 1 18296 27370 43480 5.873236179351807
0 323 2 18188 27370 43480 5.887394905090332
0 324 1 25613 27370 43480 6.827586889266968
0 323 2 19527 27370 43480 5.859532833099365
0 324 1 24192 27370 43480 6.8836915493011475
1 325 0 26734 27370 43480 5.74580717086792
0 324 1 17586 27370 43480 6.870713233947754
0 323 2 17550 27370 43480 5.772901296615601
0 324 1 19560 27370 43480 6.968789577484131
0 324 1 17993 27370 43480 5.826502799987793
0 321 4 14261 25801 43480 5.9079954624176025
0 322 3 10393 25801 43480 5.8994834423065186
0 322 3 14707 25801 43480 6.000357389450073
0 323 2 19466 25801 43480 6.88050651550293
0 323 2 11739 25801 43480 5.851467132568359
0 321 4 11741 25801 43480 5.760645151138306
0 323 2 13083 25801 43480 5.877527475357056
0 323 2 12410 25801 43480 5.768254280090332
0 323 2 21264 25801 43480 5.842375755310059
0 323 2 15101 25801 43480 5.765188694000244
1 325 0 24832 25506 43480 5.876047134399414
0 324 1 19938 25506 43480 5.682414770126343
1 325 0 25506 25506 43480 5.741927623748779
0 324 1 17585 25506 43480 6.896090745925903
0 324 1 18595 25506 43480 5.758344650268555
0 324 1 19458 25506 43480 6.944214582443237
0 324 1 17580 25506 43480 5.878222942352295
1 325 0 25121 25506 43480 5.736144304275513
0 324 1 23126 25506 43480 5.684388637542725
1 325 0 25506 25506 43480 5.733881711959839
0 322 3 15940 24453 43480 6.988909959793091
0 324 1 13246 24453 43480 5.77142858505249
1 325 0 24453 24453 43480 6.855828523635864
0 324 1 20644 24453 43480 5.860362529754639
0 323 2 19300 24453 43480 6.990521430969238
0 323 2 15722 24453 43480 5.679143190383911
0 322 3 12127 24453 43480 5.735023498535156
0 323 2 15943 24453 43480 5.814281463623047
0 323 2 19300 24453 43480 5.869513273239136
0 324 1 16830 24453 43480 6.8028998374938965
0 323 2 17089 24296 43480 5.816988706588745
0 324 1 12646 24296 43480 6.983532667160034
0 324 1 15696 24296 43480 6.083613634109497
0 323 2 14820 24296 43480 6.707816123962402
0 324 1 15069 24296 43480 5.6451170444488525
0 323 2 11972 24296 43480 5.80400013923645
0 324 1 15068 24296 43480 5.790362596511841
0 324 1 13993 24296 43480 5.777669668197632
0 324 1 13677 24296 43480 6.805241584777832
0 324 1 14664 24296 43480 5.737956762313843
0 324 1 16394 25576 43480 7.03321647644043
0 323 2 18183 25576 43480 5.7573606967926025
0 324 1 20644 25576 43480 6.900182247161865
0 324 1 17067 25576 43480 5.706954002380371
1 325 0 25351 25576 43480 5.692031621932983
0 324 1 16837 25576 43480 5.761422157287598
0 323 2 20200 25576 43480 5.7807416915893555
0 324 1 23225 25576 43480 6.925274610519409
0 324 1 20530 25576 43480 5.744536399841309
0 324 1 15499 25576 43480 6.9688756465911865
1 325 0 22914 24792 43480 5.833872556686401
1 325 0 23128 24792 43480 6.9043543338775635
0 323 2 17591 24792 43480 5.900708913803101
1 325 0 24165 24792 43480 6.996725559234619
1 325 0 23926 24792 43480 5.8007590770721436
1 325 0 22918 24792 43480 7.0167014598846436
1 325 0 24527 24792 43480 5.851508140563965
0 323 2 16230 24792 43480 6.931684494018555
1 325 0 23968 24792 43480 5.74347186088562
1 325 0 24042 24792 43480 7.396465063095093
0 324 1 20667 24777 43480 6.097801446914673
0 323 2 19013 24777 43480 6.608996391296387
0 322 3 19634 24777 43480 5.859818935394287
0 324 1 19132 24777 43480 6.858750343322754
0 324 1 19248 24777 43480 6.002017498016357
0 324 1 21138 24777 43480 6.741051197052002
0 324 1 20447 24777 43480 5.926061391830444
0 323 2 21330 24777 43480 6.655638694763184
0 324 1 23580 24777 43480 5.942176580429077
0 324 1 20286 24777 43480 6.855424404144287
0 324 1 19018 23558 43480 5.951010465621948
0 324 1 20365 23558 43480 6.71696138381958
0 323 2 11121 23558 43480 5.9987547397613525
0 322 3 12974 23558 43480 6.915587425231934
1 325 0 22547 23558 43480 6.089696645736694
0 324 1 12632 23558 43480 6.758103847503662
0 323 2 12969 23558 43480 5.7996742725372314
1 325 0 23221 23558 43480 5.855135917663574
0 324 1 11458 23558 43480 5.833585023880005
0 324 1 18178 23558 43480 5.663550615310669
0 323 2 13848 24209 43480 5.776244878768921
1 325 0 23865 24209 43480 5.683667898178101
0 323 2 17755 24209 43480 5.708972930908203
1 325 0 23203 24209 43480 5.667993068695068
0 324 1 15202 24209 43480 5.889570713043213
0 324 1 21026 24209 43480 5.731279611587524
1 325 0 22997 24209 43480 5.858033657073975
0 324 1 22436 24209 43480 6.044111728668213
1 325 0 23422 24209 43480 5.831709623336792
0 324 1 16847 24209 43480 5.789456129074097
0 324 1 17176 25239 43480 5.791203022003174
0 323 2 18516 25239 43480 5.8189167976379395
0 324 1 22885 25239 43480 5.7307305335998535
0 323 2 21548 25239 43480 5.6760828495025635
0 324 1 16833 25239 43480 5.838364601135254
0 324 1 17509 25239 43480 5.826677322387695
0 324 1 18518 25239 43480 6.925166130065918
0 323 2 13143 25239 43480 5.850169897079468
0 323 2 15159 25239 43480 6.885579824447632
0 323 2 21877 25239 43480 5.724454879760742
0 323 2 14495 20031 43480 5.7477498054504395
1 325 0 20031 20031 43480 5.715392112731934
0 324 1 15621 20031 43480 5.790167331695557
1 325 0 15412 20031 43480 6.95097017288208
0 324 1 14673 20031 43480 5.825191974639893
1 325 0 19510 20031 43480 7.017688751220703
1 325 0 19061 20031 43480 5.90488600730896
0 324 1 17494 20031 43480 6.820180416107178
0 324 1 15878 20031 43480 5.920495510101318
0 324 1 15734 20031 43480 6.920174598693848
0 323 2 16548 23576 43480 5.823859930038452
1 325 0 16160 23576 43480 6.928325653076172
1 325 0 17391 23576 43480 5.807311058044434
1 325 0 22138 23576 43480 6.995192050933838
0 323 2 11632 23576 43480 5.718458414077759
0 324 1 13150 23576 43480 6.989336967468262
0 323 2 17033 23576 43480 5.807157039642334
0 323 2 13303 23576 43480 7.0421977043151855
1 325 0 23108 23576 43480 5.884039402008057
1 325 0 15921 23576 43480 6.916991710662842
0 324 1 12748 22467 43480 5.846058368682861
0 324 1 19064 22467 43480 6.884349584579468
0 323 2 20071 22467 43480 5.81494140625
0 324 1 13849 22467 43480 6.867767333984375
0 323 2 19810 22467 43480 5.903459072113037
0 324 1 13040 22467 43480 6.825742721557617
0 324 1 10989 22467 43480 5.792425870895386
0 324 1 19411 22467 43480 6.902735471725464
1 325 0 20456 22467 43480 5.774339914321899
0 324 1 17183 22467 43480 5.895075082778931
0 323 2 26588 27932 43480 5.71658992767334
0 324 1 17732 27932 43480 5.92316198348999
0 323 2 17731 27932 43480 6.684184551239014
0 323 2 22890 27932 43480 6.070848703384399
0 322 3 19868 27932 43480 6.768856525421143
0 323 2 17508 27932 43480 5.7627129554748535
0 321 4 13141 27932 43480 5.795130252838135
0 323 2 14702 27932 43480 5.771788597106934
0 323 2 18855 27932 43480 5.807971954345703
0 322 3 15494 27932 43480 5.8696608543396
1 325 0 24201 24488 43480 5.7802183628082275
1 325 0 23525 24488 43480 5.713053941726685
0 324 1 17648 24488 43480 5.820872783660889
0 324 1 21631 24488 43480 5.867974758148193
0 324 1 21618 24488 43480 5.883154392242432
1 325 0 22875 24488 43480 6.27044415473938
1 325 0 23505 24488 43480 5.881653308868408
1 325 0 24252 24488 43480 5.855186939239502
0 323 2 19328 24488 43480 5.8629631996154785
1 325 0 22247 24488 43480 5.768490314483643
0 324 1 17968 26586 43480 5.8144989013671875
0 324 1 12474 26586 43480 5.844296932220459
0 323 2 23677 26586 43480 6.960382461547852
0 323 2 16283 26586 43480 5.7735371589660645
0 324 1 14155 26586 43480 6.8302507400512695
0 324 1 18974 26586 43480 5.7423927783966064
0 323 2 17625 26586 43480 6.83850622177124
0 323 2 17628 26586 43480 5.80479884147644
0 324 1 20873 26586 43480 7.012098789215088
0 324 1 12809 26586 43480 5.745566129684448
0 324 1 10726 22234 43480 7.048298358917236
0 324 1 20509 22234 43480 5.685454845428467
0 324 1 14764 22234 43480 7.014344930648804
0 324 1 13568 22234 43480 5.725719928741455
0 323 2 11387 22234 43480 7.102160215377808
0 324 1 14901 22234 43480 5.815954685211182
0 324 1 10479 22234 43480 6.963465690612793
0 324 1 14004 22234 43480 5.866157531738281
0 324 1 14076 22234 43480 7.006490230560303
0 324 1 14599 22234 43480 5.785256385803223
1 325 0 24074 25119 43480 5.860368251800537
0 324 1 18782 25119 43480 5.726600408554077
1 325 0 24101 25119 43480 5.981076717376709
0 323 2 16456 25119 43480 6.739792346954346
1 325 0 24962 25119 43480 5.825371503829956
1 325 0 24383 25119 43480 7.000156402587891
0 324 1 21455 25119 43480 6.027638673782349
1 325 0 23743 25119 43480 6.707005500793457
1 325 0 25119 25119 43480 6.0236594676971436
0 324 1 22213 25119 43480 6.6853039264678955
0 323 2 12218 21131 43480 5.985296249389648
0 324 1 10357 21131 43480 6.7870776653289795
0 324 1 10728 21131 43480 5.856669187545776
0 324 1 19181 21131 43480 7.005209922790527
0 324 1 9886 21131 43480 5.881716251373291
0 324 1 10451 21131 43480 6.690222263336182
0 324 1 10977 21131 43480 5.678800344467163
0 324 1 10692 21131 43480 6.982874393463135
0 324 1 13629 21131 43480 5.960930824279785
0 324 1 12710 21131 43480 6.983388662338257
0 324 1 15830 25800 43480 6.100198030471802
0 324 1 10223 25800 43480 6.7629430294036865
0 324 1 14037 25800 43480 5.720487356185913
0 324 1 13250 25800 43480 5.839714050292969
0 324 1 11570 25800 43480 5.844360113143921
0 324 1 13812 25800 43480 5.734469175338745
0 324 1 11570 25800 43480 5.726360559463501
0 324 1 17624 25800 43480 5.798583269119263
0 324 1 10900 25800 43480 5.78757119178772
0 324 1 15157 25800 43480 5.811814308166504
1 325 0 22033 22534 43480 5.853104591369629
0 324 1 16861 22534 43480 6.852695465087891
0 324 1 13144 22534 43480 5.803681135177612
0 324 1 14890 22534 43480 7.1161112785339355
0 323 2 17099 22534 43480 5.744828701019287
0 324 1 18029 22534 43480 6.894496440887451
0 324 1 11037 22534 43480 5.817323446273804
1 325 0 21838 22534 43480 6.995561599731445
1 325 0 21142 22534 43480 5.833904981613159
1 325 0 21763 22534 43480 6.888418197631836
0 324 1 17179 22436 43480 5.923933267593384
1 325 0 22099 22436 43480 6.969538927078247
0 324 1 19419 22436 43480 6.054448843002319
0 324 1 19418 22436 43480 7.116252183914185
0 324 1 19193 22436 43480 5.852043867111206
0 324 1 18855 22436 43480 6.910658359527588
0 324 1 19754 22436 43480 5.980794906616211
0 324 1 18073 22436 43480 6.741196155548096
1 325 0 22436 22436 43480 5.963356971740723
0 323 2 17849 22436 43480 6.802782773971558
0 324 1 19009 28282 43480 5.857715368270874
0 323 2 17213 28282 43480 5.7748026847839355
1 325 0 27939 28282 43480 5.922552824020386
0 324 1 16433 28282 43480 5.919549465179443
1 325 0 16504 28282 43480 5.822598218917847
1 325 0 27080 28282 43480 5.831521034240723
0 324 1 18308 28282 43480 5.832521438598633
1 325 0 28234 28282 43480 5.701809883117676
0 324 1 23378 28282 43480 6.013011693954468
0 324 1 18197 28282 43480 6.809345483779907
0 324 1 14503 29228 43480 6.113389253616333
1 325 0 28562 29228 43480 6.790722370147705
1 325 0 28209 29228 43480 5.828302621841431
0 324 1 20178 29228 43480 6.7529802322387695
0 324 1 25792 29228 43480 5.983776569366455
0 324 1 25176 29228 43480 6.8077943325042725
1 325 0 25496 29228 43480 5.949288368225098
0 324 1 21126 29228 43480 5.7782392501831055
0 324 1 24921 29228 43480 5.870574712753296
0 324 1 21235 29228 43480 5.796560764312744
0 324 1 17665 26883 43480 5.79111385345459
0 324 1 20421 26883 43480 5.796615123748779
0 324 1 16317 26883 43480 5.775351285934448
0 323 2 18971 26883 43480 5.796337604522705
0 322 3 16384 26883 43480 5.874495506286621
0 324 1 17293 26883 43480 6.99511456489563
0 324 1 25089 26883 43480 5.7405219078063965
0 324 1 20455 26883 43480 6.94286322593689
0 323 2 23595 26883 43480 5.812283277511597
0 324 1 16957 26883 43480 6.885504484176636
0 323 2 17017 24256 43480 5.828736782073975
0 324 1 19448 24256 43480 6.902636766433716
0 324 1 22184 24256 43480 5.786748170852661
0 324 1 14722 24256 43480 6.859804630279541
0 324 1 19386 24256 43480 5.704238176345825
1 325 0 23266 24256 43480 5.818096399307251
0 324 1 20095 24256 43480 5.693899631500244
0 324 1 17813 24256 43480 5.734805107116699
0 324 1 17520 24256 43480 6.917757034301758
0 324 1 17390 24256 43480 5.6723151206970215
1 325 0 22757 23820 43480 5.848296642303467
1 325 0 16937 23820 43480 5.8816328048706055
0 324 1 16936 23820 43480 5.944408655166626
0 323 2 15997 23820 43480 6.766806125640869
0 323 2 14530 23820 43480 6.003365516662598
0 323 2 16320 23820 43480 6.895705699920654
0 323 2 13833 23820 43480 6.090258359909058
0 323 2 14725 23820 43480 6.651746034622192
0 323 2 12836 23820 43480 5.668616533279419
0 323 2 14185 23820 43480 5.729017496109009
1 325 0 25574 25574 43480 5.713311433792114
0 324 1 24566 25574 43480 6.032036304473877
0 324 1 17980 25574 43480 6.75890326499939
1 325 0 24969 25574 43480 5.822056293487549
0 324 1 17105 25574 43480 5.717214107513428
0 324 1 22747 25574 43480 5.755757570266724
0 323 2 19129 25574 43480 5.75226902961731
0 323 2 19803 25574 43480 5.7454023361206055
0 322 3 18117 25574 43480 5.9272541999816895
0 324 1 17981 25574 43480 5.7693822383880615
0 324 1 20821 24654 43480 5.733928918838501
0 324 1 16717 24654 43480 5.717326641082764
0 324 1 21879 24654 43480 7.090808391571045
0 324 1 21576 24654 43480 5.824944496154785
1 325 0 24020 24654 43480 6.965357303619385
0 324 1 20003 24654 43480 5.8030571937561035
0 324 1 18029 24654 43480 6.934159994125366
1 325 0 24505 24654 43480 5.862477779388428
0 324 1 21854 24654 43480 6.966725826263428
0 324 1 21317 24654 43480 5.732097864151001
0 324 1 12232 19979 43480 7.108028888702393
0 324 1 15870 19979 43480 5.899332761764526
0 324 1 14522 19979 43480 6.9457848072052
0 324 1 14242 19979 43480 5.81760835647583
1 325 0 19808 19979 43480 7.1306188106536865
0 324 1 15069 19979 43480 6.010205984115601
0 324 1 16152 19979 43480 6.846442222595215
0 324 1 15774 19979 43480 5.9653801918029785
0 324 1 15593 19979 43480 6.7994771003723145
0 324 1 15112 19979 43480 5.938157796859741
0 324 1 17234 21340 43480 6.729804992675781
0 323 2 12970 21340 43480 5.946048259735107
0 323 2 18792 21340 43480 6.876719236373901
0 324 1 17627 21340 43480 5.934676885604858
1 325 0 17398 21340 43480 6.846528768539429
0 323 2 14672 21340 43480 5.909836530685425
1 325 0 21168 21340 43480 6.793151140213013
1 325 0 20788 21340 43480 5.922745943069458
0 323 2 15440 21340 43480 6.798108100891113
1 325 0 18946 21340 43480 5.948359251022339
0 324 1 19689 25075 43480 6.8157408237457275
0 324 1 16702 25075 43480 5.7619006633758545
1 325 0 23122 25075 43480 7.061262607574463
0 324 1 17237 25075 43480 5.797871828079224
1 325 0 18497 25075 43480 6.842499494552612
1 325 0 23959 25075 43480 5.753727912902832
1 325 0 23632 25075 43480 6.846094846725464
0 324 1 19694 25075 43480 5.644902229309082
1 325 0 24437 25075 43480 5.66614842414856
1 325 0 24431 25075 43480 5.632625341415405
0 324 1 15936 22213 43480 5.718150854110718
0 324 1 17168 22213 43480 5.738580226898193
0 323 2 13806 22213 43480 5.72724175453186
1 325 0 21314 22213 43480 5.72764778137207
0 322 3 13927 22213 43480 6.9257354736328125
0 324 1 17839 22213 43480 5.74622106552124
0 324 1 17055 22213 43480 6.973042964935303
0 323 2 14032 22213 43480 5.886687517166138
0 324 1 16829 22213 43480 7.008586406707764
0 324 1 19519 22213 43480 5.7563934326171875
1 325 0 25228 26054 43480 5.726308107376099
1 325 0 25618 26054 43480 5.805395603179932
1 325 0 25743 26054 43480 5.816431999206543
1 325 0 25548 26054 43480 6.93821382522583
0 324 1 20108 26054 43480 5.707038879394531
1 325 0 22257 26054 43480 6.961495399475098
0 324 1 18127 26054 43480 5.770554065704346
1 325 0 24765 26054 43480 6.873103618621826
0 324 1 16815 26054 43480 5.790462493896484
0 324 1 16606 26054 43480 5.719582796096802
0 323 2 13485 18635 43480 5.808798789978027
0 324 1 12852 18635 43480 5.894014835357666
0 324 1 10376 18635 43480 6.931419134140015
0 324 1 10849 18635 43480 5.851841688156128
0 324 1 16923 18635 43480 6.968954563140869
0 324 1 8778 18635 43480 5.834778547286987
0 324 1 10173 18635 43480 6.804173231124878
0 324 1 8691 18635 43480 5.777818202972412
0 324 1 15752 18635 43480 6.788089275360107
1 325 0 18635 18635 43480 5.761044263839722
0 324 1 15664 20922 43480 7.051915645599365
0 324 1 15665 20922 43480 5.827989816665649
0 324 1 15449 20922 43480 7.105276107788086
0 323 2 19301 20922 43480 5.865143537521362
0 324 1 16277 20922 43480 6.895503759384155
0 324 1 16827 20922 43480 5.954030275344849
0 324 1 16032 20922 43480 6.863287925720215
0 324 1 15540 20922 43480 5.8716676235198975
0 324 1 14870 20922 43480 6.825221061706543
0 324 1 16244 20922 43480 5.805437326431274
1 325 0 26011 27023 43480 6.797205448150635
0 323 2 18052 27023 43480 5.731868028640747
0 324 1 22163 27023 43480 7.093731164932251
0 324 1 22473 27023 43480 5.786458969116211
0 324 1 21800 27023 43480 6.946120262145996
0 324 1 19606 27023 43480 5.897227048873901
1 325 0 26746 27023 43480 6.864596605300903
0 324 1 21387 27023 43480 5.899974346160889
0 324 1 21521 27023 43480 6.957397699356079
0 324 1 23541 27023 43480 5.9430623054504395
0 323 2 12429 23695 43480 6.812902450561523
1 325 0 23363 23695 43480 5.785773992538452
0 324 1 16649 23695 43480 6.975470781326294
0 323 2 14738 23695 43480 5.813900947570801
0 324 1 20578 23695 43480 6.863088130950928
0 324 1 17966 23695 43480 5.697953224182129
0 324 1 14890 23695 43480 6.914694547653198
0 324 1 16669 23695 43480 5.727282762527466
0 324 1 20619 23695 43480 5.884084701538086
0 324 1 17565 23695 43480 5.866276264190674
1 325 0 16465 18100 43480 6.146044969558716
1 325 0 15866 18100 43480 6.754281520843506
1 325 0 15866 18100 43480 6.047737121582031
1 325 0 13796 18100 43480 6.71065092086792
0 324 1 13804 18100 43480 6.022729396820068
0 324 1 12644 18100 43480 6.755967855453491
1 325 0 13796 18100 43480 5.669148683547974
0 324 1 11393 18100 43480 5.841997385025024
0 324 1 14313 18100 43480 5.69487738609314
0 324 1 14133 18100 43480 5.703056812286377
1 325 0 17240 18370 43480 5.871407747268677
1 325 0 16713 18370 43480 5.8503522872924805
1 325 0 17256 18370 43480 5.692368507385254
1 325 0 16356 18370 43480 5.695487022399902
1 325 0 18234 18370 43480 5.75247049331665
0 324 1 15665 18370 43480 5.785589218139648
0 324 1 16268 18370 43480 5.641399383544922
1 325 0 17553 18370 43480 5.7827746868133545
0 324 1 13206 18370 43480 7.04003119468689
1 325 0 15739 18370 43480 5.667278051376343
1 325 0 18012 18796 43480 5.86186957359314
0 324 1 13266 18796 43480 5.95616602897644
0 324 1 14773 18796 43480 5.768761157989502
1 325 0 18401 18796 43480 6.775815010070801
0 324 1 12934 18796 43480 5.808681964874268
0 323 2 15816 18796 43480 7.066898345947266
0 324 1 14039 18796 43480 6.0161402225494385
0 324 1 11126 18796 43480 6.778442621231079
0 323 2 11293 18796 43480 5.865696668624878
1 325 0 18001 18796 43480 6.835035562515259
0 323 2 16055 25980 43480 5.958639621734619
1 325 0 25285 25980 43480 6.786893367767334
0 324 1 18698 25980 43480 6.128548622131348
0 324 1 18822 25980 43480 6.844316482543945
1 325 0 25980 25980 43480 5.864324331283569
0 323 2 18824 25980 43480 5.791853189468384
0 323 2 18319 25980 43480 5.817673444747925
1 325 0 25611 25980 43480 5.88216495513916
0 324 1 17498 25980 43480 5.8272223472595215
0 324 1 17499 25980 43480 5.8405327796936035
0 324 1 14650 21436 43480 7.006370306015015
0 324 1 11408 21436 43480 5.813420057296753
0 324 1 11797 21436 43480 6.864624500274658
0 323 2 13931 21436 43480 5.822494745254517
0 324 1 13936 21436 43480 7.053649663925171
0 324 1 13957 21436 43480 5.652646064758301
0 324 1 13656 21436 43480 7.051067113876343
0 324 1 10665 21436 43480 5.96890115737915
0 324 1 14618 21436 43480 6.994269371032715
0 324 1 15255 21436 43480 5.7804765701293945
1 325 0 22599 26749 43480 6.860494375228882
1 325 0 25641 26749 43480 5.826708078384399
0 324 1 19649 26749 43480 7.0489726066589355
1 325 0 22603 26749 43480 6.0143821239471436
1 325 0 24315 26749 43480 6.7868006229400635
1 325 0 20827 26749 43480 6.188214540481567
1 325 0 25977 26749 43480 6.822391748428345
1 325 0 25106 26749 43480 6.0211029052734375
1 325 0 26198 26749 43480 6.869438886642456
1 325 0 22927 26749 43480 5.751130104064941
0 324 1 18688 25743 43480 5.81020712852478
0 323 2 16184 25743 43480 5.821470022201538
0 324 1 17339 25743 43480 5.7437965869903564
0 324 1 17062 25743 43480 5.785631418228149
0 324 1 22438 25743 43480 5.786103010177612
0 324 1 17885 25743 43480 5.867392301559448
1 325 0 25743 25743 43480 5.839484691619873
0 323 2 21298 25743 43480 5.950305461883545
1 325 0 24382 25743 43480 6.879256963729858
1 325 0 25406 25743 43480 6.012613534927368
0 323 2 13094 21714 43480 6.850169897079468
0 323 2 14976 21714 43480 6.056377172470093
0 324 1 16305 21714 43480 6.781811475753784
0 323 2 13668 21714 43480 5.814298152923584
0 324 1 18178 21714 43480 5.649451971054077
0 324 1 14421 21714 43480 5.861164331436157
0 324 1 18998 21714 43480 5.892214775085449
1 325 0 21063 21714 43480 5.825898170471191
0 324 1 18348 21714 43480 5.731175184249878
0 324 1 17479 21714 43480 5.842047214508057
0 324 1 22456 23053 43480 5.820108652114868
0 323 2 13097 23053 43480 5.765013217926025
0 324 1 19346 23053 43480 6.9982757568359375
0 322 3 13145 23053 43480 5.8250133991241455
0 324 1 20092 23053 43480 6.790976285934448
0 324 1 12521 23053 43480 5.735367298126221
1 325 0 22803 23053 43480 6.978009462356567
1 325 0 23053 23053 43480 5.689622640609741
0 323 2 13741 23053 43480 5.918404817581177
0 323 2 14439 23053 43480 5.890740871429443
1 325 0 21482 23544 43480 5.872929096221924
1 325 0 22265 23544 43480 6.835614204406738
1 325 0 21176 23544 43480 6.01596999168396
1 325 0 21806 23544 43480 6.720406532287598
1 325 0 20846 23544 43480 6.1020519733428955
1 325 0 22035 23544 43480 6.800699234008789
0 324 1 17651 23544 43480 6.106342077255249
1 325 0 21965 23544 43480 6.840780973434448
0 324 1 14827 23544 43480 5.689486503601074
0 324 1 18406 23544 43480 5.826844215393066
1 325 0 20900 21536 43480 5.834719181060791
0 323 2 17694 21536 43480 5.836549520492554
0 324 1 9332 21536 43480 5.824628114700317
0 324 1 9144 21536 43480 5.882357358932495
0 323 2 13887 21536 43480 5.807286262512207
1 325 0 20563 21536 43480 5.796892166137695
0 322 3 14448 21536 43480 5.8606274127960205
0 323 2 10822 21536 43480 6.936952114105225
0 324 1 10676 21536 43480 5.91041898727417
0 324 1 18248 21536 43480 6.970118284225464
1 325 0 21272 22393 43480 5.93726658821106
0 324 1 16501 22393 43480 6.804883718490601
0 323 2 14387 22393 43480 6.310797214508057
0 324 1 16930 22393 43480 6.7036638259887695
1 325 0 19597 22393 43480 5.713392019271851
0 324 1 16151 22393 43480 5.804767847061157
1 325 0 22206 22393 43480 5.887138605117798
0 324 1 19556 22393 43480 5.859836101531982
1 325 0 22206 22393 43480 5.734974145889282
0 324 1 19518 22393 43480 5.780198335647583
0 324 1 20110 23566 43480 6.9926698207855225
0 324 1 12772 23566 43480 5.6464409828186035
0 324 1 12581 23566 43480 5.816627502441406
0 324 1 12873 23566 43480 5.782935380935669
0 324 1 16021 23566 43480 5.845408916473389
0 324 1 13936 23566 43480 6.980205774307251
0 324 1 16269 23566 43480 5.7938315868377686
0 324 1 12384 23566 43480 6.905616521835327
0 324 1 13266 23566 43480 5.8253679275512695
0 324 1 18060 23566 43480 5.70607590675354
0 324 1 20319 26957 43480 5.833476781845093
0 323 2 24878 26957 43480 6.049323320388794
0 323 2 21637 26957 43480 6.775660037994385
0 324 1 21328 26957 43480 5.880367755889893
0 324 1 18974 26957 43480 6.783706426620483
0 322 3 13369 26957 43480 6.0970635414123535
0 323 2 19311 26957 43480 6.684534549713135
0 323 2 19995 26957 43480 5.954763650894165
0 324 1 21601 26957 43480 6.9458067417144775
1 325 0 24230 26957 43480 6.127808094024658
1 325 0 20236 21480 43480 6.575822591781616
1 325 0 20723 21480 43480 6.034499168395996
1 325 0 15616 21480 43480 6.575310945510864
0 324 1 15954 21480 43480 5.903624057769775
1 325 0 20438 21480 43480 6.679567098617554
0 324 1 15177 21480 43480 5.732801675796509
1 325 0 20178 21480 43480 6.858617544174194
0 324 1 16222 21480 43480 5.699673891067505
1 325 0 20274 21480 43480 6.90818190574646
1 325 0 19894 21480 43480 5.779904365539551
0 324 1 21157 27949 43480 6.977487564086914
0 324 1 16035 27949 43480 5.795077800750732
0 324 1 23176 27949 43480 6.924610614776611
0 324 1 17082 27949 43480 5.826233625411987
0 324 1 19806 27949 43480 5.832369327545166
0 324 1 24089 27949 43480 5.728595733642578
0 324 1 13320 27949 43480 5.821183919906616
0 324 1 25811 27949 43480 6.878982305526733
0 324 1 15331 27949 43480 5.805397987365723
0 324 1 22166 27949 43480 6.964350700378418
1 325 0 24803 26644 43480 5.746015548706055
1 325 0 25226 26644 43480 6.87345814704895
1 325 0 25315 26644 43480 5.786019802093506
1 325 0 24809 26644 43480 7.062677621841431
1 325 0 24029 26644 43480 5.804572820663452
0 324 1 21240 26644 43480 6.855790853500366
1 325 0 26012 26644 43480 5.782191038131714
1 325 0 25356 26644 43480 5.670760869979858
1 325 0 25369 26644 43480 5.679250955581665
1 325 0 22347 26644 43480 5.728973150253296
0 324 1 19655 22468 43480 5.786642074584961
1 325 0 22167 22468 43480 5.886186361312866
0 324 1 20858 22468 43480 5.6914825439453125
1 325 0 21731 22468 43480 6.854170560836792
0 324 1 18012 22468 43480 5.874864101409912
0 324 1 19688 22468 43480 6.879352807998657
0 324 1 19338 22468 43480 5.779834985733032
0 324 1 17189 22468 43480 6.918519735336304
0 324 1 19052 22468 43480 5.746098518371582
0 324 1 19705 22468 43480 6.954698324203491
1 325 0 18472 19881 43480 5.899990797042847
1 325 0 19246 19881 43480 6.837864398956299
0 324 1 13914 19881 43480 5.696608781814575
0 324 1 16591 19881 43480 7.019247055053711
1 325 0 19170 19881 43480 5.92856764793396
0 324 1 14093 19881 43480 7.044204950332642
0 324 1 12556 19881 43480 5.849001169204712
1 325 0 19286 19881 43480 6.797923803329468
1 325 0 18963 19881 43480 5.760299921035767
1 325 0 18866 19881 43480 7.091916561126709
0 323 2 12361 23468 43480 5.6997034549713135
1 325 0 23149 23468 43480 6.930766820907593
0 324 1 18829 23468 43480 5.731476306915283
1 325 0 23042 23468 43480 5.77011251449585
0 324 1 14963 23468 43480 5.7817182540893555
0 324 1 16622 23468 43480 5.831578254699707
0 323 2 12165 23468 43480 7.061284780502319
0 324 1 12944 23468 43480 5.897357225418091
0 323 2 18715 23468 43480 6.89945650100708
0 324 1 12592 23468 43480 5.828311204910278
0 324 1 10896 18847 43480 6.7386651039123535
0 324 1 15828 18847 43480 5.705387353897095
0 324 1 10669 18847 43480 7.016092300415039
0 324 1 11003 18847 43480 5.805781364440918
0 324 1 14481 18847 43480 6.938938856124878
0 324 1 12132 18847 43480 5.702706575393677
0 324 1 16501 18847 43480 5.791600942611694
0 324 1 15824 18847 43480 5.76145339012146
0 324 1 13586 18847 43480 5.94748067855835
0 324 1 16839 18847 43480 6.818287372589111
0 323 2 20198 25239 43480 5.871182441711426
0 323 2 14482 25239 43480 6.8876566886901855
0 324 1 15495 25239 43480 6.0005409717559814
0 324 1 14485 25239 43480 6.964753150939941
0 324 1 18182 25239 43480 5.931149005889893
0 323 2 14484 25239 43480 6.774267673492432
0 324 1 15829 25239 43480 5.785314321517944
0 324 1 16505 25239 43480 6.88702130317688
0 323 2 12466 25239 43480 6.11866307258606
0 323 2 14145 25239 43480 6.837412357330322
0 324 1 22242 26636 43480 6.019942998886108
0 323 2 16081 26636 43480 6.717592477798462
0 324 1 17046 26636 43480 5.626787900924683
1 325 0 18334 26636 43480 5.873366594314575
1 325 0 26083 26636 43480 5.817818880081177
0 324 1 17373 26636 43480 5.78127646446228
1 325 0 17928 26636 43480 5.754495620727539
0 324 1 20983 26636 43480 5.935896158218384
0 324 1 13927 26636 43480 5.8141188621521
0 324 1 23488 26636 43480 5.756476879119873
1 325 0 20696 21982 43480 5.93246054649353
1 325 0 19310 21982 43480 6.884449005126953
1 325 0 20741 21982 43480 5.9362194538116455
1 325 0 19245 21982 43480 7.000422239303589
1 325 0 16548 21982 43480 5.846086263656616
0 324 1 16422 21982 43480 6.972898483276367
0 324 1 17434 21982 43480 6.002457141876221
0 324 1 14761 21982 43480 6.8410162925720215
1 325 0 21412 21982 43480 5.82131028175354
0 324 1 14726 21982 43480 6.852867364883423
0 324 1 14532 21274 43480 5.88421106338501
1 325 0 20432 21274 43480 6.9076316356658936
1 325 0 20455 21274 43480 5.873795032501221
1 325 0 20490 21274 43480 6.74722957611084
1 325 0 18651 21274 43480 5.693192958831787
0 324 1 17160 21274 43480 7.151243209838867
1 325 0 19786 21274 43480 5.723600149154663
1 325 0 20778 21274 43480 6.9330713748931885
1 325 0 17241 21274 43480 5.71667742729187
0 324 1 18171 21274 43480 7.102883815765381
1 325 0 25036 25036 43480 5.950375556945801
0 324 1 17731 25036 43480 5.74994421005249
0 324 1 17287 25036 43480 5.874295949935913
0 323 2 15965 25036 43480 5.8839287757873535
0 324 1 18707 25036 43480 5.85385799407959
0 323 2 19993 25036 43480 5.884219646453857
0 324 1 21910 25036 43480 6.278937816619873
0 324 1 18646 25036 43480 6.1100685596466064
0 324 1 21705 25036 43480 5.963760614395142
0 323 2 18427 25036 43480 5.870021104812622
0 324 1 15019 29209 43480 5.9151811599731445
0 324 1 20533 29209 43480 5.88287615776062
0 324 1 23546 29209 43480 5.887776851654053
0 324 1 24728 29209 43480 5.935015439987183
0 324 1 21692 29209 43480 5.955796003341675
0 324 1 21136 29209 43480 6.086494207382202
0 324 1 19188 29209 43480 7.093948841094971
0 324 1 18574 29209 43480 5.735772609710693
0 324 1 20232 29209 43480 7.015540361404419
0 324 1 19035 29209 43480 5.667764663696289
0 324 1 25042 29616 43480 5.739645481109619
0 324 1 21544 29616 43480 5.716904401779175
0 324 1 15154 29616 43480 5.912925481796265
0 324 1 23493 29616 43480 6.974891185760498
0 323 2 14822 29616 43480 5.914295673370361
0 323 2 15658 29616 43480 6.922295808792114
1 325 0 28538 29616 43480 6.042997360229492
0 323 2 15150 29616 43480 6.8278162479400635
0 323 2 21679 29616 43480 6.067405939102173
0 324 1 18113 29616 43480 6.725261688232422
1 325 0 21582 23116 43480 6.06784725189209
1 325 0 22833 23116 43480 6.708490610122681
0 323 2 15133 23116 43480 6.059224843978882
0 324 1 18586 23116 43480 6.831064224243164
1 325 0 20754 23116 43480 5.6925389766693115
0 324 1 19023 23116 43480 5.758150339126587
1 325 0 21071 23116 43480 5.777008533477783
0 324 1 18843 23116 43480 5.6758177280426025
1 325 0 22101 23116 43480 5.76017951965332
1 325 0 21859 23116 43480 5.747745513916016
0 323 2 15463 21962 43480 5.866354703903198
1 325 0 19703 21962 43480 5.841923236846924
0 324 1 15626 21962 43480 5.838969945907593
1 325 0 21063 21962 43480 6.989975690841675
1 325 0 21287 21962 43480 5.79392409324646
0 324 1 18911 21962 43480 7.157165765762329
0 324 1 16423 21962 43480 5.717190504074097
0 324 1 15432 21962 43480 7.02343487739563
1 325 0 21962 21962 43480 5.722872257232666
0 324 1 16980 21962 43480 7.128875494003296
1 325 0 18376 22554 43480 5.775613784790039
1 325 0 20753 22554 43480 6.999098777770996
1 325 0 21228 22554 43480 5.746336936950684
1 325 0 21801 22554 43480 5.746384859085083
1 325 0 22090 22554 43480 5.870429039001465
1 325 0 20809 22554 43480 6.102754354476929
1 325 0 18472 22554 43480 6.686483860015869
1 325 0 20380 22554 43480 5.867624521255493
0 324 1 20968 22554 43480 5.849098205566406
1 325 0 18805 22554 43480 5.767554044723511
